sst_total_02_2017_ano.22
   15   15   14   14   13   12   12   12   11   10   10    9    9
    9    9    8   11   14   14   13   11    5    2   -29999899998
999989999899998999989999899998999989999899998999989999899998
   12   12   12   11   11   10   10   10   10    9    9    8    9
    8    8    8   10   11   11   11    8    4    1999989999899998
999989999899998999989999899998999989999899998999989999899998
   10   10    9   10    9    8    8    9    8    8    8    8    7
    8    8    7    8    8    8    8    6    3    1999989999899998
999989999899998999989999899998999989999899998999989999899998
    9    9    8    8    8    7    7    7    7    7    6    7    8
    8    8    6    6    6    6    5    3    299998999989999899998
999989999899998999989999899998999989999899998999989999899998
   10    9    8    7    7    6    6    5    5    6    6    7    8
    8    8    5    4    3    2    1   -1   -299998999989999899998
999989999899998999989999899998999989999899998999989999899998
   11   10    9    7    5    4    4    4    4    4    4    6    7
    8    7    4    2    0   -2   -4   -6   -899998999989999899998
999989999899998999989999899998999989999899998999989999899998
   13   11   10    7    4    2    2    1    1    2    3    4    6
    7    6    2   -1   -3   -6   -9  -11  -1299998999989999899998
999989999899998999989999899998999989999899998999989999899998
   14   11    9    6    4    1    0   -1   -1    0    1    3    6
    6    5    2   -2   -5   -8  -12  -12  -1299998999989999899998
999989999899998999989999899998999989999899998999989999899998
   14   11    9    6    3    1   -1   -2   -2   -1   -1    1    4
    5    4    2   -2   -5   -9  -11  -10   -899998999989999899998
999989999899998999989999899998999989999899998999989999899998
   10    9    8    6    3    1   -2   -3   -3   -2   -1    0    2
    4    3    2   -2   -4   -6   -9   -8   -5   -3999989999899998
999989999899998999989999899998999989999899998999989999899998
    8    8    7    6    4    1   -1   -3   -3   -2   -2   -1    1
    2    2    2    1   -1   -4   -6   -6   -3    0    69999899998
999989999899998999989999899998999989999899998999989999899998
99998    7    6    5    4    3    0   -2   -2   -2   -1    0    1
    2    3    3    4    2    1   -2   -4   -2    2    8   1699998
999989999899998999989999899998999989999899998999989999899998
99998999989999899998    4    3    2    1    0   -1    0    1    3
    4    5    6    6    6    4    1   -1    0    2    7   13   17
   18   16   14   13   10    9    9    8    9999989999899998
9999899998999989999899998    3    3    2    2    2    1    3    4
    6    8    8    9    9    7    4    2    2    2    5    9   12
   13   12   11   10    9    8    7    7    7999989999899998
9999899998999989999899998    4    3    2    2    2    2    3    4
    6    8    9   10   10    8    6    4    4    3    3    5    7
    8    8    8    8    7    7    5    6    5999989999899998
999989999899998999989999899998    3    2    1    0    1    1    2
    4    6    8    9    9    7    6    5    3    2    2    1    2
    4    5    6    6    6    5    5    5    4999989999899998
9999899998999989999899998999989999899998   -1   -1   -2   -1   -1
    0    3    5    6    6    5    4    3    1   -1   -1   -2   -2
   -1    1    3    5    6    5    6    4    5999989999899998
9999899998999989999899998999989999899998999989999899998   -4   -4
   -2   -1    1    2    2    1    1    0   -2   -3   -4   -4   -6
   -5   -4   -1    3    6    7    7    6    4    49999899998
999989999899998999989999899998999989999899998999989999899998   -4
   -4   -3   -2   -1   -3   -4   -3   -4   -4   -4   -4   -5   -6
   -8   -6   -3    2    6    9    8    7    5    4    499998
999989999899998999989999899998999989999899998999989999899998   -3
   -4   -4   -3   -4   -5   -7   -7   -7   -5   -4   -4   -5   -7
   -7   -8   -4    1    5    8    9    7    6    4    399998
9999899998999989999899998999989999899998999989999899998    1   -1
   -2   -3   -2   -4   -5   -8   -9   -9   -6   -4   -3   -4   -6
   -7   -8   -5    0    3    5    6    6    5    3    199998
99998999989999899998999989999899998999989999899998    3    1    1
    0   -1   -1   -2   -4   -6   -8   -9   -6   -3   -1   -2   -4
   -6   -7   -5   -2    0    2    3    3    1    1   -199998
99998999989999899998999989999899998999989999899998    3    2    2
    2    2    2    1    0   -1   -3   -5   -3   -1    0    0   -2
   -4   -4   -4   -3   -2   -1   -1   -1   -2   -2   -299998
99998999989999899998999989999899998999989999899998    3    3    3
    4    5    4    4    3    3    2    1   -1    0    1    1   -1
   -2   -1   -2   -2   -2   -3   -3   -5   -5   -59999899998
99998999989999899998999989999899998999989999899998    3    3    5
    5    6    7    7    6    6    6    5    4    2    2    2    2
    1    1    1   -1   -2   -3   -5   -7   -8   -8   -999998
