sst_total_04_2016_ano.22
   12   11   10    9    8    7    7    7    6    6    6    4    3
    3    4    5    7    8    9    9    8    8    9    99999899998
999989999899998999989999899998999989999899998999989999899998
   11   10    9    8    6    5    5    5    5    4    4    4    3
    3    5    6    8    8    9    8    7    7    7999989999899998
999989999899998999989999899998999989999899998999989999899998
   10    8    8    6    5    4    3    3    3    4    3    3    2
    4    5    7    8    9    8    6    5    5    6999989999899998
999989999899998999989999899998999989999899998999989999899998
    9    8    7    5    4    2    2    2    3    3    4    3    3
    4    6    8    9    9    7    4    2    299998999989999899998
999989999899998999989999899998999989999899998999989999899998
    8    6    6    4    3    1    1    1    2    3    4    4    4
    5    7    9   10    9    5    1   -1   -399998999989999899998
999989999899998999989999899998999989999899998999989999899998
    5    5    4    3    2    1    0    1    2    3    4    4    4
    5    7    9    9    8    3   -2   -5   -899998999989999899998
999989999899998999989999899998999989999899998999989999899998
    3    3    4    3    2    1    1    1    2    4    4    4    5
    6    7    8    8    7    3   -2   -7  -1099998999989999899998
999989999899998999989999899998999989999899998999989999899998
    3    3    3    3    2    2    2    3    4    5    5    6    6
    7    7    7    8    6    4   -1   -4   -699998999989999899998
999989999899998999989999899998999989999899998999989999899998
    3    4    4    4    4    3    4    5    6    7    7    8    8
    7    7    7    7    7    5    2    1    199998999989999899998
999989999899998999989999899998999989999899998999989999899998
    4    5    5    5    5    5    5    6    8    8    9    9    8
    8    7    7    7    7    5    4    4    6    5999989999899998
999989999899998999989999899998999989999899998999989999899998
    5    5    5    6    5    5    6    6    8    9    9    9    9
    9    8    7    7    7    6    5    5    7    8    99999899998
999989999899998999989999899998999989999899998999989999899998
99998    5    4    4    4    5    6    7    7    8    8    9    9
    9    9    8    8    7    6    5    4    6    7   10   1099998
999989999899998999989999899998999989999899998999989999899998
99998999989999899998    3    4    5    6    6    7    8    8    9
    9   10   10    9    7    6    5    3    4    6    8    9    9
    4    0   -5  -11  -15  -17  -17  -15  -11999989999899998
9999899998999989999899998    2    3    4    5    5    6    8    9
    9   10   10    9    7    6    4    3    4    5    6    7    7
    6    3    1   -2   -6   -6   -6   -5   -3999989999899998
9999899998999989999899998    0    1    2    3    4    5    6    8
    9    9    9    8    7    5    2    1    2    3    4    6    7
    7    7    6    6    4    3    3    3    1999989999899998
999989999899998999989999899998    0    1    1    2    3    5    6
    8    9    8    7    6    5    2    0    0    1    3    6    7
    9   10   10   12   12   11    9    6    4999989999899998
9999899998999989999899998999989999899998    1    2    3    4    5
    7    8    7    7    6    4    2    0    0    1    3    6    8
   10   11   13   15   16   14   12    9    7999989999899998
9999899998999989999899998999989999899998999989999899998    4    5
    6    7    6    6    5    4    3    1    1    2    4    6    9
   11   12   14   15   16   15   13   10    9   119999899998
999989999899998999989999899998999989999899998999989999899998    5
    5    6    5    5    5    4    3    1    1    2    4    7   10
   13   14   14   14   14   14   12   11   11   13   1699998
999989999899998999989999899998999989999899998999989999899998    4
    4    4    5    4    3    2    1    1    1    2    5    8   12
   13   15   13   13   11   11    9    9   11   12   1599998
9999899998999989999899998999989999899998999989999899998    6    5
    5    4    3    2    2    1    0   -1    0    2    4    8   11
   13   14   13   11    9    8    7    7    8    8    999998
99998999989999899998999989999899998999989999899998    9    7    7
    5    4    3    1    1    0   -1   -1   -1    1    4    7   10
   12   13   13   11    9    7    6    5    4    4    499998
99998999989999899998999989999899998999989999899998   11    9    9
    7    5    3    1    1   -1   -1   -1   -1    1    2    5    7
    9   10   11   11    9    7    5    3    4    4    699998
99998999989999899998999989999899998999989999899998   13   12   11
    9    7    5    2    1    0    0   -1    0    0    2    3    5
    6    8    9   10   10    7    4    2    3    69999899998
99998999989999899998999989999899998999989999899998   16   15   14
   12    9    6    4    1    1    0   -1    0    0    1    1    2
    4    6    8    9   10    7    4    2    3    7   1099998
