sst_total_05_2016_ano.22
   15   14   13   11    9    8    7    7    7    8    7    6    5
    5    5    5    6    8    9   10    9   11   13   159999899998
999989999899998999989999899998999989999899998999989999899998
   12   12   11    9    7    6    6    6    7    7    7    7    6
    6    6    6    7    8    9    9   10   11   13999989999899998
999989999899998999989999899998999989999899998999989999899998
   10    9    8    7    6    4    5    6    7    8    7    6    6
    7    7    7    8    9   10   10   10   11   12999989999899998
999989999899998999989999899998999989999899998999989999899998
    9    8    7    5    4    3    5    6    7    8    8    8    8
    8    7    7    9   10   10   10    9   1099998999989999899998
999989999899998999989999899998999989999899998999989999899998
    8    7    6    5    4    3    4    6    7    8    8    8    8
    8    8    8   10   10    9    8    7    599998999989999899998
999989999899998999989999899998999989999899998999989999899998
    8    7    6    5    4    3    4    6    7    8    7    7    7
    7    8    8    9    9    8    5    2   -199998999989999899998
999989999899998999989999899998999989999899998999989999899998
    9    8    7    6    4    3    5    6    7    7    7    5    6
    6    7    7    8    8    6    2   -4   -899998999989999899998
999989999899998999989999899998999989999899998999989999899998
    9    8    6    5    5    4    5    6    7    7    7    5    5
    6    7    7    8    8    5    0   -6  -1199998999989999899998
999989999899998999989999899998999989999899998999989999899998
    7    7    6    6    6    5    6    7    7    7    7    7    7
    7    8    7    8    8    5   -1   -7  -1099998999989999899998
999989999899998999989999899998999989999899998999989999899998
    5    5    6    6    7    6    6    7    7    8    8    7    8
    8    8    8    8    8    5    0   -5   -6   -5999989999899998
999989999899998999989999899998999989999899998999989999899998
    2    4    5    7    7    7    6    7    7    8    8    9    9
    9    9    9    9    8    6    2   -1   -2   -1    29999899998
999989999899998999989999899998999989999899998999989999899998
99998    4    6    7    8    8    7    7    8    8    9   10   10
   10   10    9    9    8    7    6    2    2    2    4    699998
999989999899998999989999899998999989999899998999989999899998
99998999989999899998    9    9    8    8    8    8    9    9   10
   10   10    9    9    8    7    6    5    4    3    4    5    7
    8    7    6    6    5    7    8    8   10999989999899998
9999899998999989999899998   10    9    8    7    7    8    9    9
    9    9    8    8    7    6    4    3    3    1    1    3    5
    7    7    6    5    5    6    6    7    7999989999899998
9999899998999989999899998   11    9    7    6    6    7    7    7
    8    7    7    6    5    3    1    1    0    0   -1    1    5
    7    7    5    4    4    5    6    6    5999989999899998
999989999899998999989999899998    8    6    5    4    5    5    6
    6    6    5    4    3    0   -1   -2   -2   -1   -1    2    5
    7    7    5    4    4    5    6    6    5999989999899998
9999899998999989999899998999989999899998    4    4    4    5    5
    5    4    4    2    1    0   -2   -2   -2   -1    0    2    5
    6    5    4    2    3    4    7    7    6999989999899998
9999899998999989999899998999989999899998999989999899998    4    5
    5    3    2    1    0    0   -1   -1    0    1    2    3    5
    6    5    3    2    2    5    7    6    4    29999899998
999989999899998999989999899998999989999899998999989999899998    4
    4    3    3    2    1    2    2    2    2    3    4    5    6
    6    5    4    3    3    6    7    6    3    0   -399998
999989999899998999989999899998999989999899998999989999899998    5
    4    4    2    2    2    3    4    5    5    5    6    6    7
    6    5    5    6    6    7    8    5    2   -1   -599998
9999899998999989999899998999989999899998999989999899998    6    5
    4    4    3    3    3    3    4    5    7    7    6    5    5
    4    4    5    6    6    7    7    5    1   -3   -899998
99998999989999899998999989999899998999989999899998    8    6    6
    4    4    3    3    2    2    3    4    5    6    5    4    3
    2    3    4    5    6    6    6    5    1   -3   -699998
99998999989999899998999989999899998999989999899998   10    8    7
    6    5    3    2    1    1    2    3    3    4    4    4    2
    2    2    4    5    6    6    5    3    2    1    099998
99998999989999899998999989999899998999989999899998   12   11    9
    7    6    4    1    0    0    0    1    2    3    3    3    3
    2    3    4    6    7    7    4    2    3    59999899998
99998999989999899998999989999899998999989999899998   15   13   12
    9    7    5    2   -1   -1   -1    1    2    3    4    4    4
    4    4    5    7    9    7    5    3    2    5    899998
