sst_total_02_2015_ano.22
   13   14   14   13   12   11    9    6    6    4    4    3    2
    1    0   -2   -2   -3   -3   -3   -3   -3   -2   -19999899998
999989999899998999989999899998999989999899998999989999899998
   11   13   13   12   11    9    6    4    4    2    1    1    1
    0   -1   -2   -3   -3   -4   -4   -4   -3   -2999989999899998
999989999899998999989999899998999989999899998999989999899998
   11   11   11   10    8    7    5    3    1    0    0   -1   -1
   -1   -1   -2   -3   -4   -5   -5   -4   -3   -2999989999899998
999989999899998999989999899998999989999899998999989999899998
   11   11   10    9    7    6    4    2    1   -1   -2   -1   -1
   -1   -1   -2   -3   -4   -5   -5   -5   -499998999989999899998
999989999899998999989999899998999989999899998999989999899998
   11   10    9    8    6    5    3    1    0    0   -1   -1   -1
    0    0   -1   -4   -5   -6   -6   -6   -599998999989999899998
999989999899998999989999899998999989999899998999989999899998
   11   10    9    7    6    4    3    2    1    0   -1    0    0
    1    1   -1   -4   -5   -6   -7   -7   -699998999989999899998
999989999899998999989999899998999989999899998999989999899998
   11    9    9    7    5    5    4    3    1    0   -1    0    0
    1    0   -2   -3   -5   -6   -7   -7   -699998999989999899998
999989999899998999989999899998999989999899998999989999899998
   11    9    8    6    6    5    4    3    1    0    0    0    0
    0    0   -2   -3   -4   -5   -6   -6   -499998999989999899998
999989999899998999989999899998999989999899998999989999899998
   11    9    7    6    5    4    3    2    0    0    0    0    1
    1    0   -2   -2   -3   -4   -5   -4   -299998999989999899998
999989999899998999989999899998999989999899998999989999899998
    9    7    5    4    3    3    2    0    0    0    1    1    1
    1    0   -1   -1   -1   -2   -4   -3   -1   -1999989999899998
999989999899998999989999899998999989999899998999989999899998
    8    6    5    3    2    2    1   -1   -1    0    1    2    2
    1    1    0    0    0   -1   -2   -1    0    1    29999899998
999989999899998999989999899998999989999899998999989999899998
99998    6    4    3    2    2    1    0   -1    0    2    2    3
    2    1    1    2    1    1    1    1    1    2    4    699998
999989999899998999989999899998999989999899998999989999899998
99998999989999899998    3    4    4    3    1    1    2    4    4
    3    2    1    1    1    3    3    3    3    4    4    5    6
    7    6    5    7    8    8   10   10   10999989999899998
9999899998999989999899998    8    7    6    5    4    3    3    4
    3    2    1    0    1    3    4    4    5    4    4    4    4
    4    3    2    4    6    8    9    9    9999989999899998
9999899998999989999899998   12   11    9    8    5    4    3    2
    2    1    0    0    0    1    3    3    4    4    3    3    4
    3    1    1    2    5    8    9    9    9999989999899998
999989999899998999989999899998   15   12    9    6    4    1    0
    0   -1   -1   -2    0    1    2    2    2    3    3    3    4
    2    0    0    1    4    7    9    9    8999989999899998
9999899998999989999899998999989999899998    9    5    2   -1   -2
   -2   -2   -2   -1    1    2    2    2    1    1    2    3    3
    1    0   -1    1    5    7    9    8    7999989999899998
9999899998999989999899998999989999899998999989999899998   -3   -4
   -3   -2   -2    1    3    5    6    5    4    3    2    3    3
    1    0    0    2    5    8    8    8    7    69999899998
999989999899998999989999899998999989999899998999989999899998   -4
   -3   -2   -1    2    3    6    8    7    6    5    4    3    3
    2    1    2    3    6    8    7    7    6    5    599998
999989999899998999989999899998999989999899998999989999899998   -3
   -2   -1    0    2    4    6    7    8    8    6    5    3    2
    3    2    2    4    5    7    7    6    6    6    699998
9999899998999989999899998999989999899998999989999899998   -1   -1
   -1    0    1    2    4    6    8    8    8    7    6    5    4
    3    3    3    4    5    6    6    6    7    5    599998
99998999989999899998999989999899998999989999899998   -1    0    1
    2    2    2    3    5    7    8    8    7    8    8    7    6
    5    4    4    5    5    6    6    6    4    3    199998
99998999989999899998999989999899998999989999899998    0    2    3
    5    5    5    6    7    9    9    8    8    8    9    9    8
    7    7    6    6    6    7    7    5    1    0   -399998
99998999989999899998999989999899998999989999899998    2    4    6
    7    9    9    9   10   11   11   10    9    9   10   10    9
    8    9    9    9    8    8    7    3   -1   -49999899998
99998999989999899998999989999899998999989999899998    4    6    8
    9   11   12   12   13   13   12   11   10   10   11   11   10
   10   10   11   11   10   10    8    3   -3   -9  -1599998
