sst_total_12_2017_ano.22
   17   15   14   13   12   11    8    5    3    2    2    4    6
    7    7    6    4    2    2    1    2    6    9   139999899998
999989999899998999989999899998999989999899998999989999899998
   15   13   12   11   10    9    7    5    3    3    4    6    7
    8    7    7    4    1    0   -1    0    3    7999989999899998
999989999899998999989999899998999989999899998999989999899998
   12   11   10    9    8    8    6    4    4    4    5    7    9
   10   10    9    4    0   -3   -3   -1    3    6999989999899998
999989999899998999989999899998999989999899998999989999899998
   11   10   10    9    8    7    6    5    6    7    8    9   11
   12   11   10    5    1   -3   -3   -1    399998999989999899998
999989999899998999989999899998999989999899998999989999899998
    9   10    9    9    9    8    8    7    8    9    9   10   11
   10   10    8    4    0   -2   -2    0    499998999989999899998
999989999899998999989999899998999989999899998999989999899998
    8    9    9    9    9   10   10   10   10   10   10   10   10
    9    8    5    2   -1   -2   -1    1    499998999989999899998
999989999899998999989999899998999989999899998999989999899998
    6    8    9    9   10   11   12   12   13   12   11   10    9
    8    5    2   -1   -2   -1    0    3    799998999989999899998
999989999899998999989999899998999989999899998999989999899998
    5    6    7    9   11   12   14   14   14   13   12   10    9
    7    4    0   -1   -2   -1    2    6   1299998999989999899998
999989999899998999989999899998999989999899998999989999899998
    4    5    5    7   10   11   14   15   15   14   12   10    8
    6    4    0   -1   -1    1    4    9   1599998999989999899998
999989999899998999989999899998999989999899998999989999899998
    3    3    4    6    8    9   12   13   15   13   12   11    9
    7    4    2    0    0    2    5    9   15   18999989999899998
999989999899998999989999899998999989999899998999989999899998
    2    2    3    4    5    6    8   11   12   13   13   12   10
    7    4    2    2    1    3    6    9   12   16   179999899998
999989999899998999989999899998999989999899998999989999899998
99998    1    2    2    2    3    5    8   10   12   13   11    9
    7    4    2    2    2    4    6    8   10   12   14   1499998
999989999899998999989999899998999989999899998999989999899998
99998999989999899998    2    2    4    6    8   10   11   10    8
    6    4    2    2    2    3    4    6    8    9   10   11   11
   11   11   11   10    8    7    6    6    6999989999899998
9999899998999989999899998    2    3    4    5    7    8    8    7
    5    4    3    2    3    3    4    4    5    6    7    8    9
   10   10   10    9    8    6    6    7    6999989999899998
9999899998999989999899998    3    3    3    4    4    5    5    5
    5    5    5    4    4    3    3    3    4    4    5    6    7
    9    9    9    8    7    7    7    7    7999989999899998
999989999899998999989999899998    4    2    2    2    3    3    5
    5    6    6    5    5    4    3    2    2    3    4    4    6
    8    8    8    8    8    8    8    8    7999989999899998
9999899998999989999899998999989999899998    0    0    1    2    3
    5    7    7    7    6    5    4    2    2    3    3    4    5
    6    6    5    6    6    8    8    8    6999989999899998
9999899998999989999899998999989999899998999989999899998    1    3
    5    6    7    7    7    6    5    3    2    3    2    3    3
    4    3    3    3    4    6    9    7    6    59999899998
999989999899998999989999899998999989999899998999989999899998    2
    4    5    5    6    7    7    6    6    4    3    3    3    3
    2    1    1    1    1    4    7    7    6    6    599998
999989999899998999989999899998999989999899998999989999899998    2
    3    3    4    5    5    6    7    6    4    3    4    4    3
    1   -1   -1   -2   -1    2    5    6    7    8    999998
9999899998999989999899998999989999899998999989999899998    1    2
    2    3    3    4    4    5    6    5    4    4    4    4    3
    0   -1   -3   -4   -3    0    3    6    9   10   1299998
99998999989999899998999989999899998999989999899998    0    1    1
    2    3    3    3    4    4    4    3    3    3    4    3    2
    1   -2   -3   -5   -5   -3    0    4    8   11   1499998
99998999989999899998999989999899998999989999899998    0    0    1
    2    3    3    3    3    2    2    2    2    3    3    2    1
    0   -1   -3   -5   -5   -5   -4    0    5   11   1599998
99998999989999899998999989999899998999989999899998    0    0    1
    3    4    4    3    2    1    0   -1    0    1    1    0    0
   -1   -1   -3   -4   -5   -7   -7   -4    2    89999899998
99998999989999899998999989999899998999989999899998    0    1    2
    3    4    4    3    1    0   -2   -2   -2   -2   -1   -2   -2
   -2   -2   -3   -3   -4   -8   -9   -8   -3    4   1099998
