sst_total_01_2015_ano.22
   16   15   14   14   13   11    9    7    6    5    4    3    1
   -1   -3   -4   -3   -2   -1    1    2    2    3    39999899998
999989999899998999989999899998999989999899998999989999899998
   14   14   13   12   10    9    7    5    4    3    2    1    1
   -1   -2   -3   -2   -2    0    1    2    2    3999989999899998
999989999899998999989999899998999989999899998999989999899998
   12   11   10    9    8    7    5    3    2    1    1    0   -1
   -1   -1   -1   -1    0    1    2    3    3    3999989999899998
999989999899998999989999899998999989999899998999989999899998
   11   10    8    7    6    5    4    2    1    0   -1   -1   -1
    0    0    0    1    2    3    3    3    499998999989999899998
999989999899998999989999899998999989999899998999989999899998
   10    8    7    6    5    4    3    2    1    0   -1   -1   -2
   -1    0    1    2    3    2    3    3    199998999989999899998
999989999899998999989999899998999989999899998999989999899998
    8    7    5    5    4    4    3    2    1    0   -1   -1   -2
   -2   -1    0    1    2    1    0    0    099998999989999899998
999989999899998999989999899998999989999899998999989999899998
    7    6    5    4    4    4    3    2    1    1    0   -1   -2
   -2   -2   -2   -1   -1   -1   -2   -2   -199998999989999899998
999989999899998999989999899998999989999899998999989999899998
    8    7    5    4    4    3    3    3    2    2    2    1    0
   -1   -2   -2   -2   -2   -3   -3   -2    099998999989999899998
999989999899998999989999899998999989999899998999989999899998
    8    7    5    4    3    3    2    2    3    3    3    2    2
    1   -1   -2   -2   -2   -3   -3    0    299998999989999899998
999989999899998999989999899998999989999899998999989999899998
    8    6    5    4    3    2    1    1    2    3    3    3    4
    3    2    0    0   -1   -1   -1    1    4    4999989999899998
999989999899998999989999899998999989999899998999989999899998
    8    6    5    4    2    1    1    1    2    2    2    3    5
    6    4    3    1    1    2    2    3    5    5    59999899998
999989999899998999989999899998999989999899998999989999899998
99998    5    4    2    1    1    1    0    0    0    1    4    6
    7    7    5    4    4    6    7    8    7    7    7    899998
999989999899998999989999899998999989999899998999989999899998
99998999989999899998    1    1    1    1    0   -1   -1    2    4
    8    8    7    7    8   10   13   13   12   10    8    8    8
    8    6    4    4    5    6    6    6    5999989999899998
9999899998999989999899998    1    1    0    0   -1   -1    0    4
    7    9    9   10   13   15   18   18   15   10    7    7    7
    5    2    0    1    4    6    7    7    7999989999899998
9999899998999989999899998    1    1    0    0   -1   -1    0    3
    6    9   10   14   17   19   21   19   12    7    6    5    6
    3    0   -2   -2    2    5    8    9    8999989999899998
999989999899998999989999899998    1    0   -1   -2   -2   -1    1
    5    9   11   15   18   19   17   13    6    3    3    4    5
    2   -2   -4   -3    1    6    9   10   10999989999899998
9999899998999989999899998999989999899998   -2   -2   -3   -2    0
    4    7   10   12   14   13    9    5    1    0    0    1    3
    1   -3   -5   -4    0    5    9   10   11999989999899998
9999899998999989999899998999989999899998999989999899998   -2   -1
    2    4    6    7    7    5    2    0   -2   -2   -2    0    1
    0   -3   -4   -4    0    5    8   10   11   139999899998
999989999899998999989999899998999989999899998999989999899998   -1
    0    0    1    0    0   -1   -2   -2   -1   -1   -1    0    1
    1   -1   -3   -3    0    4    6    9   11   14   1699998
999989999899998999989999899998999989999899998999989999899998   -1
   -2   -3   -3   -5   -6   -4   -3   -2    0    2    1    2    1
   -1   -1   -3   -3   -2    2    5    8   11   14   1799998
9999899998999989999899998999989999899998999989999899998    0    0
   -2   -3   -5   -7   -7   -5   -2    1    4    6    5    3    3
    1   -1   -2   -3   -3    1    3    7   11   14   1799998
99998999989999899998999989999899998999989999899998    2    1    1
    0   -2   -5   -7   -7   -4    0    4    6    7    7    6    5
    3    1   -1   -2   -3    0    3    6    9   14   1899998
99998999989999899998999989999899998999989999899998    2    2    2
    2    1   -2   -5   -6   -2    2    4    7    8    8    8    9
    7    5    2    0   -1   -1   -1    3    7   14   2099998
99998999989999899998999989999899998999989999899998    3    4    4
    4    4    3   -1   -4   -1    2    5    7    8    9   11   12
   10    9    6    3    1   -2   -4    0    6   139999899998
99998999989999899998999989999899998999989999899998    3    5    6
    7    7    7    5   -2    1    3    5    7    8   10   13   14
   14   13    9    7    4   -3   -7   -3    4   12   1999998
