sst_total_11_2016_ano.22
    6    8    9   10   11   12   10    8    5    3    2    3    3
    4    4    3    3    4    5    7    7   12   16   219999899998
999989999899998999989999899998999989999899998999989999899998
    6    8    8    9    9   10    9    6    4    3    1    3    3
    4    4    4    3    3    4    5    6   10   15999989999899998
999989999899998999989999899998999989999899998999989999899998
    7    7    7    8    8    9    7    6    4    3    2    3    4
    5    5    4    3    3    3    3    5   11   15999989999899998
999989999899998999989999899998999989999899998999989999899998
    7    7    7    7    7    7    6    5    5    5    4    5    6
    6    6    5    4    3    3    4    7   1299998999989999899998
999989999899998999989999899998999989999899998999989999899998
    9    7    7    7    5    5    6    6    7    7    8    8    9
    8    7    5    5    3    3    5    9   1399998999989999899998
999989999899998999989999899998999989999899998999989999899998
   10    8    7    6    5    5    6    7    8    9   10   11   11
   10    8    6    4    4    5    7   10   1299998999989999899998
999989999899998999989999899998999989999899998999989999899998
   10    9    7    6    5    5    7    8   10   11   11   12   12
   11    9    7    6    5    7    9   11   1399998999989999899998
999989999899998999989999899998999989999899998999989999899998
   10    9    8    6    6    6    8   10   11   12   12   12   13
   12   10    9    8    7    9   11   12   1599998999989999899998
999989999899998999989999899998999989999899998999989999899998
   10    8    7    6    6    7    9   10   11   12   13   13   13
   12   11   10   10    9    9   10   12   1499998999989999899998
999989999899998999989999899998999989999899998999989999899998
   10    8    7    6    7    7    9   11   11   12   12   13   12
   12   11   11   11   11    9    9   10   11   10999989999899998
999989999899998999989999899998999989999899998999989999899998
   10    7    6    6    7    8    9   10   11   11   11   11   11
   11   11   12   11   10    9    8    8    8    9    89999899998
999989999899998999989999899998999989999899998999989999899998
99998    8    7    7    8    8    9    9    9    9    9    9    9
    9   10   11   11   10    9    8    8    7    8    9   1099998
999989999899998999989999899998999989999899998999989999899998
99998999989999899998    7    8    8    7    6    6    6    7    7
    8    9   10   10    9    8    7    8    8    8    9   10   12
   17   20   22   22   21   19   19   19   20999989999899998
9999899998999989999899998    6    6    5    4    4    4    5    6
    7    8    9    8    7    6    7    7    8    9   10   11   12
   15   17   18   18   17   16   16   17   17999989999899998
9999899998999989999899998    4    3    3    3    3    3    4    5
    6    8    8    6    6    5    5    6    6    8   10   12   13
   14   15   14   13   13   13   13   15   15999989999899998
999989999899998999989999899998    2    2    2    3    3    4    5
    7    8    7    5    4    4    3    4    5    7   10   12   13
   12   11   10    9    9   11   12   14   15999989999899998
9999899998999989999899998999989999899998    3    3    3    3    5
    6    7    6    4    3    2    2    2    4    6    8    9   11
   10    8    6    6    7   10   13   15   17999989999899998
9999899998999989999899998999989999899998999989999899998    2    3
    4    5    4    3    2    2    2    2    3    4    5    7    8
    7    5    5    4    5    9   12   16   19   229999899998
999989999899998999989999899998999989999899998999989999899998    2
    2    3    3    3    2    2    2    2    2    3    4    5    6
    5    4    3    3    4    8   11   15   19   23   2699998
999989999899998999989999899998999989999899998999989999899998    2
    1    2    2    2    1    1    2    1    2    2    3    4    4
    4    4    3    3    3    6    8   12   16   20   2599998
9999899998999989999899998999989999899998999989999899998    1    2
    3    3    3    2    1    1    1    0    0    2    3    4    4
    4    4    3    3    3    4    5    8   12   16   2099998
99998999989999899998999989999899998999989999899998    1    2    3
    4    5    4    3    1    1    1    0    0    1    3    4    4
    4    4    4    4    3    1    2    5    7   10   1499998
99998999989999899998999989999899998999989999899998    2    3    5
    6    7    7    4    3    2    1    0    0    1    2    3    4
    4    4    4    4    3    1    1    3    4    7   1199998
99998999989999899998999989999899998999989999899998    4    5    7
    8    9    9    7    6    3    2    1    1    2    2    3    3
    3    3    3    2    3    1    0    0    2    59999899998
99998999989999899998999989999899998999989999899998    5    7    7
    9   10   11   10    8    6    4    3    3    2    2    2    1
    2    2    1    1    1    1    0   -2   -1    1    299998
