sst_total_10_2017_ano.22
   -3    1    4    5    7    7    6    6    5    4    4    5    6
    7    8    8    7    8    9   10   10   13   16   209999899998
999989999899998999989999899998999989999899998999989999899998
   -1    2    5    6    7    7    6    6    5    5    5    5    6
    6    7    7    8    8    9    9   10   11   15999989999899998
999989999899998999989999899998999989999899998999989999899998
    1    3    5    6    6    7    6    6    5    5    5    6    6
    7    7    8    8    9    9    9   10   12   15999989999899998
999989999899998999989999899998999989999899998999989999899998
    3    4    5    6    7    7    6    6    6    6    6    6    7
    8    8    9   10   10    9   10   12   1499998999989999899998
999989999899998999989999899998999989999899998999989999899998
    4    4    5    6    6    7    7    7    7    7    7    7    8
    9    9   11   11   11   10   11   12   1599998999989999899998
999989999899998999989999899998999989999899998999989999899998
    4    4    5    5    5    6    7    7    7    8    8    8    8
    9   10   11   12   12   12   12   12   1299998999989999899998
999989999899998999989999899998999989999899998999989999899998
    5    5    5    5    5    6    7    7    7    7    7    8    8
    9   10   11   12   13   13   12   12   1399998999989999899998
999989999899998999989999899998999989999899998999989999899998
    5    4    4    4    5    6    7    8    7    6    6    7    6
    7    9   10   12   13   14   14   14   1499998999989999899998
999989999899998999989999899998999989999899998999989999899998
    5    4    4    4    5    6    7    7    6    6    6    5    5
    6    7   10   12   14   15   15   16   1699998999989999899998
999989999899998999989999899998999989999899998999989999899998
    4    3    3    3    5    6    7    6    5    4    5    5    4
    4    6    9   12   14   15   15   16   16   18999989999899998
999989999899998999989999899998999989999899998999989999899998
    2    2    1    2    4    6    6    5    4    4    4    5    4
    4    5    7   11   14   14   14   13   13   16   189999899998
999989999899998999989999899998999989999899998999989999899998
99998    0    0    1    3    4    4    4    3    3    5    5    4
    4    4    7   10   12   12   10    9    9   10   13   1699998
999989999899998999989999899998999989999899998999989999899998
99998999989999899998    1    3    3    3    3    3    5    5    3
    3    4    6    8    9    8    5    3    3    4    8   11   11
   14   15   15   13   10    6    4    5    6999989999899998
9999899998999989999899998    1    3    3    2    3    4    3    3
    3    4    6    6    6    4    1   -2   -1    1    5    8    9
   11   12   12   11    9    7    7    6    7999989999899998
9999899998999989999899998   -1    1    2    3    3    2    1    2
    2    4    6    5    5    2   -1   -3   -3    0    4    8    9
   10   11   11   10    9    8    8    9   10999989999899998
999989999899998999989999899998    0    1    2    2    1    0    0
    2    4    5    5    5    4    0   -2   -1    2    5    8   10
   10   10   11   10   10   10   11   11   12999989999899998
9999899998999989999899998999989999899998    0    0   -1   -1   -1
    1    3    4    5    6    5    3    2    2    4    6    9   10
   10   11   11   11   11   12   13   13   13999989999899998
9999899998999989999899998999989999899998999989999899998   -2   -1
    0    2    3    4    5    6    6    6    6    7    9   10   11
   12   12   11   12   13   14   14   14   13   139999899998
999989999899998999989999899998999989999899998999989999899998   -1
    0    0    1    2    4    5    7    7    9    9   11   12   13
   13   13   12   14   15   16   16   15   14   13   1499998
999989999899998999989999899998999989999899998999989999899998   -1
   -1    0    0    0    1    3    5    6    9   11   13   14   15
   14   13   13   14   15   15   15   14   14   13   1499998
9999899998999989999899998999989999899998999989999899998   -1    0
   -1   -1   -1   -1   -1    1    3    4    7   10   14   15   16
   15   13   13   13   13   13   13   12   12   11   1299998
99998999989999899998999989999899998999989999899998   -1   -1   -1
   -2   -2   -3   -2   -2    0    0    2    5    8   12   15   15
   14   13   12   11   12   11   11   10   10   11   1299998
99998999989999899998999989999899998999989999899998   -1   -2   -3
   -3   -4   -4   -4   -4   -3   -2   -1    2    4    8   10   10
   10   10    9    8    8    8    7    8    9   11   1499998
99998999989999899998999989999899998999989999899998   -1   -2   -3
   -4   -5   -6   -6   -6   -6   -4   -3   -2    0    2    4    4
    4    4    4    4    4    4    4    5    7   119999899998
99998999989999899998999989999899998999989999899998    0   -2   -3
   -5   -7   -8   -8   -8   -7   -7   -5   -5   -4   -3   -2   -2
   -1    0    0    1    1    2    2    3    5    8   1199998
