sst_total_07_2016_ano.22
   15   15   14   13   12   11    8    6    3    1    1    2    3
    3    4    4    3    3    4    6    7    9   12   149999899998
999989999899998999989999899998999989999899998999989999899998
   13   12   12   11   11   10    7    5    3    2    2    3    3
    3    4    4    5    5    5    6    7    9   12999989999899998
999989999899998999989999899998999989999899998999989999899998
   11   11   10    9    9    8    6    5    4    3    3    3    4
    5    5    5    6    6    7    7    7    9   11999989999899998
999989999899998999989999899998999989999899998999989999899998
    9    9    8    7    7    6    5    4    4    4    4    5    5
    6    6    6    7    8    7    7    6    799998999989999899998
999989999899998999989999899998999989999899998999989999899998
    8    7    6    6    5    5    5    5    5    4    5    5    6
    7    6    6    8    8    7    5    3    299998999989999899998
999989999899998999989999899998999989999899998999989999899998
    7    6    6    5    4    4    4    4    5    5    6    6    7
    7    7    6    7    8    6    3   -1   -699998999989999899998
999989999899998999989999899998999989999899998999989999899998
    7    6    6    5    4    3    3    3    4    6    6    6    7
    7    7    6    6    6    6    2   -3   -999998999989999899998
999989999899998999989999899998999989999899998999989999899998
    8    7    6    5    5    4    4    4    4    5    6    7    7
    7    7    6    5    6    5    3   -2   -699998999989999899998
999989999899998999989999899998999989999899998999989999899998
    9    8    8    8    7    6    5    4    3    4    4    5    6
    7    7    6    6    6    6    4    1   -299998999989999899998
999989999899998999989999899998999989999899998999989999899998
   10   10   10   10    9    8    6    5    4    3    4    5    6
    6    7    7    7    7    7    5    4    2    2999989999899998
999989999899998999989999899998999989999899998999989999899998
   11   12   13   13   12   10    8    6    4    4    4    4    6
    6    7    8    9    9    8    8    7    6    5    59999899998
999989999899998999989999899998999989999899998999989999899998
99998   15   15   15   14   12    9    7    5    4    4    5    6
    7    8    8    9    9    9   10    9    9    8    6    499998
999989999899998999989999899998999989999899998999989999899998
99998999989999899998   14   12    9    7    5    4    4    5    6
    7    8    9    9    9   10   10   10    9    8    7    4    1
    0    2    6    9   11   10   10    9    8999989999899998
9999899998999989999899998   12    8    7    5    5    4    5    7
    8    9    8    8    9   11   11   10    9    9    8    6    2
    1    1    4    7    8   10   10    9    9999989999899998
9999899998999989999899998    9    7    7    6    6    5    5    7
    8    9    8    8   10   11   12   11   10   11   10   10    7
    5    4    5    6    7    9   10   10   12999989999899998
999989999899998999989999899998    8    8    7    7    7    6    7
    8    9    7    8   10   11   12   11   11   11   12   12   10
    9    8    8    8    8   10   11   13   14999989999899998
9999899998999989999899998999989999899998    9    9    7    6    7
    8    8    7    7    8    9   10    9    9   10   10   10    9
    9    9    8    8    7    8   11   14   15999989999899998
9999899998999989999899998999989999899998999989999899998    6    6
    7    7    7    7    8    8    8    8    9    9    9    9    8
    8    7    6    4    3    5    8   11   14   159999899998
999989999899998999989999899998999989999899998999989999899998    6
    7    7    7    7    7    7    6    6    6    8    7    7    7
    6    6    5    2    1    3    6    9   12   14   1699998
999989999899998999989999899998999989999899998999989999899998    5
    6    7    7    7    7    6    6    5    5    5    6    6    6
    5    4    3    3    1    2    5   10   12   14   1699998
9999899998999989999899998999989999899998999989999899998    3    5
    6    7    6    6    6    5    4    3    4    4    5    6    7
    5    4    3    3    2    4    6   10   12   14   1699998
99998999989999899998999989999899998999989999899998    2    3    5
    5    6    6    5    5    5    4    3    3    4    6    7    7
    6    5    5    5    4    6    7   10   12   14   1599998
99998999989999899998999989999899998999989999899998    1    3    5
    6    6    6    5    4    4    4    2    3    5    6    7    7
    7    7    6    6    7    8    9   10   11   13   1599998
99998999989999899998999989999899998999989999899998    1    3    5
    7    7    6    5    5    4    4    3    4    5    7    7    7
    7    7    8    8    9   10   10    8    9   109999899998
99998999989999899998999989999899998999989999899998    1    4    6
    7    7    7    6    5    5    4    4    6    6    7    7    7
    7    7    9   10   12   11   10    7    5    5    599998
