sst_total_10_2015_ano.22
    7    7    7    7    7    7    8    9    9    9   11   13   14
   15   16   17   18   19   20   21   20   20   21   229999899998
999989999899998999989999899998999989999899998999989999899998
    9    9    9    9    9    9    9    9    9   10   11   12   13
   14   15   16   18   20   21   21   20   20   22999989999899998
999989999899998999989999899998999989999899998999989999899998
   11   11   11   11   11   11   10   10   10   10   11   12   12
   13   14   16   18   20   21   21   22   23   24999989999899998
999989999899998999989999899998999989999899998999989999899998
   13   13   12   13   13   13   12   11   11   11   11   12   12
   13   14   15   18   20   21   22   24   2799998999989999899998
999989999899998999989999899998999989999899998999989999899998
   14   14   14   14   14   14   12   11   11   11   12   12   12
   12   12   14   17   19   20   22   24   2799998999989999899998
999989999899998999989999899998999989999899998999989999899998
   14   14   14   13   12   12   12   11   11   11   11   11   11
   11   11   12   15   17   18   19   20   2199998999989999899998
999989999899998999989999899998999989999899998999989999899998
   14   14   13   12   11   11   11   11   11   11   11   11   11
   10   10   11   12   14   15   16   16   1699998999989999899998
999989999899998999989999899998999989999899998999989999899998
   14   12   12   11   10   10   10   11   11   12   12   11   10
   10    9    9   10   11   13   13   13   1399998999989999899998
999989999899998999989999899998999989999899998999989999899998
   13   11   11   10   10    9    9   11   11   12   12   12   11
   10    9    9    9   10   11   12   12   1299998999989999899998
999989999899998999989999899998999989999899998999989999899998
   11   10   10    9    9    9    9   10   11   12   12   12   11
    9    8    8    9   10   10   11   11   12   12999989999899998
999989999899998999989999899998999989999899998999989999899998
    9    9    9    8    8    8    9    9   11   12   12   11   10
    9    8    8    9   10   10   11   11   11   12   149999899998
999989999899998999989999899998999989999899998999989999899998
99998    8    8    8    7    7    8    9    9   10   11   10    9
    8    8    9    9   10   10   10   10   10   11   12   1499998
999989999899998999989999899998999989999899998999989999899998
99998999989999899998    6    6    7    8    8    8    9    8    7
    7    8    9   10    9    9    9    9    9   10   11   12   12
   13   12   11   10   10    9   10    9   10999989999899998
9999899998999989999899998    5    6    7    7    6    6    5    5
    6    8   10   10    9    8    8    7    7    9   10   11   11
   11   10    9    8    9    8    9    9    9999989999899998
9999899998999989999899998    4    5    6    6    6    4    3    4
    5    8   10    9    8    7    5    6    6    8    9   10   10
    9    8    8    7    7    8    8    8    9999989999899998
999989999899998999989999899998    5    6    6    5    3    2    2
    5    7    9    8    6    5    4    4    5    6    7    8    8
    8    8    7    7    7    8    8    8    8999989999899998
9999899998999989999899998999989999899998    5    4    2    1    1
    3    5    6    6    4    3    2    2    3    5    5    5    6
    6    7    7    8    7    7    7    7    7999989999899998
9999899998999989999899998999989999899998999989999899998    1    1
    1    3    4    3    1    1    0    0    2    3    4    4    5
    5    6    7    8    8    6    6    6    7   109999899998
999989999899998999989999899998999989999899998999989999899998    1
    1    1    2    2    0   -2   -2   -1    1    1    2    2    3
    4    6    7    8    8    7    6    7   10   12   1799998
999989999899998999989999899998999989999899998999989999899998    2
    1    1    1    0   -2   -2   -3   -2   -1   -1    0    1    1
    3    5    7    8    8    7    6    8   10   13   1799998
9999899998999989999899998999989999899998999989999899998    4    3
    2    1    0   -1   -2   -2   -2   -2   -3   -3   -1   -1    0
    2    3    5    7    7    6    6    8   10   11   1499998
99998999989999899998999989999899998999989999899998    7    5    4
    3    1    0    0   -1   -1   -1   -1   -3   -3   -2   -2   -1
    0    2    4    5    6    6    6    7    8    9   1199998
99998999989999899998999989999899998999989999899998    7    6    5
    4    3    1    1    1    1    1    0   -1   -3   -2   -2   -2
   -1    1    3    5    6    6    6    5    6    8   1199998
99998999989999899998999989999899998999989999899998    8    8    7
    6    5    4    3    3    3    3    2    0   -1   -1   -2   -2
   -1    0    2    4    5    5    4    4    5    79999899998
99998999989999899998999989999899998999989999899998    9    9    9
    8    7    7    6    6    6    4    4    2    1    0   -1   -2
   -2   -1    1    3    5    5    4    3    3    6    799998
