sst_total_03_2015_ano.22
   14   15   14   14   13   12   10    8    7    5    4    3    1
   -2   -4   -6   -7   -7   -7   -6   -6   -7   -7   -89999899998
999989999899998999989999899998999989999899998999989999899998
   13   13   12   11   10    9    7    5    4    3    2    1   -1
   -3   -5   -6   -7   -7   -7   -7   -8   -8   -9999989999899998
999989999899998999989999899998999989999899998999989999899998
   11   11   10    9    7    6    4    2    1    1   -1   -2   -3
   -4   -6   -7   -7   -7   -7   -8   -8   -9   -9999989999899998
999989999899998999989999899998999989999899998999989999899998
   10    9    8    7    5    3    1    0   -1   -2   -2   -3   -4
   -6   -7   -7   -7   -6   -6   -7   -7   -899998999989999899998
999989999899998999989999899998999989999899998999989999899998
    8    6    6    5    3    2    0   -1   -2   -3   -3   -4   -6
   -7   -7   -7   -6   -5   -6   -6   -6   -799998999989999899998
999989999899998999989999899998999989999899998999989999899998
    5    5    4    3    2    0   -1   -2   -3   -3   -4   -5   -7
   -8   -9   -9   -7   -6   -6   -7   -8   -899998999989999899998
999989999899998999989999899998999989999899998999989999899998
    4    4    3    2    2    0    0   -2   -2   -3   -4   -6   -8
   -9   -9   -9   -8   -7   -7   -8   -9   -999998999989999899998
999989999899998999989999899998999989999899998999989999899998
    5    4    2    2    1    1    0   -1   -2   -3   -3   -6   -7
   -8   -8   -9   -8   -8   -9  -10  -10   -999998999989999899998
999989999899998999989999899998999989999899998999989999899998
    5    4    2    2    1    1    0   -1   -2   -2   -2   -3   -4
   -5   -6   -7   -7   -8  -10  -11  -10   -699998999989999899998
999989999899998999989999899998999989999899998999989999899998
    6    4    3    2    1    1    0   -1    0    0    1    1    1
    0   -1   -3   -6   -8  -11  -11   -9   -5   -4999989999899998
999989999899998999989999899998999989999899998999989999899998
    8    5    4    3    2    0    0    0    0    2    3    4    6
    4    3    1   -3   -6   -9  -10   -9   -6   -2    09999899998
999989999899998999989999899998999989999899998999989999899998
99998    7    6    4    3    2    2    1    1    3    4    6    7
    6    4    3   -1   -4   -7   -9   -8   -5   -2    2    699998
999989999899998999989999899998999989999899998999989999899998
99998999989999899998    5    4    4    3    3    4    5    6    7
    6    4    2    0   -3   -5   -6   -7   -4    0    4    6    8
    8    6    7    8    9   10   10   10   10999989999899998
9999899998999989999899998    8    6    6    5    5    5    5    5
    4    3    2    0   -2   -3   -4   -4   -1    2    5    6    7
    7    6    6    7    8    9    9   10    9999989999899998
9999899998999989999899998   11    9    8    7    6    5    4    4
    3    2    1   -1   -2   -3   -3   -3    1    4    6    7    7
    6    6    6    6    7    8    9    9    9999989999899998
999989999899998999989999899998   13   10    8    6    5    4    4
    3    2    1    0   -1   -2   -2   -2    1    4    6    7    7
    7    7    6    7    8    8    9    9    9999989999899998
9999899998999989999899998999989999899998    9    7    5    4    3
    3    2    1    0   -1   -1   -1   -2    0    3    6    6    6
    6    6    6    7    8    8    9    8    8999989999899998
9999899998999989999899998999989999899998999989999899998    3    3
    4    3    2    1    1    0    0   -2   -1    1    4    5    5
    5    5    5    6    7    8    7    8    7    69999899998
999989999899998999989999899998999989999899998999989999899998    3
    3    3    3    2    3    2    0   -1   -1    0    2    3    3
    4    3    4    4    6    6    7    6    5    6    699998
999989999899998999989999899998999989999899998999989999899998    3
    3    3    3    3    3    3    2    1    0    0    2    2    3
    2    2    2    2    3    5    6    6    6    6    799998
9999899998999989999899998999989999899998999989999899998    4    4
    4    4    2    2    3    4    4    3    2    1    2    3    3
    1    0   -1    0    1    3    4    5    7    7    999998
99998999989999899998999989999899998999989999899998    6    6    5
    5    2   -1    0    1    4    6    5    4    4    3    3    3
    1    0   -1   -1   -1    1    2    5    6    8   1099998
99998999989999899998999989999899998999989999899998   10    9    8
    5    2   -2   -2    1    5    7    8    7    6    5    4    4
    3    3    2    0   -1   -1    0    2    5    7   1199998
99998999989999899998999989999899998999989999899998   12   11   10
    7    3   -2   -2    1    5    9   10   10    8    7    7    5
    6    6    4    2    0   -2   -3   -1    1    49999899998
99998999989999899998999989999899998999989999899998   14   14   13
   10    6   -1   -1    2    7   11   12   12   10    9    8    7
    8    8    7    3   -1   -3   -5   -4   -2    1    299998
