sst_total_09_2014_ano.22
   13   13   13   13   14   15   16   17   18   19   19   20   20
   18   17   15   15   15   18   20   22   23   25   279999899998
999989999899998999989999899998999989999899998999989999899998
   13   12   12   12   13   13   14   15   16   17   17   18   18
   17   16   15   15   15   17   19   21   22   24999989999899998
999989999899998999989999899998999989999899998999989999899998
   12   12   12   12   11   11   12   12   13   15   15   16   17
   16   16   14   15   15   15   17   20   22   24999989999899998
999989999899998999989999899998999989999899998999989999899998
   12   11   12   11   10    9    9    9   10   11   12   13   14
   14   14   14   15   14   15   16   19   2299998999989999899998
999989999899998999989999899998999989999899998999989999899998
   10   10   10   10    8    7    7    7    7    8    9   10   11
   11   13   14   15   15   14   15   17   1999998999989999899998
999989999899998999989999899998999989999899998999989999899998
    7    8    8    8    7    6    5    5    4    5    5    6    7
    9   11   13   14   15   15   14   13   1499998999989999899998
999989999899998999989999899998999989999899998999989999899998
    5    6    6    6    6    5    4    4    3    3    3    3    4
    7    9   12   14   15   16   13   11    999998999989999899998
999989999899998999989999899998999989999899998999989999899998
    4    4    5    5    5    6    5    5    4    2    2    2    3
    5    7   10   12   14   15   13   10    999998999989999899998
999989999899998999989999899998999989999899998999989999899998
    4    4    4    5    6    7    7    6    6    4    3    2    3
    5    7    8   11   13   13   11   10    899998999989999899998
999989999899998999989999899998999989999899998999989999899998
    4    5    5    5    7    7    8    8    8    6    5    4    4
    5    6    8   10   11   11   10    9    7    6999989999899998
999989999899998999989999899998999989999899998999989999899998
    6    5    5    6    7    7    8    9    8    7    5    4    4
    5    6    7    8    9    9    8    7    6    6    69999899998
999989999899998999989999899998999989999899998999989999899998
99998    6    7    6    6    6    6    7    6    5    3    3    3
    5    6    6    6    6    6    5    6    6    6    6    799998
999989999899998999989999899998999989999899998999989999899998
99998999989999899998    5    5    4    4    3    2    1    1    2
    3    4    5    4    4    4    4    4    5    5    5    5    6
    7   10   11   11   10    8    8    7    6999989999899998
9999899998999989999899998    2    1    1    0   -1   -2   -2    0
    2    4    4    3    3    3    4    4    4    4    4    3    3
    5    7    9   10    9    8    7    7    6999989999899998
9999899998999989999899998   -2   -1   -1   -1   -2   -3   -3   -1
    1    4    4    3    3    4    4    4    3    4    3    2    2
    5    7    9    9    9    8    7    6    6999989999899998
999989999899998999989999899998   -2   -1   -1   -1   -1   -1    0
    2    3    4    3    4    4    3    4    3    3    1    1    1
    4    7    9   11   10    8    7    7    6999989999899998
9999899998999989999899998999989999899998    1    1    0    0    1
    3    4    4    4    4    4    3    3    3    3    2    1    1
    4    7    9   10    8    7    7    6    4999989999899998
9999899998999989999899998999989999899998999989999899998    1    2
    4    5    6    5    4    4    3    3    4    5    4    4    4
    5    6    6    5    4    3    4    4    2    09999899998
999989999899998999989999899998999989999899998999989999899998    3
    4    6    8    7    5    4    3    3    4    6    7    7    7
    6    5    2    0   -1    1    2    2    1    0   -399998
999989999899998999989999899998999989999899998999989999899998    3
    4    6    8    8    7    5    4    3    5    6    8    9    8
    5    3    0   -3   -4   -1    1    1    1   -2   -499998
9999899998999989999899998999989999899998999989999899998    3    3
    4    6    8    8    8    7    6    5    5    7    9   10    9
    4    1   -2   -4   -5   -2    2    2    0   -4   -799998
99998999989999899998999989999899998999989999899998    3    2    2
    3    5    6    9   10    9    8    6    6    7    9    9    8
    4    0   -2   -4   -4   -2    2    2   -1   -5   -899998
99998999989999899998999989999899998999989999899998    3    2    2
    3    4    5    8   11   11   10    8    6    6    7    7    5
    2   -1   -3   -3   -2   -1    1    1   -1   -3   -599998
99998999989999899998999989999899998999989999899998    4    3    3
    3    4    5    8   11   11    9    7    5    5    5    5    3
    1   -1   -3   -3   -2   -2   -1   -1   -1   -19999899998
99998999989999899998999989999899998999989999899998    4    3    3
    4    4    5    8   12   11    8    5    4    4    4    3    1
    0   -1   -2   -3   -2   -2   -3   -3   -2    0    199998
