sst_total_08_2014_ano.22
   15   15   15   15   15   15   14   14   14   15   15   16   17
   17   17   16   16   16   17   18   16    8    2   -59999899998
999989999899998999989999899998999989999899998999989999899998
   14   14   14   14   14   14   14   13   13   14   14   15   15
   15   15   14   14   14   15   15   14    7    1999989999899998
999989999899998999989999899998999989999899998999989999899998
   13   13   13   13   12   12   11   11   12   11   12   12   13
   13   13   12   12   12   12   11   11    6    0999989999899998
999989999899998999989999899998999989999899998999989999899998
   10   10   10   10   10    9    9    8    9    9    9    9   10
   10   10    9   10    9    8    9    8    799998999989999899998
999989999899998999989999899998999989999899998999989999899998
    7    7    7    7    7    6    6    5    5    5    5    6    6
    6    7    6    7    7    6    6    5    699998999989999899998
999989999899998999989999899998999989999899998999989999899998
    4    4    4    4    3    3    2    2    2    2    2    3    4
    4    4    4    4    5    5    5    3    399998999989999899998
999989999899998999989999899998999989999899998999989999899998
    2    2    2    1    1    1    0   -1   -1    0    0    1    2
    3    3    3    3    4    6    5    3    299998999989999899998
999989999899998999989999899998999989999899998999989999899998
    1    1    0    0    0    1    0   -1   -1   -1    0    1    2
    3    3    4    3    4    5    5    4    599998999989999899998
999989999899998999989999899998999989999899998999989999899998
    0    0    0    0    0    1    1    1    0   -1    0    1    1
    2    4    5    4    4    5    5    5    699998999989999899998
999989999899998999989999899998999989999899998999989999899998
   -1   -1   -2   -1    1    1    3    4    4    3    1    1    0
    1    2    4    5    5    5    5    6    6    7999989999899998
999989999899998999989999899998999989999899998999989999899998
   -2   -3   -3   -2    0    1    4    6    7    5    4    1   -1
   -1    1    3    5    6    5    5    6    6    7    69999899998
999989999899998999989999899998999989999899998999989999899998
99998   -4   -4   -3   -1    1    4    7    7    6    4    1   -2
   -2   -1    1    4    5    5    6    7    8    7    8    899998
999989999899998999989999899998999989999899998999989999899998
99998999989999899998   -3   -1    2    4    4    4    3    0   -2
   -2   -1    1    3    4    5    7    8    9    9   10    9    9
    8   10   11   10    7    5    3    2    2999989999899998
9999899998999989999899998   -3    0    2    2    2    2    0   -1
    0    1    2    3    3    4    6    8   10   10   10    9    8
    9   12   14   14   12    8    7    6    6999989999899998
9999899998999989999899998   -6   -3   -1    0    0    0    0    1
    2    3    4    2    2    3    5    8   10   11    9    8    7
   11   15   18   18   17   13   11   10   10999989999899998
999989999899998999989999899998   -6   -4   -1   -1    0    0    2
    4    5    4    2    1    1    3    6    7    9    7    5    5
   13   18   22   23   21   17   15   14   14999989999899998
9999899998999989999899998999989999899998   -2   -1    0    2    3
    4    5    3    1    0   -1    1    4    4    4    3    2    4
   11   18   22   24   21   17   15   14   15999989999899998
9999899998999989999899998999989999899998999989999899998    3    4
    4    4    2    0   -1   -2   -1    2    3    2    2    3    4
    9   14   17   18   16   13   11   11   11   129999899998
999989999899998999989999899998999989999899998999989999899998    6
    5    4    2    1   -1   -1    1    3    4    3    4    4    6
    8    9   11   10    8    8    8    7    7    8   1099998
999989999899998999989999899998999989999899998999989999899998    8
    7    5    4    1    1    1    2    3    5    6    6    6    7
    7    6    7    6    5    5    4    4    4    5    799998
9999899998999989999899998999989999899998999989999899998   10    9
    8    6    5    3    2    2    3    3    5    7    7    7    6
    4    3    4    4    3    3    3    2    3    3    499998
99998999989999899998999989999899998999989999899998   10   10    9
    8    7    5    4    3    3    3    4    4    5    6    5    2
    0    0    1    2    3    2    1    2    2    2    399998
99998999989999899998999989999899998999989999899998    9    9    8
    8    7    5    4    3    3    3    2    3    3    3    1   -4
   -6   -5   -2    1    2    2    1    2    3    4    599998
99998999989999899998999989999899998999989999899998    8    8    8
    8    7    5    4    3    3    1    1    1    1   -1   -4   -8
  -10   -9   -5   -1    2    3    2    1    3    49999899998
99998999989999899998999989999899998999989999899998    7    7    7
    7    7    5    4    3    2    0   -2   -1    0   -3   -7  -12
  -13  -12   -7   -2    3    3    2    1    2    4    699998
