sst_total_09_2016_ano.22
   11   10    8    7    6    4    4    4    5    5    5    4    3
    2    2    2    4    6    8   10   11   11   12   149999899998
999989999899998999989999899998999989999899998999989999899998
   11    9    8    7    5    3    3    3    4    5    5    5    3
    2    1    1    2    4    7    8    9   10   11999989999899998
999989999899998999989999899998999989999899998999989999899998
   11   10    9    7    5    4    3    3    4    5    5    5    4
    3    1   -2    0    1    4    7    8   10   11999989999899998
999989999899998999989999899998999989999899998999989999899998
   11   10    9    7    6    4    3    3    4    5    6    6    6
    2   -1   -3   -2   -1    2    5    8   1199998999989999899998
999989999899998999989999899998999989999899998999989999899998
   11   10    9    7    6    4    4    4    5    6    7    7    7
    3   -1   -5   -3   -1    2    5    7   1099998999989999899998
999989999899998999989999899998999989999899998999989999899998
   11   10    9    8    6    5    4    5    5    7    7    8    8
    5    1   -2   -1    1    4    6    6    699998999989999899998
999989999899998999989999899998999989999899998999989999899998
   11   10    9    8    7    6    5    5    5    7    7    8    8
    7    4    2    3    5    7    8    6    599998999989999899998
999989999899998999989999899998999989999899998999989999899998
   12   11   10    9    8    7    5    4    4    5    6    7    8
    8    7    6    6    8   10    9    7    799998999989999899998
999989999899998999989999899998999989999899998999989999899998
   11   10   10    9    8    7    5    3    4    4    5    6    8
    8    8    8    9    9    9    9    8    899998999989999899998
999989999899998999989999899998999989999899998999989999899998
   10   10    9    9    8    7    4    3    4    4    5    6    8
    8    8    8    9    9    9    8    7    6    6999989999899998
999989999899998999989999899998999989999899998999989999899998
    8    8    8    8    7    5    4    4    4    5    6    7    8
    8    8    8    8    9    8    7    5    4    5    69999899998
999989999899998999989999899998999989999899998999989999899998
99998    7    8    7    6    5    4    4    5    6    6    7    8
    8    8    8    8    7    7    5    5    4    4    6    999998
999989999899998999989999899998999989999899998999989999899998
99998999989999899998    6    5    5    5    6    7    7    7    8
    7    8    7    6    6    7    6    4    4    4    5    7    9
   11   13   14   14   14   13   12   11    9999989999899998
9999899998999989999899998    4    5    5    6    6    6    6    6
    7    7    5    4    5    7    7    6    5    4    4    5    7
    9    9   10   10   11   11   10   11   10999989999899998
9999899998999989999899998    3    4    4    4    4    4    4    4
    5    5    3    2    4    7    8    7    5    5    4    5    6
    7    7    7    7    7    9   10   10   12999989999899998
999989999899998999989999899998    2    3    2    3    3    3    4
    3    3    1    0    3    6    7    7    6    5    5    4    6
    6    7    6    6    6    7    9   11   13999989999899998
9999899998999989999899998999989999899998    1    1    1    1    2
    2    1    0    0    2    5    6    6    5    5    4    4    5
    6    7    6    6    6    7    8   10   12999989999899998
9999899998999989999899998999989999899998999989999899998    1    2
    2    1    0    1    2    5    6    6    6    5    4    4    5
    6    6    5    4    5    5    6    8   10   129999899998
999989999899998999989999899998999989999899998999989999899998    2
    3    2    2    2    2    3    4    5    5    5    5    5    6
    7    6    5    4    4    5    5    7    8   10   1199998
999989999899998999989999899998999989999899998999989999899998    4
    3    3    2    2    2    2    3    3    4    4    5    6    7
    6    6    6    4    3    4    4    5    6    8    999998
9999899998999989999899998999989999899998999989999899998    6    5
    4    3    2    2    1    1    2    2    2    4    5    7    7
    7    7    6    4    2    2    3    3    4    5    699998
99998999989999899998999989999899998999989999899998    7    5    4
    3    3    2    1    1    2    2    1    2    3    5    6    7
    8    9    8    6    3    0    0    2    2    2    399998
99998999989999899998999989999899998999989999899998    6    4    3
    3    2    2    2    2    2    3    3    3    3    4    6    6
    9   10    9    6    3    0   -2    0    2    3    499998
99998999989999899998999989999899998999989999899998    5    4    3
    2    2    2    3    3    3    4    4    4    4    4    5    5
    8   10    8    6    3   -2   -4   -3    0    29999899998
99998999989999899998999989999899998999989999899998    4    3    2
    2    2    3    4    4    6    6    6    5    5    4    4    4
    7    9    8    5    1   -3   -6   -5   -3    1    499998
