sst_total_03_2016_ano.22
   14   13   13   12   11   10    9    8    7    7    6    6    6
    6    5    5    5    5    6    6    6    6    6    79999899998
999989999899998999989999899998999989999899998999989999899998
   13   12   11   10    9    9    8    7    7    7    6    6    5
    5    4    3    3    3    3    3    3    3    3999989999899998
999989999899998999989999899998999989999899998999989999899998
   11   11   10    9    8    8    7    6    6    7    6    5    5
    4    3    2    0    1    1    1    1    1    1999989999899998
999989999899998999989999899998999989999899998999989999899998
   11   10    9    8    8    7    7    7    7    6    6    6    5
    3    1   -1   -1   -1    0   -1   -1   -199998999989999899998
999989999899998999989999899998999989999899998999989999899998
   10    8    8    7    7    7    7    7    7    7    7    6    5
    2    0   -2   -2   -1   -2   -2   -2   -399998999989999899998
999989999899998999989999899998999989999899998999989999899998
    8    7    6    6    6    6    6    7    6    7    6    5    4
    2    0   -2   -2   -1   -1   -2   -4   -599998999989999899998
999989999899998999989999899998999989999899998999989999899998
    7    6    6    5    5    5    6    6    6    6    5    4    3
    3    2    0    0    1    1   -1   -3   -499998999989999899998
999989999899998999989999899998999989999899998999989999899998
    6    5    5    5    4    5    5    6    6    5    4    3    3
    4    4    3    3    3    3    1    1    199998999989999899998
999989999899998999989999899998999989999899998999989999899998
    5    5    4    4    5    5    5    5    4    4    3    4    4
    5    5    5    5    5    5    4    5    899998999989999899998
999989999899998999989999899998999989999899998999989999899998
    4    4    5    5    5    6    5    5    5    4    4    4    4
    5    6    6    6    6    5    6    9   12   12999989999899998
999989999899998999989999899998999989999899998999989999899998
    4    4    5    6    6    5    5    5    5    6    5    5    5
    5    6    6    6    6    6    7    9   11   12   109999899998
999989999899998999989999899998999989999899998999989999899998
99998    5    6    6    6    7    6    6    6    6    6    5    5
    5    5    6    6    7    7    8   10   11   11   11   1199998
999989999899998999989999899998999989999899998999989999899998
99998999989999899998    7    7    7    6    6    6    6    5    5
    5    5    6    7    8    9   10   11   11   11   10    9    9
    7    5    0   -4   -7   -6   -1    4   13999989999899998
9999899998999989999899998    8    7    6    6    5    5    5    5
    5    6    7    8    9   10   12   13   13   11    9    7    6
    5    3    2    0   -1    1    5   10   15999989999899998
9999899998999989999899998    8    7    6    5    4    4    5    6
    6    7    8    9   10   11   12   13   13   10    7    5    5
    4    3    3    3    3    6    9   12   15999989999899998
999989999899998999989999899998    7    5    4    3    3    4    6
    7    9   10   10   10   10   10   11   10    8    6    4    3
    3    3    3    5    6    7   10   12   14999989999899998
9999899998999989999899998999989999899998    3    2    2    4    5
    8    9   10   10    9    9    9    9    8    7    5    4    3
    2    2    2    4    5    7    9   10   12999989999899998
9999899998999989999899998999989999899998999989999899998    4    5
    8    9    9    9    8    8    8    8    7    6    5    5    3
    2    1    1    2    3    6    7    9   10   109999899998
999989999899998999989999899998999989999899998999989999899998    5
    6    7    8    7    7    7    7    7    7    7    6    6    4
    3    2    1    0    1    3    5    7    9   11   1399998
999989999899998999989999899998999989999899998999989999899998    4
    5    6    6    6    5    5    5    5    6    7    7    7    6
    5    3    1   -1   -1    1    4    6   10   12   1599998
9999899998999989999899998999989999899998999989999899998    4    5
    6    6    5    5    4    3    4    4    5    6    7    8    7
    5    3    1   -1   -2    0    3    6   11   14   1799998
99998999989999899998999989999899998999989999899998    5    6    6
    7    7    6    4    3    3    2    3    4    6    7    8    8
    6    4    2    0   -1    0    2    6   10   14   1999998
99998999989999899998999989999899998999989999899998    8    9    9
    9    8    7    5    4    3    3    4    5    6    7    8    9
    7    6    4    1    1    1    2    5   10   14   2199998
99998999989999899998999989999899998999989999899998   11   11   11
   11   10    8    5    4    4    5    5    6    8    9   10    9
    9    8    6    5    3    2    2    4    8   139999899998
99998999989999899998999989999899998999989999899998   14   14   14
   13   12    9    6    5    5    6    7    9    9   10   10   11
   11   11    9    6    4    3    1    2    6   11   1599998
