sst_total_01_2017_ano.22
    7    8    8    8    8    8    7    6    6    6    6    6    6
    6    6    5    7    8    8    7    6    3    1    09999899998
999989999899998999989999899998999989999899998999989999899998
    8    9    9    9    8    7    6    5    5    5    5    5    5
    5    5    5    6    7    7    6    5    3    1999989999899998
999989999899998999989999899998999989999899998999989999899998
    8    9    9    8    7    6    5    4    4    4    4    4    5
    5    5    5    5    6    6    6    5    4    2999989999899998
999989999899998999989999899998999989999899998999989999899998
    9    9    9    8    7    6    5    4    4    4    4    4    5
    6    6    5    5    6    7    7    6    599998999989999899998
999989999899998999989999899998999989999899998999989999899998
    9    9    8    8    7    6    5    5    5    5    5    5    6
    6    6    7    7    8    8    7    6    399998999989999899998
999989999899998999989999899998999989999899998999989999899998
    8    8    7    7    6    6    5    6    5    5    5    5    5
    5    6    7    8    9    9    7    5    299998999989999899998
999989999899998999989999899998999989999899998999989999899998
    7    7    7    6    6    6    6    6    5    5    4    4    4
    5    6    6    9   11   11    8    5    399998999989999899998
999989999899998999989999899998999989999899998999989999899998
    5    6    6    7    7    6    6    5    4    3    3    3    4
    4    5    6    9   12   12    9    8    699998999989999899998
999989999899998999989999899998999989999899998999989999899998
    4    5    5    7    7    8    6    5    4    3    3    3    4
    4    6    7   10   13   13   11   10    799998999989999899998
999989999899998999989999899998999989999899998999989999899998
    2    4    5    7    8    8    5    4    3    3    3    3    4
    5    6    9   12   14   14   13   12    7    0999989999899998
999989999899998999989999899998999989999899998999989999899998
    1    4    5    8    9    8    6    4    3    3    2    3    4
    6    7   10   14   16   16   14   12    7    2   -49999899998
999989999899998999989999899998999989999899998999989999899998
99998    4    6    7    8    8    6    4    2    2    3    4    4
    6    9   12   15   17   17   15   14   10    5    2    099998
999989999899998999989999899998999989999899998999989999899998
99998999989999899998    8    8    7    5    3    3    3    4    5
    8   10   13   16   16   15   15   14   13   10    7    6    6
    7    8    9   10   11   12   12   11   10999989999899998
9999899998999989999899998    8    7    6    5    4    4    5    6
    9   12   14   14   14   13   12   12   13   11    9    8    8
    7    7    8    9   10   10   11   11   10999989999899998
9999899998999989999899998    9    8    7    7    6    5    6    8
   10   12   14   13   12   10   10   10   10    9    8    7    6
    6    6    7    8    8    9   10   10   11999989999899998
999989999899998999989999899998   10    9    8    7    6    7    8
   10   12   12   11    9    8    7    6    6    6    5    5    4
    4    4    5    6    6    7    8   10   12999989999899998
9999899998999989999899998999989999899998    8    6    5    6    7
   10   10    9    7    5    5    3    3    3    2    1    1    0
    0    0    1    2    3    5    8   10   13999989999899998
9999899998999989999899998999989999899998999989999899998    4    5
    6    7    5    4    2    1    0    0    0    0   -1   -2   -3
   -4   -4   -2   -1    0    3    7   11   13   159999899998
999989999899998999989999899998999989999899998999989999899998    2
    3    3    1    0   -1   -1   -2   -2   -2   -2   -3   -3   -5
   -6   -6   -4   -4   -2    3    7   10   12   13   1499998
999989999899998999989999899998999989999899998999989999899998    0
    0   -1   -2   -2   -3   -3   -3   -3   -3   -2   -3   -3   -4
   -7   -6   -5   -3   -1    4    9   11   11   11   1199998
9999899998999989999899998999989999899998999989999899998    0    0
   -1   -2   -2   -3   -3   -2   -2   -2   -1    0    0   -1   -2
   -4   -4   -1    0    2    6   10   11   10   10    999998
99998999989999899998999989999899998999989999899998    3    1    1
    0   -1   -1   -2   -2   -1    0    1    2    3    4    3    1
    0    1    2    3    3    7    9   10    9   10   1099998
99998999989999899998999989999899998999989999899998    5    4    3
    2    1    1    0    0    2    3    3    5    6    6    5    3
    3    4    4    5    5    6    7    8    9   12   1499998
99998999989999899998999989999899998999989999899998    7    6    5
    5    4    3    3    3    5    6    6    7    8    8    7    5
    5    6    6    6    6    5    4    7   10   139999899998
99998999989999899998999989999899998999989999899998    9    8    8
    7    6    6    6    6    8    9    9    9    9    8    7    5
    6    7    7    7    6    4    3    5    8   13   1799998
