sst_total_05_2014_ano.22
    6    6    5    5    6    5    6    7    7    7    6    6    6
    6    6    6    6    6    7    8    8    9    9    99999899998
999989999899998999989999899998999989999899998999989999899998
    5    5    5    4    4    4    5    5    5    5    5    4    4
    4    5    5    5    6    7    7    8    9   10999989999899998
999989999899998999989999899998999989999899998999989999899998
    5    4    4    3    3    3    3    4    4    4    3    2    2
    3    3    3    4    5    6    8    8   10   11999989999899998
999989999899998999989999899998999989999899998999989999899998
    5    4    3    3    2    2    2    3    3    3    2    1    1
    1    1    1    3    5    6    8    9   1199998999989999899998
999989999899998999989999899998999989999899998999989999899998
    3    3    2    2    1    1    1    1    2    2    1    0    0
   -1    0    1    4    5    6    7    8    999998999989999899998
999989999899998999989999899998999989999899998999989999899998
    1    1    1    1    0   -1    0    0    0    1    0   -1   -2
   -2    0    1    3    5    5    6    6    699998999989999899998
999989999899998999989999899998999989999899998999989999899998
    0    0    0    0   -1   -2   -1   -1   -1   -2   -2   -4   -3
   -2    0    1    4    5    5    4    4    399998999989999899998
999989999899998999989999899998999989999899998999989999899998
    0    0   -1   -1   -1   -1   -2   -2   -3   -4   -5   -5   -4
   -2    0    2    4    5    5    3    2    299998999989999899998
999989999899998999989999899998999989999899998999989999899998
    0    0   -1   -1   -1   -1   -3   -4   -7   -7   -7   -6   -4
   -2    0    3    4    5    5    3    2    299998999989999899998
999989999899998999989999899998999989999899998999989999899998
    1    0    0   -1   -1   -1   -4   -6   -8   -9   -8   -6   -3
   -1    1    4    5    5    5    2    2    2    2999989999899998
999989999899998999989999899998999989999899998999989999899998
    2    1    0    0   -1   -1   -4   -6   -7   -8   -7   -5   -2
    0    2    5    6    6    4    3    3    1    1    19999899998
999989999899998999989999899998999989999899998999989999899998
99998    2    2    0   -1   -1   -2   -4   -5   -5   -5   -3   -2
    1    2    4    6    6    6    5    4    3    3    2    299998
999989999899998999989999899998999989999899998999989999899998
99998999989999899998    0    0    0   -1   -1   -2   -1   -1    0
    1    2    4    6    6    6    6    7    6    5    4    4    4
    5    4    3    4    6    7    8    9   10999989999899998
9999899998999989999899998    0    1    1    1    1    1    1    1
    1    3    4    6    6    7    7    8    9    7    5    5    5
    3    1    1    3    5    8    9   10    9999989999899998
9999899998999989999899998    1    2    2    2    3    3    2    2
    2    3    4    5    6    7    7    8    9    8    7    5    5
    3    1    0    2    5    9   10   11   10999989999899998
999989999899998999989999899998    1    2    2    3    3    3    3
    3    4    4    5    6    6    7    7    7    8    6    6    5
    3    1    0    2    6    9   12   12   12999989999899998
9999899998999989999899998999989999899998    3    4    4    4    4
    4    4    4    5    5    6    5    5    5    5    5    5    5
    3    1    1    3    8   11   14   14   15999989999899998
9999899998999989999899998999989999899998999989999899998    4    4
    4    4    4    4    5    5    4    3    3    4    4    5    5
    5    4    5    7   10   14   15   15   17   199999899998
999989999899998999989999899998999989999899998999989999899998    3
    4    4    4    4    4    4    3    2    1    2    4    6    6
    8    8   10   12   13   16   15   16   18   20   2499998
999989999899998999989999899998999989999899998999989999899998    4
    4    5    4    4    4    3    2    0   -1    0    3    6    8
   10   12   15   16   16   16   16   16   17   20   2299998
9999899998999989999899998999989999899998999989999899998    3    3
    4    5    5    5    4    2    1   -1   -1   -1    1    5    7
   11   14   16   16   15   13   13   14   15   17   1899998
99998999989999899998999989999899998999989999899998    1    2    3
    4    5    5    5    4    3    1   -1   -1   -1    0    3    5
    9   13   15   15   13   11   10   12   13   14   1499998
99998999989999899998999989999899998999989999899998    1    2    3
    4    5    4    4    4    3    3    1    0   -1    0    2    3
    8   11   13   12   11    9    8   10   11   13   1499998
99998999989999899998999989999899998999989999899998    2    3    4
    4    5    4    3    4    4    4    4    1    0    0    1    3
    6    9   10   11    9    8    6    7    9   129999899998
99998999989999899998999989999899998999989999899998    3    3    4
    5    5    4    4    4    5    5    6    3    2    0    0    1
    5    7    9   10    9    7    6    5    6    9   1199998
