sst_total_10_2014_ano.22
    7    8    9   10   12   13   14   15   16   15   15   15   14
   13   13   13   12   13   13   13   13   14   16   189999899998
999989999899998999989999899998999989999899998999989999899998
    8    9   10   11   11   12   13   13   14   15   15   14   14
   13   13   13   14   14   14   13   13   13   15999989999899998
999989999899998999989999899998999989999899998999989999899998
    9   10   11   11   11   12   12   12   12   13   13   14   13
   13   13   13   14   15   14   13   13   14   15999989999899998
999989999899998999989999899998999989999899998999989999899998
    9   11   11   12   12   11   10   10   11   11   12   12   12
   13   13   13   14   15   14   14   15   1699998999989999899998
999989999899998999989999899998999989999899998999989999899998
    9   10   11   12   11   10    9    9    9   10   10   10   11
   11   12   13   14   15   14   14   15   1699998999989999899998
999989999899998999989999899998999989999899998999989999899998
    7    8    9    9    9    8    7    7    7    8    8    9    9
   10   11   12   13   14   14   14   13   1299998999989999899998
999989999899998999989999899998999989999899998999989999899998
    5    6    7    7    7    6    5    6    6    6    6    7    8
    9   10   11   13   14   14   13   11   1199998999989999899998
999989999899998999989999899998999989999899998999989999899998
    4    4    5    5    5    5    5    5    5    6    6    7    7
    8    9   11   13   14   15   13   11   1099998999989999899998
999989999899998999989999899998999989999899998999989999899998
    4    4    4    4    5    4    5    5    6    7    7    7    7
    8   10   11   13   14   14   12   11   1099998999989999899998
999989999899998999989999899998999989999899998999989999899998
    4    4    4    4    5    5    5    6    8    8    8    8    8
    8   10   12   13   13   12   10    9    8    7999989999899998
999989999899998999989999899998999989999899998999989999899998
    5    5    5    6    6    6    6    7    9    9    8    8    8
    9   10   12   12   12   10    9    7    6    6    59999899998
999989999899998999989999899998999989999899998999989999899998
99998    7    7    7    7    7    7    8    8    8    8    8    8
    9   10   12   11   11    9    7    6    5    5    5    699998
999989999899998999989999899998999989999899998999989999899998
99998999989999899998    7    7    7    7    7    6    6    6    6
    7    9    9    9    8    8    6    5    4    4    5    5    5
    7    7    7    8    8    8    8    8    8999989999899998
9999899998999989999899998    6    6    5    5    4    3    3    4
    6    7    8    7    6    6    6    4    4    5    5    5    5
    6    6    6    7    8    8    8    7    7999989999899998
9999899998999989999899998    3    3    4    4    3    2    1    3
    4    6    6    5    5    5    4    4    4    5    5    5    5
    5    5    5    6    7    8    7    7    6999989999899998
999989999899998999989999899998    3    3    3    3    2    1    2
    4    5    4    4    4    5    4    3    4    6    5    5    6
    5    5    5    6    7    7    7    7    7999989999899998
9999899998999989999899998999989999899998    4    3    2    1    2
    3    4    3    3    4    4    4    5    4    5    4    4    5
    5    5    6    7    7    7    7    6    6999989999899998
9999899998999989999899998999989999899998999989999899998    2    2
    2    3    3    3    3    5    5    6    6    5    5    5    5
    6    6    6    6    6    6    6    5    6    89999899998
999989999899998999989999899998999989999899998999989999899998    2
    2    2    3    3    4    5    6    7    6    5    6    5    5
    6    6    5    5    5    5    5    5    6    7    999998
999989999899998999989999899998999989999899998999989999899998    2
    2    2    3    4    5    6    6    6    6    6    6    6    6
    5    5    4    3    2    2    3    4    6    6    899998
9999899998999989999899998999989999899998999989999899998    3    2
    2    3    3    5    6    7    7    6    5    5    6    5    5
    4    2    1    0   -1    0    1    3    4    4    599998
99998999989999899998999989999899998999989999899998    3    2    2
    2    2    3    5    6    7    7    6    5    5    5    5    4
    2    1    0   -1   -2   -2    0    2    3    3    499998
99998999989999899998999989999899998999989999899998    2    1    0
    1    1    2    4    5    7    7    6    5    4    4    3    2
    0   -1   -1   -2   -3   -2   -1    1    3    5    799998
99998999989999899998999989999899998999989999899998    0    0    0
    1    1    1    3    5    6    7    6    4    3    3    1   -1
   -2   -2   -2   -3   -3   -2   -2    1    3    69999899998
99998999989999899998999989999899998999989999899998    0    0    0
    0    0    1    2    5    6    5    6    4    3    2    0   -3
   -4   -3   -3   -3   -3   -2   -1    1    3    6    899998
