sst_total_07_2015_ano.22
   14   15   16   16   16   16   16   17   17   17   16   16   15
   15   15   14   13   13   11   10   10   10   12   149999899998
999989999899998999989999899998999989999899998999989999899998
   12   13   13   14   14   13   14   14   14   14   13   13   12
   12   12   12   12   12   11   10    8    9   11999989999899998
999989999899998999989999899998999989999899998999989999899998
    9   10   10   10   10   10   10   10   10   10   10    9   10
   10   10   10   11   11   10    9    8    9   11999989999899998
999989999899998999989999899998999989999899998999989999899998
    6    6    6    6    6    5    5    5    6    6    6    6    7
    7    8    8   10   11   10   10   10   1099998999989999899998
999989999899998999989999899998999989999899998999989999899998
    3    3    3    2    2    1    1    1    2    2    2    3    4
    5    6    7    9   11   10   11   10   1099998999989999899998
999989999899998999989999899998999989999899998999989999899998
    0   -1    0   -1   -1   -2   -2   -1   -1    0    0    1    2
    3    5    7    9   10   11   11   10    999998999989999899998
999989999899998999989999899998999989999899998999989999899998
   -2   -2   -2   -2   -3   -3   -3   -3   -2   -1    0    0    1
    3    5    6    8   10   12   12   11    999998999989999899998
999989999899998999989999899998999989999899998999989999899998
   -2   -2   -2   -2   -2   -3   -2   -1   -1    0    0    1    1
    3    5    7    8   11   13   13   12   1199998999989999899998
999989999899998999989999899998999989999899998999989999899998
   -1   -1   -1   -1   -1   -1   -1   -1    0    1    1    1    2
    4    6    8    9   11   13   13   13   1499998999989999899998
999989999899998999989999899998999989999899998999989999899998
    0    0    0    0    0    0    1    1    2    2    2    3    4
    6    8    9   11   12   12   13   14   15   17999989999899998
999989999899998999989999899998999989999899998999989999899998
    1    1    2    2    2    1    2    3    3    3    4    4    6
    7    9   11   12   12   12   12   14   15   16   169999899998
999989999899998999989999899998999989999899998999989999899998
99998    2    2    2    2    2    2    3    4    4    4    5    6
    8    9   11   11   10    9   10   11   13   14   13   1499998
999989999899998999989999899998999989999899998999989999899998
99998999989999899998    2    2    3    3    3    3    3    4    5
    8    9   10    8    6    4    5    6    9   10   10    9    7
    5    5    6    7    8   10   12   14   16999989999899998
9999899998999989999899998    3    3    4    3    3    1    2    5
    7    9    9    6    3    1    0    0    3    5    6    5    3
    1    0    1    2    4    8   10   11   13999989999899998
9999899998999989999899998    2    3    4    4    3    1    2    4
    7   10    9    5    2   -1   -2   -3   -1    2    3    4    3
    1   -1   -2    0    3    6    8    9   10999989999899998
999989999899998999989999899998    4    5    5    3    2    2    4
    7   10    9    5    3    0   -2   -3   -2    1    2    3    3
    2    0    0    2    4    7    8    9    9999989999899998
9999899998999989999899998999989999899998    6    4    2    2    4
    7    9    8    5    3    1   -1   -1   -1    1    2    3    4
    4    3    2    4    5    6    7    8    7999989999899998
9999899998999989999899998999989999899998999989999899998    3    5
    7    8    8    7    5    2    1    0    2    2    3    5    6
    7    7    6    4    4    4    4    4    4    59999899998
999989999899998999989999899998999989999899998999989999899998    7
    8    9    9    8    6    4    3    2    3    4    4    6    6
    7    8    8    5    3    2    2    2    3    4    599998
999989999899998999989999899998999989999899998999989999899998    9
    9    9   10    9    7    6    6    4    4    5    5    5    4
    5    5    6    5    2    0    0    2    3    5    799998
9999899998999989999899998999989999899998999989999899998    9    9
    9   10   11   11   10    9    7    6    4    4    2    1    0
    0    1    2    3    2    0    0    2    4    6    899998
99998999989999899998999989999899998999989999899998   10    9    8
    8    9   11   11   12   10    8    5    3    1    0   -2   -4
   -4   -4   -2    1    2    2    0    2    4    8   1199998
99998999989999899998999989999899998999989999899998    9    7    6
    7    7    8   10   10   10    7    3    0   -2   -4   -6   -9
   -9   -8   -6   -3    1    3    1    2    5    9   1399998
99998999989999899998999989999899998999989999899998    7    5    5
    5    5    6    7    9    7    5    1   -2   -5   -6   -9  -12
  -13  -13   -9   -4    0    2    2    1    4    89999899998
99998999989999899998999989999899998999989999899998    6    4    4
    3    3    4    5    6    5    2   -1   -3   -5   -7  -10  -13
  -15  -16  -12   -6    0    2    2    1    2    6   1099998
