sst_total_06_2017_ano.22
    7    8    8    8    8    7    5    4    3    4    4    6    8
    9   11   12   12   12   13   14   15   16   18   209999899998
999989999899998999989999899998999989999899998999989999899998
    7    7    7    7    7    6    5    5    5    5    6    7    9
   10   11   12   12   13   13   13   14   15   17999989999899998
999989999899998999989999899998999989999899998999989999899998
    6    7    6    6    6    6    5    5    6    8    9   10   11
   12   13   13   12   13   13   13   13   14   15999989999899998
999989999899998999989999899998999989999899998999989999899998
    6    6    6    6    5    5    6    7    8   10   11   12   14
   14   15   14   14   13   12   12   13   1599998999989999899998
999989999899998999989999899998999989999899998999989999899998
    6    6    5    5    5    5    6    8   10   11   12   14   14
   14   14   15   14   11   10   10   12   1499998999989999899998
999989999899998999989999899998999989999899998999989999899998
    5    5    5    5    5    5    7    9   11   13   14   13   11
   11   10   11   10    8    7    7    9   1099998999989999899998
999989999899998999989999899998999989999899998999989999899998
    5    5    5    5    5    5    7   10   13   14   15   11    9
    7    5    6    5    5    4    4    5    899998999989999899998
999989999899998999989999899998999989999899998999989999899998
    5    5    5    5    6    5    8   11   13   15   15   10    6
    3    1    1    1    1    1    2    3    699998999989999899998
999989999899998999989999899998999989999899998999989999899998
    6    6    6    6    6    6    8   10   12   14   13    9    5
    2   -1   -1   -2   -2   -1    0    2    599998999989999899998
999989999899998999989999899998999989999899998999989999899998
    6    6    6    7    6    6    7    9   11   11   11    7    4
    2   -1   -2   -2   -3   -2   -1    3    6    8999989999899998
999989999899998999989999899998999989999899998999989999899998
    7    7    6    7    6    6    6    8    9    9    9    7    4
    2   -1   -1   -2   -3   -1    1    5    8   10    99999899998
999989999899998999989999899998999989999899998999989999899998
99998    7    7    6    5    4    5    6    7    7    7    6    4
    2    0   -1   -1   -1    1    4    7   10   11    9    799998
999989999899998999989999899998999989999899998999989999899998
99998999989999899998    4    2    2    4    5    6    5    4    2
    1    0    0    0    1    4    7    9   11   12   10    6    3
    1    2    4    6    7   11   15   19   25999989999899998
9999899998999989999899998   -1    0    1    3    4    4    3    2
    1    0    0    1    3    5    8   10   12   11    9    5    2
    1    1    3    5    6   10   12   15   18999989999899998
9999899998999989999899998   -6   -4   -2    1    2    2    2    2
    1    0    1    2    5    7    9   12   12   12    9    6    4
    3    4    5    6    7    9   11   12   14999989999899998
999989999899998999989999899998   -7   -4   -2    0    1    0    0
    0    1    2    4    7    9   11   12   12   11    9    7    5
    7    8    9   11   11   11   10   11   12999989999899998
9999899998999989999899998999989999899998   -3   -2   -1   -1    0
    1    2    3    6    8   10   11   12   11   10    8    7    8
   10   12   13   14   15   13   11   10   10999989999899998
9999899998999989999899998999989999899998999989999899998    0    0
    2    3    4    7    8   10   11   11   11   10    8    8   10
   13   15   16   16   17   15   12   10    9   119999899998
999989999899998999989999899998999989999899998999989999899998    1
    2    3    4    6    8   10   10   10   10   10   11   12   13
   16   17   17   18   18   17   14   11   11   13   1599998
999989999899998999989999899998999989999899998999989999899998    2
    2    2    4    5    7    8    9   10   10   11   12   14   16
   17   17   18   18   18   17   16   14   12   13   1499998
9999899998999989999899998999989999899998999989999899998    3    3
    2    2    2    3    4    6    8    8    9   11   13   14   16
   16   16   16   16   16   16   16   14   13   12   1299998
99998999989999899998999989999899998999989999899998    3    3    2
    2    2    2    1    2    3    5    6    7    9   11   12   13
   13   13   12   12   12   13   13   13   12   13   1299998
99998999989999899998999989999899998999989999899998    3    3    3
    3    2    1   -1   -2    0    1    2    3    5    7    9    9
    8    8    7    7    8   10   11   10   12   14   1499998
99998999989999899998999989999899998999989999899998    3    4    4
    4    3    1   -2   -4   -4   -3   -2   -1    2    3    5    5
    5    4    3    4    6    8    9    9   11   149999899998
99998999989999899998999989999899998999989999899998    4    5    5
    4    3    0   -2   -4   -7   -7   -6   -3   -1    0    2    2
    2    1    1    2    4    6    7    7   10   13   1699998
