sst_total_12_2015_ano.22
   14   14   12   11   10   10    9    9    8    7    6    4    3
    4    4    6    8   10   12   13   13   13   13   149999899998
999989999899998999989999899998999989999899998999989999899998
   14   13   12   10    8    8    8    8    7    6    6    4    3
    4    5    7    9   10   11   11   10   11   11999989999899998
999989999899998999989999899998999989999899998999989999899998
   13   12   10    8    7    6    6    6    6    6    5    4    3
    5    7    8    9   10    9    9    9   10   10999989999899998
999989999899998999989999899998999989999899998999989999899998
   13   11    9    7    6    4    4    4    5    5    5    5    4
    6    8    9   10   11    9    9    8   1099998999989999899998
999989999899998999989999899998999989999899998999989999899998
   11   10    7    6    4    3    3    3    4    5    5    5    5
    5    7    8    9   10    9    9    8    999998999989999899998
999989999899998999989999899998999989999899998999989999899998
    9    8    6    5    3    3    2    2    3    4    5    5    5
    5    5    5    6    8    8    8    8    899998999989999899998
999989999899998999989999899998999989999899998999989999899998
    7    6    5    4    3    2    2    2    3    3    4    5    6
    5    4    3    4    6    8    8    8    899998999989999899998
999989999899998999989999899998999989999899998999989999899998
    5    5    4    3    3    3    2    2    2    3    3    4    6
    6    6    3    5    6    8    9   10   1299998999989999899998
999989999899998999989999899998999989999899998999989999899998
    4    3    3    3    3    3    3    4    3    3    4    5    8
    9    8    6    6    8    9   11   12   1599998999989999899998
999989999899998999989999899998999989999899998999989999899998
    3    2    2    3    3    4    4    4    5    4    4    7    9
   11   11    9    8    9   10   11   14   17   18999989999899998
999989999899998999989999899998999989999899998999989999899998
    2    2    2    2    3    3    4    5    5    5    5    8   11
   12   12   10   10    9   11   12   15   17   19   199999899998
999989999899998999989999899998999989999899998999989999899998
99998    1    1    2    2    3    4    5    5    5    6    8   10
   11   11   11    9    9   11   13   15   17   18   18   1799998
999989999899998999989999899998999989999899998999989999899998
99998999989999899998    2    3    3    4    4    5    6    7    9
   10   10   10    9    8   10   12   15   17   17   16   15   15
   16   16   16   15   13   12   12   11   11999989999899998
9999899998999989999899998    3    3    3    3    4    5    6    8
    8    9    8    8    9   10   12   15   15   15   14   13   14
   14   14   14   13   12   12   11   11   11999989999899998
9999899998999989999899998    3    4    4    4    5    6    6    7
    7    8    8    8    9    9   11   13   14   13   12   12   12
   13   12   12   12   12   12   12   11    9999989999899998
999989999899998999989999899998    5    4    5    6    6    6    7
    8    8    8    8    9    9    9   10   11   12   11   11   11
   12   11   11   12   12   12   11   10    9999989999899998
9999899998999989999899998999989999899998    5    5    6    6    6
    7    8    7    8    9    9    8    7    9   10   10   11   10
   10   10    9   11   11   12   11   10    9999989999899998
9999899998999989999899998999989999899998999989999899998    5    5
    6    6    7    7    8    8    7    6    7    8    9    9    9
    9    8    9    9   11   11   12   10   10   119999899998
999989999899998999989999899998999989999899998999989999899998    4
    5    6    5    7    7    7    6    6    6    6    7    8    7
    7    6    7    8   10   11   12   12   13   15   1799998
999989999899998999989999899998999989999899998999989999899998    5
    4    4    5    5    5    5    4    4    4    4    5    7    6
    5    5    6    7    9   12   13   15   17   20   2399998
9999899998999989999899998999989999899998999989999899998    5    5
    5    5    5    4    5    4    3    2    2    3    4    5    5
    4    4    4    6    8   12   15   17   20   23   2699998
99998999989999899998999989999899998999989999899998    6    7    7
    7    7    7    6    5    4    3    2    1    2    3    4    4
    4    3    3    5    7   12   14   17   20   23   2699998
99998999989999899998999989999899998999989999899998    7    8    9
   10   10    9    7    6    5    4    3    2    3    4    4    4
    4    3    3    5    8   11   13   15   18   23   2699998
99998999989999899998999989999899998999989999899998    8   10   11
   12   13   11   10    8    7    6    5    4    5    5    5    5
    4    4    3    5    8   10   12   13   16   209999899998
99998999989999899998999989999899998999989999899998    9   12   13
   15   15   14   12   10    9    8    8    6    6    8    7    7
    5    4    4    6    8    9   10   10   13   16   2099998
