sst_total_11_2015_ano.22
    6    8    8    9   10   10   10   10    9    9    9    8    8
    7    6    5    6    6    9   11   11    8    6    39999899998
999989999899998999989999899998999989999899998999989999899998
    7    8    8    9    9    8    8    8    8    8    7    8    7
    7    6    6    6    6    8    8    8    5    2999989999899998
999989999899998999989999899998999989999899998999989999899998
    8    9    9    9    8    7    6    6    6    7    7    7    7
    7    7    7    7    7    7    6    6    4    0999989999899998
999989999899998999989999899998999989999899998999989999899998
   10   10    9    9    7    6    5    4    5    6    6    7    8
    7    8    8    8    8    6    6    5    499998999989999899998
999989999899998999989999899998999989999899998999989999899998
   10   10    9    8    6    5    4    3    4    6    7    7    8
    7    8    8    9    9    7    5    4    399998999989999899998
999989999899998999989999899998999989999899998999989999899998
    9    9    8    7    6    4    3    3    4    5    7    6    7
    7    7    8    9   10    8    6    3   -199998999989999899998
999989999899998999989999899998999989999899998999989999899998
    8    8    7    6    5    4    3    4    4    5    6    6    6
    6    7    7   10   11   10    7    3    099998999989999899998
999989999899998999989999899998999989999899998999989999899998
    7    6    6    5    5    4    5    6    6    6    6    6    6
    6    7    8   11   12   11    9    6    499998999989999899998
999989999899998999989999899998999989999899998999989999899998
    7    6    6    5    5    5    6    6    8    8    8    7    7
    8    8    9   11   12   11   10    8    899998999989999899998
999989999899998999989999899998999989999899998999989999899998
    7    7    6    6    5    5    5    7    8    9    9    8    8
    9    9   10   11   12   11   11   10   11   12999989999899998
999989999899998999989999899998999989999899998999989999899998
    8    7    6    6    5    5    6    6    7    8    8    8    9
   10   10   11   12   11   11   11   11   12   13   139999899998
999989999899998999989999899998999989999899998999989999899998
99998    7    7    6    6    5    5    5    6    6    7    8    9
    9   11   13   13   12   11   11   11   12   13   13   1399998
999989999899998999989999899998999989999899998999989999899998
99998999989999899998    6    6    6    5    5    5    5    7    8
   10   11   13   13   12   11   11   11   12   12   12   11   11
   11   11   11   11   10    8    8    7    7999989999899998
9999899998999989999899998    6    6    4    4    3    4    5    7
    9   11   13   13   13   12   12   12   12   12   11   10   10
   10   11   11   11   10    9    9    9    9999989999899998
9999899998999989999899998    7    5    4    3    2    3    4    6
    8   11   12   12   12   12   12   12   11   11   10    9    9
   10   11   11   11   10   10    9   10   10999989999899998
999989999899998999989999899998    5    4    2    2    2    3    5
    7    9   10   10   10   10   10   10   10    9    8    8    8
   10   10   10    9    9    9    9   10   11999989999899998
9999899998999989999899998999989999899998    1    1    2    2    4
    5    7    7    7    7    7    7    7    6    6    6    6    7
    8    8    8    7    6    6    7    9   11999989999899998
9999899998999989999899998999989999899998999989999899998    2    3
    4    4    3    3    3    3    3    3    3    4    4    5    6
    7    7    6    5    4    4    5    7   10   159999899998
999989999899998999989999899998999989999899998999989999899998    3
    2    1    0   -1    0    0    0    0    2    2    3    4    5
    6    6    5    4    3    4    5    7   11   17   2399998
999989999899998999989999899998999989999899998999989999899998    3
    1    0   -2   -3   -4   -3   -1   -1    0    1    2    4    4
    4    4    4    3    3    4    5    8   13   19   2699998
9999899998999989999899998999989999899998999989999899998    6    5
    3    0   -1   -4   -4   -3   -2   -2   -1    0    2    2    3
    3    3    3    3    3    4    5    9   14   21   2799998
99998999989999899998999989999899998999989999899998    7    7    6
    6    3    0   -2   -2   -1    0   -2   -2   -2    0    1    1
    2    2    3    3    3    3    5    9   15   21   2799998
99998999989999899998999989999899998999989999899998    7    8    8
    8    7    4    2    2    2    1   -1   -3   -3   -2    0    0
    1    2    3    3    3    3    5    9   15   21   2999998
99998999989999899998999989999899998999989999899998    8    9   11
   11   10    7    6    6    4    2   -1   -3   -4   -3   -2    0
    1    2    3    3    4    4    5    8   13   219999899998
99998999989999899998999989999899998999989999899998    8   11   12
   13   13   10    9    8    6    2   -1   -3   -5   -4   -3   -1
    1    3    3    4    4    4    4    6   11   18   2499998
