tauX_total_02_2017_moy.22
  -44   32   87  187  276  288  196   44 -199 -475 -695 -465 -328
 -266 -216 -190  -54   22   -9 -111 -221 -138   -5  2099999899998
999989999899998999989999899998999989999899998999989999899998
 -303 -245 -187  -80   28   88   18 -104 -312 -512 -616 -543 -461
 -398 -337 -288 -177 -100 -165 -274 -386 -293 -167999989999899998
999989999899998999989999899998999989999899998999989999899998
 -492 -468 -406 -309 -218 -143 -194 -272 -421 -557 -608 -598 -566
 -522 -477 -417 -322 -248 -310 -413 -520 -465 -356999989999899998
999989999899998999989999899998999989999899998999989999899998
 -551 -535 -486 -423 -362 -333 -378 -447 -536 -595 -631 -644 -634
 -609 -573 -527 -453 -375 -412 -491 -573 -57099998999989999899998
999989999899998999989999899998999989999899998999989999899998
 -490 -445 -416 -393 -379 -429 -499 -582 -619 -641 -640 -650 -648
 -638 -616 -595 -519 -468 -464 -481 -501 -53499998999989999899998
999989999899998999989999899998999989999899998999989999899998
 -424 -388 -355 -360 -428 -505 -602 -700 -712 -683 -642 -612 -603
 -613 -627 -609 -579 -556 -508 -457 -425 -40699998999989999899998
999989999899998999989999899998999989999899998999989999899998
 -527 -481 -459 -484 -528 -575 -679 -774 -787 -738 -679 -611 -588
 -612 -628 -621 -635 -624 -561 -480 -392 -33299998999989999899998
999989999899998999989999899998999989999899998999989999899998
 -779 -732 -694 -672 -648 -650 -697 -749 -767 -747 -698 -659 -650
 -671 -668 -649 -658 -646 -585 -482 -361 -27299998999989999899998
999989999899998999989999899998999989999899998999989999899998
-1004 -977 -929 -848 -765 -709 -685 -678 -689 -697 -676 -687 -700
 -714 -697 -654 -625 -597 -540 -419 -270 -13399998999989999899998
999989999899998999989999899998999989999899998999989999899998
-1148-1120-1086 -998 -884 -760 -682 -648 -660 -655 -638 -668 -697
 -708 -684 -618 -562 -491 -405 -282 -138   31  174999989999899998
999989999899998999989999899998999989999899998999989999899998
-1229-1211-1188-1111 -986 -854 -739 -697 -691 -674 -623 -620 -644
 -644 -606 -537 -443 -349 -240 -124    0  131  219  2819999899998
999989999899998999989999899998999989999899998999989999899998
99998-1237-1231-1179-1059 -938 -830 -782 -754 -701 -611 -563 -528
 -505 -472 -411 -318 -234 -135  -19   79  154  199  222  20899998
999989999899998999989999899998999989999899998999989999899998
99998999989999899998-1098 -971 -900 -852 -807 -726 -622 -492 -398
 -355 -316 -279 -226 -169  -95  -16   54   93  111  116   97   74
   97  141  167  131   41  -38  -58   25  118999989999899998
9999899998999989999899998 -926 -871 -798 -741 -683 -629 -478 -337
 -256 -223 -200 -188 -154 -105  -58  -19   -2   14   16    7   -7
   21   63   71   37  -39  -89  -77   -2   81999989999899998
9999899998999989999899998 -822 -704 -623 -586 -592 -590 -523 -404
 -287 -224 -227 -223 -192 -145 -117  -97  -82  -60  -60  -69  -83
  -62  -31  -27  -59 -122 -142 -100  -19   57999989999899998
999989999899998999989999899998 -499 -432 -435 -492 -555 -568 -502
 -389 -329 -334 -334 -296 -239 -200 -180 -150 -124 -117 -129 -140
 -135 -114 -105 -126 -184 -170 -106  -23   47999989999899998
9999899998999989999899998999989999899998 -306 -428 -558 -610 -575
 -492 -453 -468 -461 -422 -359 -298 -263 -229 -194 -164 -164 -177
 -173 -156 -135 -146 -177 -154  -86  -14   22999989999899998
9999899998999989999899998999989999899998999989999899998 -627 -593
 -536 -520 -547 -547 -515 -452 -387 -346 -306 -256 -210 -184 -185
 -187 -173 -152 -138 -128 -101  -47   -8   -6  -189999899998
999989999899998999989999899998999989999899998999989999899998 -549
 -504 -500 -553 -570 -560 -519 -468 -422 -372 -307 -245 -206 -193
 -197 -203 -192 -164 -125  -72  -31  -14   -5    5    499998
999989999899998999989999899998999989999899998999989999899998 -451
 -426 -454 -512 -570 -597 -586 -559 -502 -405 -333 -269 -218 -191
 -204 -226 -227 -206 -166 -108  -57  -21   14   56   8199998
9999899998999989999899998999989999899998999989999899998 -441 -408
 -388 -414 -476 -574 -640 -656 -632 -552 -420 -335 -285 -231 -186
 -204 -224 -239 -242 -212 -166 -108  -42   43  115  16999998
99998999989999899998999989999899998999989999899998 -510 -446 -401
 -379 -391 -469 -598 -689 -706 -665 -558 -442 -348 -300 -266 -240
 -235 -229 -239 -249 -237 -208 -174  -94   22  137  21199998
99998999989999899998999989999899998999989999899998 -506 -423 -373
 -360 -389 -472 -624 -726 -720 -650 -541 -439 -360 -333 -330 -322
 -296 -269 -254 -236 -236 -251 -255 -183  -67   65  17999998
99998999989999899998999989999899998999989999899998 -487 -393 -337
 -330 -377 -470 -621 -726 -697 -613 -510 -415 -362 -374 -393 -399
 -363 -325 -274 -232 -223 -287 -330 -281 -178  -659999899998
99998999989999899998999989999899998999989999899998 -465 -365 -307
 -306 -358 -469 -594 -700 -672 -575 -473 -397 -361 -400 -442 -463
 -425 -380 -296 -225 -200 -306 -380 -363 -272 -170  -8099998
