tauX_total_07_2017_moy.22
 -233 -216 -244 -245 -244 -244 -291 -397 -575 -707 -792 -665 -537
 -380 -249 -198 -512 -766 -764 -672 -562 -417 -303 -2399999899998
999989999899998999989999899998999989999899998999989999899998
 -263 -303 -361 -386 -384 -380 -435 -525 -668 -792 -847 -743 -620
 -490 -375 -373 -586 -731 -712 -633 -520 -412 -333999989999899998
999989999899998999989999899998999989999899998999989999899998
 -298 -416 -507 -555 -577 -566 -608 -665 -771 -869 -913 -844 -732
 -635 -551 -546 -638 -678 -623 -524 -415 -346 -306999989999899998
999989999899998999989999899998999989999899998999989999899998
 -358 -526 -641 -711 -744 -732 -742 -763 -835 -897 -932 -911 -834
 -758 -713 -682 -650 -597 -496 -376 -262 -20499998999989999899998
999989999899998999989999899998999989999899998999989999899998
 -449 -608 -721 -793 -827 -806 -769 -767 -822 -861 -876 -875 -855
 -819 -764 -693 -591 -489 -356 -206  -76    599998999989999899998
999989999899998999989999899998999989999899998999989999899998
 -525 -624 -717 -787 -787 -755 -706 -694 -729 -764 -776 -793 -796
 -765 -702 -619 -507 -395 -257 -101   48  13399998999989999899998
999989999899998999989999899998999989999899998999989999899998
 -531 -570 -638 -687 -704 -660 -611 -609 -627 -641 -654 -682 -696
 -660 -595 -505 -427 -347 -233  -82   72  18099998999989999899998
999989999899998999989999899998999989999899998999989999899998
 -466 -495 -539 -568 -582 -575 -553 -538 -535 -543 -556 -569 -570
 -526 -457 -376 -334 -286 -196  -65   80  19399998999989999899998
999989999899998999989999899998999989999899998999989999899998
 -344 -391 -420 -445 -462 -477 -470 -452 -447 -441 -431 -425 -405
 -360 -292 -223 -203 -169 -102   11  143  24899998999989999899998
999989999899998999989999899998999989999899998999989999899998
 -216 -257 -289 -325 -344 -347 -350 -340 -334 -306 -271 -250 -213
 -174 -120  -61  -48  -23   22  110  220  320  404999989999899998
999989999899998999989999899998999989999899998999989999899998
 -155 -177 -199 -223 -233 -224 -225 -227 -211 -177 -136  -92  -48
   -8   34   70  102  107  131  183  261  337  360  3709999899998
999989999899998999989999899998999989999899998999989999899998
99998 -158 -177 -167 -141 -134 -140 -158 -150 -126  -91  -19   39
   94  119  130  150  139  145  171  220  257  263  267  25999998
999989999899998999989999899998999989999899998999989999899998
99998999989999899998 -101 -112 -145 -185 -215 -225 -191  -97  -10
   58   82   70   40   18   15   34   78  107  133  143  133  114
  143  175  190  179  162  182  213  303  425999989999899998
9999899998999989999899998 -183 -247 -307 -375 -417 -422 -328 -206
 -114  -84 -102 -169 -199 -188 -157 -124  -63   -8   14   12   12
   34   63   77   80   80  110  159  233  316999989999899998
9999899998999989999899998 -296 -356 -443 -543 -624 -647 -580 -457
 -351 -291 -302 -348 -373 -353 -322 -278 -224 -162 -129 -109 -105
  -95  -68  -51  -38  -24   13   75  133  183999989999899998
999989999899998999989999899998 -429 -534 -670 -764 -803 -747 -635
 -523 -458 -459 -477 -478 -452 -421 -395 -361 -325 -286 -250 -222
 -209 -183 -152 -131 -127  -81  -13   45   77999989999899998
9999899998999989999899998999989999899998 -732 -827 -865 -807 -716
 -613 -556 -556 -550 -521 -499 -478 -467 -466 -456 -417 -365 -321
 -271 -238 -202 -194 -184 -151  -90  -24   20999989999899998
9999899998999989999899998999989999899998999989999899998 -783 -722
 -653 -621 -622 -601 -557 -522 -506 -501 -506 -489 -445 -396 -371
 -317 -261 -234 -225 -211 -173 -120  -54   11   549999899998
999989999899998999989999899998999989999899998999989999899998 -695
 -664 -667 -688 -659 -619 -563 -532 -507 -488 -446 -400 -377 -370
 -337 -299 -280 -249 -218 -170 -109  -38   28   80  11799998
999989999899998999989999899998999989999899998999989999899998 -686
 -676 -699 -724 -732 -716 -664 -596 -533 -456 -390 -347 -336 -328
 -329 -327 -306 -266 -214 -143  -86  -26   40   95  12499998
9999899998999989999899998999989999899998999989999899998 -777 -734
 -710 -707 -723 -762 -778 -750 -682 -591 -472 -398 -359 -321 -279
 -297 -317 -292 -260 -206 -151  -99  -50   -1   43   8699998
99998999989999899998999989999899998999989999899998 -882 -809 -768
 -729 -687 -684 -727 -773 -777 -734 -646 -555 -482 -422 -354 -282
 -276 -287 -275 -251 -208 -181 -158 -137 -104  -44    699998
99998999989999899998999989999899998999989999899998 -812 -760 -732
 -690 -651 -625 -673 -736 -763 -748 -686 -631 -574 -505 -417 -322
 -271 -250 -262 -249 -221 -231 -249 -262 -225 -142  -7099998
99998999989999899998999989999899998999989999899998 -660 -650 -646
 -622 -589 -573 -628 -691 -732 -740 -698 -666 -625 -567 -479 -363
 -268 -225 -241 -249 -245 -283 -338 -359 -311 -2339999899998
99998999989999899998999989999899998999989999899998 -477 -531 -553
 -564 -562 -572 -613 -675 -730 -746 -702 -669 -632 -588 -508 -382
 -250 -201 -222 -235 -238 -302 -381 -392 -346 -265 -19099998
