tauX_total_12_2016_moy.22
  447  337  289  371  434  443  155 -107 -230 -245 -140   93  238
  159   36  -98 -108 -116 -119 -163 -242 -466 -638 -7659999899998
999989999899998999989999899998999989999899998999989999899998
  120   90   91  159  212  217  -39 -285 -414 -404 -254  -46   39
  -33 -116 -158 -134 -134 -183 -243 -349 -521 -654999989999899998
999989999899998999989999899998999989999899998999989999899998
 -213 -172 -143  -95  -42  -46 -270 -521 -631 -582 -383 -267 -244
 -311 -371 -331 -214 -148 -215 -295 -401 -529 -638999989999899998
999989999899998999989999899998999989999899998999989999899998
 -472 -391 -345 -314 -282 -310 -520 -768 -831 -708 -528 -497 -546
 -620 -633 -562 -372 -233 -262 -347 -423 -48099998999989999899998
999989999899998999989999899998999989999899998999989999899998
 -598 -526 -468 -431 -436 -505 -687 -872 -887 -785 -639 -681 -771
 -863 -893 -797 -591 -455 -416 -424 -452 -45099998999989999899998
999989999899998999989999899998999989999899998999989999899998
 -652 -594 -547 -528 -551 -613 -774 -906 -922 -856 -747 -797 -881
 -994-1029 -933 -777 -676 -644 -588 -539 -50099998999989999899998
999989999899998999989999899998999989999899998999989999899998
 -753 -701 -658 -637 -639 -692 -813 -910 -936 -888 -805 -807 -864
 -970 -968 -882 -824 -801 -800 -763 -673 -62299998999989999899998
999989999899998999989999899998999989999899998999989999899998
 -872 -831 -781 -738 -729 -754 -809 -865 -887 -861 -805 -747 -767
 -795 -760 -703 -753 -797 -821 -795 -726 -66899998999989999899998
999989999899998999989999899998999989999899998999989999899998
 -965 -914 -874 -828 -802 -807 -802 -802 -789 -789 -757 -720 -688
 -621 -574 -554 -608 -668 -696 -686 -626 -53899998999989999899998
999989999899998999989999899998999989999899998999989999899998
-1008 -962 -931 -911 -907 -882 -847 -819 -787 -740 -727 -684 -634
 -555 -493 -464 -480 -503 -503 -487 -437 -360 -278999989999899998
999989999899998999989999899998999989999899998999989999899998
 -996 -972 -952 -957 -931 -898 -850 -810 -784 -744 -721 -665 -595
 -532 -474 -444 -412 -375 -331 -280 -225 -192 -143  -849999899998
999989999899998999989999899998999989999899998999989999899998
99998 -953 -950 -924 -862 -789 -723 -680 -687 -715 -696 -644 -555
 -496 -461 -444 -378 -291 -193 -104  -60  -56  -45   -4   4399998
999989999899998999989999899998999989999899998999989999899998
99998999989999899998 -725 -607 -542 -534 -588 -646 -675 -614 -509
 -423 -397 -398 -328 -222  -90   10   28   13   10   33   36   50
  114  171  200  170  111   76   64  101  156999989999899998
9999899998999989999899998 -390 -374 -426 -524 -634 -689 -618 -491
 -372 -328 -330 -283 -197  -75    9   14    1    2    3   -3    1
   37   90  117  103   58   27   28   64  113999989999899998
9999899998999989999899998 -191 -273 -379 -535 -697 -747 -667 -531
 -393 -320 -336 -325 -266 -170 -122 -127 -116 -114 -120 -115  -99
  -68  -13   27   28   -3  -24  -10   25   62999989999899998
999989999899998999989999899998 -265 -435 -642 -770 -822 -741 -595
 -462 -395 -403 -426 -409 -358 -325 -326 -326 -327 -317 -301 -264
 -183 -112  -49  -20  -38  -42  -28   -2   17999989999899998
9999899998999989999899998999989999899998 -735 -831 -877 -781 -644
 -526 -468 -478 -514 -523 -511 -490 -468 -498 -511 -495 -453 -392
 -273 -158  -77  -36  -31  -29  -19   -9  -20999989999899998
9999899998999989999899998999989999899998999989999899998 -782 -656
 -550 -508 -544 -591 -605 -592 -565 -535 -569 -568 -545 -498 -423
 -307 -166  -88  -45  -30  -24   -6   -4  -33  -689999899998
999989999899998999989999899998999989999899998999989999899998 -615
 -540 -547 -612 -672 -684 -640 -593 -566 -555 -514 -465 -419 -355
 -265 -174 -121  -91  -73  -46  -18   -7  -21  -47  -7399998
999989999899998999989999899998999989999899998999989999899998 -545
 -535 -585 -666 -736 -742 -682 -631 -590 -501 -423 -336 -268 -222
 -182 -177 -161 -149 -130  -90  -42   -6    8   -4  -2499998
9999899998999989999899998999989999899998999989999899998 -550 -512
 -533 -587 -682 -742 -753 -711 -662 -608 -481 -367 -252 -149 -107
 -148 -196 -216 -217 -185 -128  -65   -7   37   51   4499998
99998999989999899998999989999899998999989999899998 -570 -500 -457
 -472 -537 -638 -697 -716 -698 -650 -618 -530 -428 -310 -201 -142
 -210 -263 -281 -277 -249 -169 -108  -46   19   67   8799998
99998999989999899998999989999899998999989999899998 -466 -398 -359
 -361 -419 -516 -598 -631 -617 -605 -608 -595 -553 -475 -379 -315
 -325 -337 -333 -321 -290 -244 -202 -149  -85  -16   5499998
99998999989999899998999989999899998999989999899998 -345 -286 -253
 -245 -287 -372 -463 -517 -496 -522 -555 -620 -637 -618 -568 -507
 -444 -402 -379 -348 -317 -322 -317 -289 -232 -1639999899998
99998999989999899998999989999899998999989999899998 -252 -203 -179
 -175 -197 -268 -355 -434 -409 -421 -471 -605 -663 -701 -717 -651
 -525 -439 -403 -359 -326 -386 -426 -422 -366 -289 -22299998
