tauX_total_10_2014_moy.22
 -114 -113 -118 -173 -230 -288 -227 -155  -69   -5   16  -52  -88
  -11   82  162  195  195  140   52  -16  -50  -63  -619999899998
999989999899998999989999899998999989999899998999989999899998
 -166 -152 -166 -215 -250 -273 -232 -188 -139  -92  -72 -116 -141
  -86  -11   49   65   62   11  -59 -122 -153 -160999989999899998
999989999899998999989999899998999989999899998999989999899998
 -172 -182 -199 -232 -274 -286 -273 -266 -253 -221 -190 -185 -179
 -155 -125  -91  -82  -88 -136 -179 -211 -248 -274999989999899998
999989999899998999989999899998999989999899998999989999899998
 -202 -229 -245 -258 -282 -315 -363 -399 -406 -389 -337 -251 -187
 -187 -196 -217 -220 -225 -243 -246 -253 -29299998999989999899998
999989999899998999989999899998999989999899998999989999899998
 -298 -317 -314 -303 -306 -339 -444 -536 -572 -537 -450 -305 -201
 -208 -248 -305 -323 -316 -278 -240 -227 -23999998999989999899998
999989999899998999989999899998999989999899998999989999899998
 -474 -444 -406 -361 -328 -346 -491 -619 -675 -644 -523 -369 -266
 -279 -337 -385 -388 -360 -279 -199 -149 -13599998999989999899998
999989999899998999989999899998999989999899998999989999899998
 -671 -565 -493 -417 -355 -344 -508 -678 -753 -711 -573 -426 -367
 -410 -461 -473 -449 -382 -263 -152  -78  -4299998999989999899998
999989999899998999989999899998999989999899998999989999899998
 -747 -601 -521 -435 -357 -356 -513 -705 -784 -723 -571 -477 -478
 -554 -601 -572 -481 -372 -244 -118  -29   2299998999989999899998
999989999899998999989999899998999989999899998999989999899998
 -626 -540 -471 -399 -357 -387 -539 -716 -767 -684 -515 -474 -519
 -631 -683 -616 -450 -305 -194  -80    3   4999998999989999899998
999989999899998999989999899998999989999899998999989999899998
 -413 -403 -366 -346 -359 -405 -565 -699 -714 -567 -397 -385 -455
 -593 -653 -533 -343 -186 -106  -38   17   43   53999989999899998
999989999899998999989999899998999989999899998999989999899998
 -250 -264 -253 -278 -329 -396 -529 -631 -588 -420 -247 -248 -347
 -477 -510 -379 -190  -64  -25   -4   16   29   37   469999899998
999989999899998999989999899998999989999899998999989999899998
99998 -147 -154 -201 -272 -346 -441 -521 -459 -286 -102 -108 -215
 -327 -337 -224  -70   16   24    8    6   11   25   43   5899998
999989999899998999989999899998999989999899998999989999899998
99998999989999899998 -214 -307 -405 -487 -433 -252  -75  -29 -109
 -205 -228 -138  -47   12   15  -14  -26  -15    4   30   48   64
  106  166  209  216  190  153  125  111  101999989999899998
9999899998999989999899998 -324 -464 -559 -520 -385 -242 -161 -158
 -202 -245 -203 -154 -106  -80  -79  -83  -64  -48  -23    2   33
   87  150  200  209  186  150  127  118  116999989999899998
9999899998999989999899998 -392 -596 -701 -708 -675 -579 -473 -396
 -380 -377 -377 -345 -312 -253 -190 -169 -167 -151 -121  -87  -46
   34  105  156  176  161  134  118  119  121999989999899998
999989999899998999989999899998 -710 -846 -949 -970 -918 -797 -665
 -583 -552 -557 -565 -532 -443 -314 -264 -289 -256 -219 -181 -138
  -54   29   83  108  109  104  100  108  114999989999899998
9999899998999989999899998999989999899998-1152-1178-1145-1016 -859
 -726 -661 -676 -713 -642 -496 -322 -263 -315 -307 -286 -251 -204
 -139  -63  -11   27   47   62   77   92  104999989999899998
9999899998999989999899998999989999899998999989999899998-1112 -923
 -756 -682 -740 -758 -695 -533 -360 -272 -313 -332 -331 -307 -265
 -214 -150  -92  -51  -26    0   40   73   97  1179999899998
999989999899998999989999899998999989999899998999989999899998 -761
 -631 -640 -761 -810 -784 -636 -471 -375 -344 -381 -395 -392 -360
 -310 -246 -173 -136 -107  -72  -21   37   88  123  15499998
999989999899998999989999899998999989999899998999989999899998 -494
 -495 -596 -750 -869 -863 -725 -575 -484 -449 -479 -517 -543 -525
 -455 -374 -291 -229 -191 -148  -94  -12   68  129  16699998
9999899998999989999899998999989999899998999989999899998 -437 -397
 -447 -568 -730 -858 -871 -767 -627 -525 -538 -584 -669 -720 -718
 -635 -520 -421 -337 -286 -237 -175  -77   32  129  18699998
99998999989999899998999989999899998999989999899998 -511 -440 -397
 -426 -530 -680 -784 -830 -765 -623 -503 -527 -626 -774 -868 -874
 -791 -664 -545 -448 -384 -334 -264 -152  -19   96  17699998
99998999989999899998999989999899998999989999899998 -497 -428 -392
 -398 -461 -569 -693 -766 -712 -581 -456 -456 -577 -762 -907 -933
 -871 -762 -638 -527 -461 -418 -344 -227  -99   22  12299998
99998999989999899998999989999899998999989999899998 -498 -425 -384
 -365 -386 -461 -608 -709 -657 -535 -383 -381 -485 -682 -850 -920
 -880 -794 -682 -569 -506 -468 -408 -304 -188  -819999899998
99998999989999899998999989999899998999989999899998 -515 -439 -385
 -345 -341 -396 -584 -711 -659 -522 -346 -322 -399 -616 -799 -884
 -854 -786 -694 -600 -521 -490 -448 -363 -251 -149  -6899998
