tauX_total_08_2016_moy.22
  -35  -52  -63  -23    7   24  -13  -92 -189 -280 -338 -409 -455
 -354 -237 -161 -430 -664 -823 -881 -777 -497 -282 -1969999899998
999989999899998999989999899998999989999899998999989999899998
 -105 -116 -131 -116  -98  -87 -158 -246 -341 -415 -445 -468 -480
 -392 -275 -211 -465 -663 -774 -787 -668 -422 -223999989999899998
999989999899998999989999899998999989999899998999989999899998
 -162 -188 -222 -242 -246 -236 -325 -407 -479 -525 -533 -527 -490
 -421 -312 -247 -457 -613 -669 -622 -457 -268 -130999989999899998
999989999899998999989999899998999989999899998999989999899998
 -216 -275 -329 -376 -392 -398 -452 -499 -541 -547 -540 -503 -452
 -412 -353 -297 -416 -517 -496 -365 -190  -4899998999989999899998
999989999899998999989999899998999989999899998999989999899998
 -274 -362 -417 -461 -501 -509 -487 -483 -491 -493 -481 -446 -419
 -398 -382 -394 -402 -383 -263 -117   27  14599998999989999899998
999989999899998999989999899998999989999899998999989999899998
 -363 -430 -479 -517 -525 -502 -433 -409 -407 -406 -404 -396 -407
 -417 -430 -420 -337 -255 -117   33  158  23199998999989999899998
999989999899998999989999899998999989999899998999989999899998
 -468 -487 -509 -513 -497 -454 -393 -368 -364 -365 -364 -381 -402
 -418 -420 -391 -293 -179  -51   67  156  19099998999989999899998
999989999899998999989999899998999989999899998999989999899998
 -510 -492 -498 -483 -445 -401 -372 -359 -353 -346 -344 -359 -352
 -352 -331 -284 -205 -106  -29   52  109  13699998999989999899998
999989999899998999989999899998999989999899998999989999899998
 -451 -437 -434 -417 -376 -313 -305 -309 -312 -296 -280 -265 -248
 -232 -182 -103  -32   16   35   77  122  14899998999989999899998
999989999899998999989999899998999989999899998999989999899998
 -335 -355 -353 -334 -269 -201 -175 -177 -201 -200 -158 -135 -143
 -121  -25   98  159  157  135  130  173  211  251999989999899998
999989999899998999989999899998999989999899998999989999899998
 -230 -277 -281 -244 -178  -98  -50  -53  -88  -90  -64  -80 -109
  -74   37  186  244  217  171  151  197  264  302  3029999899998
999989999899998999989999899998999989999899998999989999899998
99998 -209 -234 -179 -108  -42  -15  -46  -90 -100  -80 -125 -169
 -130  -14  140  195  173  113   96  158  238  272  258  22899998
999989999899998999989999899998999989999899998999989999899998
99998999989999899998  -88  -73 -118 -197 -262 -279 -237 -265 -291
 -255 -147  -15   39   27  -27  -32   42  120  159  156  139  126
   98   79   93  116  176  294  410  511  614999989999899998
9999899998999989999899998 -217 -332 -457 -541 -552 -497 -459 -434
 -391 -308 -204 -162 -177 -204 -187 -114  -37   10   25   34   39
   39   38   42   60  105  192  277  358  434999989999899998
9999899998999989999899998 -425 -591 -742 -836 -826 -753 -642 -556
 -499 -433 -368 -349 -364 -356 -311 -245 -176 -130 -103  -83  -69
  -49  -29  -25   -6   25   82  139  198  248999989999899998
999989999899998999989999899998 -805 -950-1047-1033 -929 -768 -629
 -549 -502 -488 -493 -487 -450 -392 -333 -286 -241 -211 -187 -169
 -136 -105  -87  -67  -40  -10   31   72  108999989999899998
9999899998999989999899998999989999899998-1190-1125 -984 -790 -642
 -557 -535 -554 -576 -548 -496 -438 -395 -354 -316 -282 -256 -240
 -214 -186 -147 -119  -90  -62  -23   11   22999989999899998
9999899998999989999899998999989999899998999989999899998 -726 -600
 -532 -534 -581 -595 -575 -523 -468 -422 -385 -351 -320 -297 -286
 -282 -264 -224 -177 -129  -77  -32   -6   -1   -19999899998
999989999899998999989999899998999989999899998999989999899998 -515
 -485 -515 -585 -619 -625 -579 -517 -455 -401 -372 -349 -341 -343
 -349 -336 -300 -241 -171 -100  -43  -11    5   16   1799998
999989999899998999989999899998999989999899998999989999899998 -432
 -445 -504 -585 -668 -691 -648 -580 -515 -442 -396 -382 -399 -412
 -421 -408 -363 -298 -222 -142  -74  -28    6   27   3599998
9999899998999989999899998999989999899998999989999899998 -435 -418
 -435 -498 -609 -713 -737 -690 -625 -542 -469 -423 -435 -454 -476
 -484 -472 -420 -351 -277 -201 -128  -65  -14   31   5699998
99998999989999899998999989999899998999989999899998 -456 -408 -391
 -419 -508 -638 -732 -753 -692 -583 -500 -442 -416 -449 -497 -527
 -539 -513 -456 -403 -353 -293 -227 -149  -60   27   8299998
99998999989999899998999989999899998999989999899998 -359 -318 -313
 -370 -482 -617 -711 -722 -616 -485 -397 -362 -375 -431 -502 -548
 -550 -515 -474 -439 -425 -416 -372 -276 -143  -13   9799998
99998999989999899998999989999899998999989999899998 -239 -213 -221
 -297 -422 -570 -655 -660 -507 -348 -252 -259 -311 -390 -481 -544
 -532 -497 -471 -461 -481 -516 -507 -396 -236  -889999899998
99998999989999899998999989999899998999989999899998 -139 -132 -151
 -237 -367 -530 -619 -624 -422 -222 -136 -190 -257 -356 -455 -528
 -506 -468 -448 -458 -501 -567 -584 -467 -299 -139  -1499998
