tauX_total_02_2015_moy.22
 -112  159  260  239  139  -24 -129 -261 -538 -793-1020 -948 -805
 -536 -248  -80 -288 -540 -563 -445 -266 -224 -190 -2379999899998
999989999899998999989999899998999989999899998999989999899998
 -139   32   93   51  -49 -188 -296 -393 -577 -763 -931 -882 -752
 -472 -168  -28 -241 -477 -584 -619 -504 -434 -372999989999899998
999989999899998999989999899998999989999899998999989999899998
 -207 -142 -123 -184 -277 -379 -442 -484 -558 -661 -773 -774 -647
 -335  -31   60 -170 -400 -603 -715 -705 -643 -587999989999899998
999989999899998999989999899998999989999899998999989999899998
 -269 -304 -322 -388 -449 -514 -508 -469 -462 -511 -575 -602 -498
 -156   56  114 -117 -339 -577 -729 -775 -74899998999989999899998
999989999899998999989999899998999989999899998999989999899998
 -325 -415 -457 -495 -536 -541 -443 -386 -374 -390 -422 -418 -377
 -139   37   40 -166 -348 -514 -634 -666 -64799998999989999899998
999989999899998999989999899998999989999899998999989999899998
 -417 -483 -527 -523 -509 -464 -387 -335 -327 -362 -415 -422 -400
 -345 -263 -261 -349 -450 -512 -520 -451 -40599998999989999899998
999989999899998999989999899998999989999899998999989999899998
 -557 -581 -589 -555 -506 -458 -406 -371 -387 -426 -456 -485 -479
 -558 -606 -581 -572 -581 -533 -405 -267 -17799998999989999899998
999989999899998999989999899998999989999899998999989999899998
 -728 -686 -664 -633 -586 -548 -528 -501 -498 -508 -518 -525 -514
 -549 -602 -629 -638 -601 -487 -320 -166  -4799998999989999899998
999989999899998999989999899998999989999899998999989999899998
 -838 -773 -744 -733 -723 -708 -684 -661 -615 -579 -577 -561 -539
 -505 -513 -520 -534 -516 -419 -269 -113   2099998999989999899998
999989999899998999989999899998999989999899998999989999899998
 -859 -823 -826 -848 -865 -859 -821 -791 -729 -693 -673 -638 -594
 -507 -431 -420 -424 -398 -318 -208  -62   69  155999989999899998
999989999899998999989999899998999989999899998999989999899998
 -823 -861 -904 -955 -976 -958 -910 -865 -843 -830 -813 -759 -662
 -532 -419 -370 -344 -298 -219 -103   22  120  171  1779999899998
999989999899998999989999899998999989999899998999989999899998
99998 -881 -971-1035-1040 -993 -946 -885 -895 -911 -887 -814 -678
 -530 -420 -384 -333 -250 -134   -9   87  149  173  175  16399998
999989999899998999989999899998999989999899998999989999899998
99998999989999899998-1071 -976 -884 -824 -828 -812 -757 -646 -498
 -403 -373 -379 -332 -237  -94   27  106  137  133  137  144  154
  167  176  184  197  211  222  232  236  234999989999899998
9999899998999989999899998 -900 -789 -718 -654 -613 -565 -433 -284
 -225 -270 -325 -311 -234 -101   45  142  142  104   77   87  105
  133  148  148  148  155  170  185  198  212999989999899998
9999899998999989999899998 -829 -689 -611 -536 -507 -480 -385 -248
 -166 -202 -277 -290 -237 -104  108  231  199  131   52    8   30
   62   88   87   88   97  117  133  152  177999989999899998
999989999899998999989999899998 -629 -552 -529 -544 -560 -492 -367
 -245 -212 -263 -298 -283 -117  104  261  248  157   41  -49  -62
  -29    6   20   35   53   76   94  114  138999989999899998
9999899998999989999899998999989999899998 -556 -629 -704 -648 -520
 -358 -275 -300 -381 -392 -225  -26  139  182  127   16 -102 -151
 -127  -93  -56  -10   29   52   69   84   94999989999899998
9999899998999989999899998999989999899998999989999899998 -774 -625
 -455 -354 -394 -503 -517 -386 -217  -68    9   12  -72 -175 -216
 -213 -193 -137  -59    4   32   52   62   61   609999899998
999989999899998999989999899998999989999899998999989999899998 -612
 -464 -433 -537 -626 -613 -521 -381 -260 -194 -162 -204 -240 -239
 -257 -272 -239 -144  -46    5   34   41   35   42   4999998
999989999899998999989999899998999989999899998999989999899998 -503
 -449 -519 -666 -725 -690 -594 -486 -403 -350 -333 -307 -252 -234
 -267 -329 -354 -300 -174  -64   -5   13   25   50   6299998
9999899998999989999899998999989999899998999989999899998 -426 -380
 -439 -558 -707 -749 -723 -629 -530 -477 -437 -423 -333 -244 -200
 -278 -384 -460 -471 -372 -207  -86  -23   33   86  11699998
99998999989999899998999989999899998999989999899998 -261 -225 -273
 -396 -532 -637 -689 -695 -637 -577 -533 -509 -474 -363 -238 -165
 -270 -395 -519 -575 -524 -354 -199  -92   26  118  17699998
99998999989999899998999989999899998999989999899998  -18 -114 -239
 -363 -457 -529 -575 -605 -613 -621 -615 -605 -537 -411 -260 -160
 -225 -330 -470 -563 -543 -438 -305 -173  -36   89  18999998
99998999989999899998999989999899998999989999899998  190  -69 -265
 -357 -419 -419 -442 -458 -553 -650 -710 -682 -609 -469 -296 -165
 -165 -234 -361 -459 -478 -440 -376 -260 -120    29999899998
99998999989999899998999989999899998999989999899998  315 -115 -380
 -451 -450 -353 -285 -258 -431 -674 -764 -723 -667 -500 -312 -163
 -102 -139 -246 -335 -375 -402 -406 -327 -197  -82    999998
