tauX_total_02_2018_moy.22
 -657 -635 -634 -612 -579 -568 -756 -878-1092-1122-1049 -886 -833
 -833 -671 -532 -406 -278 -206 -132  -84  -72  -30   359999899998
999989999899998999989999899998999989999899998999989999899998
 -668 -689 -695 -683 -639 -615 -712 -762 -774 -645 -494 -465 -498
 -587 -652 -513 -355 -248 -194 -167 -134 -132 -125999989999899998
999989999899998999989999899998999989999899998999989999899998
 -663 -704 -719 -714 -691 -643 -654 -620 -406 -147   93   77  -52
 -286 -455 -458 -327 -238 -244 -252 -250 -231 -227999989999899998
999989999899998999989999899998999989999899998999989999899998
 -662 -711 -725 -721 -715 -670 -608 -521 -130  236  496  438  239
  -45 -293 -384 -292 -280 -358 -399 -385 -35499998999989999899998
999989999899998999989999899998999989999899998999989999899998
 -716 -728 -720 -705 -686 -673 -582 -490  -96  260  506  418  173
  -75 -249 -256 -286 -349 -459 -521 -481 -42299998999989999899998
999989999899998999989999899998999989999899998999989999899998
 -882 -824 -752 -701 -681 -669 -672 -595 -435 -172  -15 -103 -212
 -315 -348 -241 -307 -382 -492 -535 -469 -38899998999989999899998
999989999899998999989999899998999989999899998999989999899998
-1167-1008 -873 -780 -717 -679 -695 -668 -700 -685 -627 -599 -598
 -546 -376 -251 -279 -368 -461 -460 -365 -25799998999989999899998
999989999899998999989999899998999989999899998999989999899998
-1434-1197-1021 -872 -747 -690 -641 -609 -633 -710 -786 -750 -699
 -543 -369 -271 -279 -364 -408 -367 -249 -14399998999989999899998
999989999899998999989999899998999989999899998999989999899998
-1497-1274-1087 -911 -782 -712 -616 -532 -495 -559 -613 -613 -601
 -507 -371 -331 -380 -434 -417 -323 -171  -3699998999989999899998
999989999899998999989999899998999989999899998999989999899998
-1413-1245-1075 -920 -825 -770 -669 -545 -449 -402 -435 -455 -457
 -451 -485 -491 -538 -542 -462 -301 -114   57  200999989999899998
999989999899998999989999899998999989999899998999989999899998
-1304-1160-1019 -912 -849 -822 -732 -605 -469 -372 -329 -348 -391
 -482 -593 -633 -630 -563 -427 -245  -62  116  234  2739999899998
999989999899998999989999899998999989999899998999989999899998
99998-1046 -948 -876 -836 -807 -750 -648 -492 -368 -299 -310 -359
 -469 -592 -616 -546 -446 -308 -131   25  155  239  266  25999998
999989999899998999989999899998999989999899998999989999899998
99998999989999899998 -773 -740 -683 -614 -493 -363 -281 -281 -308
 -386 -469 -482 -392 -265 -129    1   99  161  204  223  203  171
  172  201  240  246  220  193  178  186  202999989999899998
9999899998999989999899998 -617 -590 -538 -466 -373 -293 -248 -238
 -270 -309 -322 -239 -124  -10   77  121  141  151  156  132   98
  101  128  160  172  152  131  123  139  162999989999899998
9999899998999989999899998 -499 -506 -473 -435 -383 -309 -222 -173
 -165 -183 -204 -151  -95  -22   40   72   82   81   75   45    7
    7   32   61   78   65   49   52   76  107999989999899998
999989999899998999989999899998 -467 -460 -424 -375 -309 -206 -132
 -108 -125 -167 -188 -180 -137  -91  -53  -17    6   -2  -36  -75
  -85  -59  -24   -4  -18  -30  -22    8   49999989999899998
9999899998999989999899998999989999899998 -427 -369 -294 -204 -140
 -126 -157 -220 -307 -324 -292 -242 -183 -123  -71  -65  -97 -132
 -139 -112  -69  -51  -64  -79  -61  -25   -9999989999899998
9999899998999989999899998999989999899998999989999899998 -238 -207
 -213 -268 -330 -420 -455 -424 -352 -275 -197 -138 -129 -143 -164
 -161 -137 -102  -84  -77  -65  -25   13   15    29999899998
999989999899998999989999899998999989999899998999989999899998 -313
 -321 -365 -439 -500 -527 -491 -415 -325 -247 -202 -190 -194 -199
 -194 -180 -161 -142 -121  -70   -6   43   53   41   2299998
999989999899998999989999899998999989999899998999989999899998 -380
 -377 -415 -490 -544 -563 -524 -449 -358 -294 -269 -254 -247 -246
 -245 -240 -229 -219 -193 -116  -26   48   82   74   5499998
9999899998999989999899998999989999899998999989999899998 -454 -392
 -378 -416 -499 -567 -590 -553 -477 -411 -365 -340 -322 -311 -298
 -301 -303 -305 -301 -274 -176  -69   26   88   98   7899998
99998999989999899998999989999899998999989999899998 -506 -409 -348
 -324 -354 -455 -563 -607 -575 -530 -493 -459 -422 -395 -373 -360
 -361 -365 -382 -382 -348 -242 -139  -41   47   78   6999998
99998999989999899998999989999899998999989999899998 -394 -304 -251
 -227 -238 -329 -494 -593 -585 -568 -547 -519 -484 -453 -426 -411
 -414 -418 -437 -428 -388 -305 -224 -141  -69  -18    899998
99998999989999899998999989999899998999989999899998 -251 -186 -140
 -114 -127 -201 -393 -549 -569 -569 -564 -547 -523 -494 -464 -446
 -441 -440 -424 -405 -373 -342 -299 -245 -190 -1539999899998
99998999989999899998999989999899998999989999899998 -137 -102  -70
  -48  -52 -135 -289 -480 -533 -555 -564 -553 -538 -509 -477 -451
 -443 -432 -315 -321 -316 -345 -336 -309 -273 -242 -22099998
