tauX_total_06_2015_moy.22
  -13   13    9   16   23   14  -35  -90 -154 -202 -245 -262 -273
 -243 -200 -138  -55   13   37   18  -22  -44  -32   239999899998
999989999899998999989999899998999989999899998999989999899998
 -118 -135 -153 -152 -140 -130 -146 -173 -217 -249 -271 -287 -335
 -356 -319 -242 -134  -63  -58  -79 -115 -141 -147999989999899998
999989999899998999989999899998999989999899998999989999899998
 -240 -297 -342 -362 -365 -327 -308 -300 -304 -296 -296 -366 -454
 -522 -536 -453 -288 -179 -167 -173 -195 -227 -259999989999899998
999989999899998999989999899998999989999899998999989999899998
 -363 -469 -540 -590 -601 -566 -501 -453 -404 -351 -322 -457 -590
 -710 -756 -668 -457 -304 -271 -239 -228 -25299998999989999899998
999989999899998999989999899998999989999899998999989999899998
 -449 -566 -654 -730 -733 -673 -596 -653 -655 -506 -378 -525 -698
 -852 -880 -776 -567 -399 -316 -260 -203 -17399998999989999899998
999989999899998999989999899998999989999899998999989999899998
 -511 -598 -663 -693 -657 -578 -670 -852 -904 -776 -577 -604 -733
 -866 -900 -754 -569 -421 -336 -236 -125  -4399998999989999899998
999989999899998999989999899998999989999899998999989999899998
 -633 -671 -696 -659 -599 -548 -761-1002-1084 -967 -744 -662 -695
 -794 -802 -656 -502 -390 -301 -177  -35   7999998999989999899998
999989999899998999989999899998999989999899998999989999899998
 -818 -796 -801 -747 -679 -662 -896-1108-1143-1020 -805 -644 -601
 -670 -658 -529 -415 -320 -228 -106   44  16499998999989999899998
999989999899998999989999899998999989999899998999989999899998
 -966 -928 -921 -891 -857 -844-1004-1132-1101 -952 -735 -576 -496
 -533 -530 -437 -328 -237 -148  -33  105  20899998999989999899998
999989999899998999989999899998999989999899998999989999899998
-1045-1030-1005-1013 -994 -978-1019-1047 -985 -809 -593 -440 -401
 -432 -447 -363 -254 -169  -80   30  134  201  245999989999899998
999989999899998999989999899998999989999899998999989999899998
-1075-1050-1010-1007 -979 -952 -883 -845 -773 -621 -445 -353 -351
 -367 -355 -302 -213 -126  -40   43  106  157  205  2289999899998
999989999899998999989999899998999989999899998999989999899998
99998 -961 -925 -847 -784 -754 -692 -625 -551 -470 -390 -338 -311
 -295 -286 -286 -221 -138  -59  -22  -34    7   90  173  18699998
999989999899998999989999899998999989999899998999989999899998
99998999989999899998 -571 -540 -511 -494 -467 -423 -366 -299 -227
 -216 -258 -311 -294 -214 -146 -184 -272 -240 -130   25   98   80
   70   82  162  230  271  291  266  229  194999989999899998
9999899998999989999899998 -413 -477 -497 -475 -450 -416 -302 -208
 -202 -292 -383 -384 -329 -299 -341 -430 -430 -335 -163  -29  -11
  -15    3   54  102  129  128  113   82   48999989999899998
9999899998999989999899998 -457 -544 -571 -550 -532 -477 -373 -289
 -289 -364 -480 -486 -444 -419 -425 -484 -503 -432 -285 -169 -139
 -139 -115  -91  -58  -37  -45  -57  -80 -102999989999899998
999989999899998999989999899998 -652 -648 -638 -597 -555 -473 -398
 -395 -464 -569 -592 -547 -482 -460 -476 -474 -415 -312 -250 -257
 -254 -241 -228 -204 -177 -170 -176 -185 -182999989999899998
9999899998999989999899998999989999899998 -691 -652 -620 -566 -507
 -489 -539 -605 -646 -614 -524 -467 -439 -390 -316 -253 -251 -305
 -339 -345 -324 -289 -240 -211 -198 -192 -190999989999899998
9999899998999989999899998999989999899998999989999899998 -636 -587
 -543 -536 -587 -635 -630 -566 -486 -433 -337 -230 -208 -284 -345
 -411 -440 -405 -328 -231 -165 -135 -141 -143 -1239999899998
999989999899998999989999899998999989999899998999989999899998 -568
 -510 -493 -530 -582 -606 -606 -581 -527 -416 -315 -309 -363 -419
 -498 -516 -447 -330 -214 -112  -62  -73  -87  -66  -4899998
999989999899998999989999899998999989999899998999989999899998 -476
 -455 -458 -475 -520 -558 -607 -668 -692 -638 -561 -490 -481 -524
 -560 -545 -448 -314 -187  -96  -48  -48  -45   -8   2099998
9999899998999989999899998999989999899998999989999899998 -419 -433
 -443 -459 -490 -504 -521 -586 -680 -751 -784 -770 -691 -626 -634
 -613 -568 -465 -336 -220 -153 -109  -66  -19   40   8899998
99998999989999899998999989999899998999989999899998 -337 -353 -429
 -500 -554 -585 -572 -554 -585 -640 -706 -777 -795 -755 -739 -724
 -669 -604 -516 -424 -351 -286 -225 -130  -28   58  11699998
99998999989999899998999989999899998999989999899998 -216 -336 -477
 -614 -720 -761 -707 -641 -591 -573 -605 -658 -681 -681 -689 -704
 -678 -625 -581 -540 -504 -443 -354 -219  -83   26  10299998
99998999989999899998999989999899998999989999899998 -120 -358 -563
 -748 -881 -928 -879 -731 -565 -469 -457 -501 -533 -564 -607 -651
 -658 -638 -637 -643 -644 -587 -472 -308 -144  -409999899998
99998999989999899998999989999899998999989999899998  -52 -421 -682
 -896-1041-1073 -994 -807 -552 -322 -269 -353 -410 -473 -549 -609
 -644 -644 -655 -692 -741 -669 -536 -356 -187  -93  -4799998
