tauX_total_11_2016_moy.22
 -279 -168 -122 -136 -178 -249 -351 -452 -581 -708 -854-1074-1202
-1130 -985 -798 -655 -540 -470 -418 -330 -247 -202 -1979999899998
999989999899998999989999899998999989999899998999989999899998
 -279 -210 -179 -184 -207 -253 -315 -403 -528 -635 -734 -900-1009
 -967 -819 -630 -517 -434 -414 -365 -291 -226 -192999989999899998
999989999899998999989999899998999989999899998999989999899998
 -267 -249 -237 -231 -236 -254 -293 -357 -446 -504 -555 -636 -711
 -684 -573 -391 -322 -301 -317 -300 -237 -186 -159999989999899998
999989999899998999989999899998999989999899998999989999899998
 -243 -277 -284 -270 -249 -246 -278 -332 -369 -388 -368 -368 -427
 -430 -350 -204 -171 -210 -247 -253 -212 -16899998999989999899998
999989999899998999989999899998999989999899998999989999899998
 -225 -283 -305 -288 -260 -216 -269 -354 -370 -316 -232 -220 -274
 -325 -310 -213 -171 -188 -236 -264 -244 -20899998999989999899998
999989999899998999989999899998999989999899998999989999899998
 -295 -333 -340 -300 -242 -198 -294 -404 -411 -340 -209 -206 -271
 -373 -416 -352 -268 -244 -297 -323 -303 -28599998999989999899998
999989999899998999989999899998999989999899998999989999899998
 -478 -448 -416 -344 -270 -245 -363 -484 -505 -416 -264 -266 -320
 -440 -505 -467 -393 -332 -367 -376 -350 -34099998999989999899998
999989999899998999989999899998999989999899998999989999899998
 -658 -562 -487 -407 -358 -357 -468 -577 -588 -488 -335 -289 -319
 -425 -483 -478 -448 -405 -399 -363 -324 -30599998999989999899998
999989999899998999989999899998999989999899998999989999899998
 -733 -606 -509 -449 -426 -446 -548 -621 -593 -480 -348 -246 -250
 -330 -396 -412 -423 -428 -369 -296 -226 -18299998999989999899998
999989999899998999989999899998999989999899998999989999899998
 -701 -572 -478 -442 -436 -476 -545 -580 -525 -409 -279 -187 -198
 -270 -326 -355 -380 -398 -322 -217 -124  -70  -34999989999899998
999989999899998999989999899998999989999899998999989999899998
 -614 -497 -417 -386 -405 -453 -472 -482 -411 -280 -168 -142 -178
 -251 -315 -345 -353 -335 -267 -161  -67  -14   -2  -189999899998
999989999899998999989999899998999989999899998999989999899998
99998 -416 -368 -332 -362 -397 -413 -397 -313 -187  -95 -109 -169
 -256 -328 -340 -319 -259 -206 -130  -53  -11   -6  -18  -1599998
999989999899998999989999899998999989999899998999989999899998
99998999989999899998 -343 -370 -390 -387 -321 -212 -102 -124 -183
 -266 -330 -325 -272 -215 -173 -120  -66  -37  -44  -53  -40   -3
   30   34   26    4   -9  -16  -25  -26  -22999989999899998
9999899998999989999899998 -414 -455 -474 -433 -355 -281 -245 -251
 -289 -327 -321 -272 -229 -177 -129  -84  -83 -110 -127 -118  -76
  -35   -7   -8  -22  -32  -46  -53  -53  -45999989999899998
9999899998999989999899998 -499 -537 -573 -589 -591 -567 -500 -438
 -401 -399 -397 -371 -323 -243 -168 -131 -163 -211 -240 -237 -196
 -131  -80  -64  -56  -51  -57  -58  -52  -43999989999899998
999989999899998999989999899998 -563 -625 -741 -815 -843 -785 -680
 -581 -532 -548 -532 -457 -344 -243 -210 -264 -323 -356 -353 -312
 -236 -170 -127  -88  -61  -45  -33  -19  -12999989999899998
9999899998999989999899998999989999899998 -825 -948-1019 -968 -843
 -711 -649 -685 -680 -589 -451 -347 -312 -363 -409 -430 -425 -392
 -322 -261 -194 -132  -81  -40   -9   16   24999989999899998
9999899998999989999899998999989999899998999989999899998 -996 -843
 -712 -685 -771 -787 -700 -549 -439 -409 -436 -440 -429 -424 -413
 -379 -336 -273 -199 -131  -63   -7   27   41   569999899998
999989999899998999989999899998999989999899998999989999899998 -709
 -599 -653 -807 -853 -795 -654 -535 -496 -470 -428 -383 -359 -354
 -382 -371 -332 -272 -209 -127  -48    6   42   65   7799998
999989999899998999989999899998999989999899998999989999899998 -524
 -491 -574 -754 -875 -856 -740 -642 -589 -496 -407 -327 -274 -253
 -290 -327 -334 -309 -260 -188  -99  -20   49   88  10299998
9999899998999989999899998999989999899998999989999899998 -559 -441
 -420 -503 -680 -841 -886 -813 -730 -665 -532 -407 -295 -205 -160
 -178 -226 -268 -291 -269 -206 -134  -50   47  113  14399998
99998999989999899998999989999899998999989999899998 -703 -521 -404
 -362 -419 -593 -780 -873 -834 -769 -707 -575 -450 -320 -223 -175
 -162 -166 -185 -228 -240 -213 -172  -93   -2   69  11799998
99998999989999899998999989999899998999989999899998 -583 -448 -355
 -305 -335 -481 -687 -810 -788 -737 -689 -610 -516 -422 -366 -323
 -272 -222 -196 -194 -219 -237 -237 -187 -129  -63    199998
99998999989999899998999989999899998999989999899998 -446 -371 -308
 -266 -276 -391 -601 -716 -700 -680 -640 -610 -566 -543 -528 -509
 -430 -346 -274 -231 -230 -286 -323 -323 -297 -2649999899998
99998999989999899998999989999899998999989999899998 -332 -324 -289
 -270 -295 -387 -527 -655 -646 -620 -580 -575 -567 -617 -644 -642
 -564 -476 -371 -287 -259 -337 -400 -441 -447 -437 -43599998
