tauX_total_01_2015_moy.22
  -88 -127 -210 -241 -290 -346 -387 -427 -495 -567 -628 -550 -482
 -385 -286 -248 -461 -631 -720 -784 -793 -718 -643 -5759999899998
999989999899998999989999899998999989999899998999989999899998
 -172 -247 -344 -427 -497 -555 -595 -635 -685 -713 -729 -642 -634
 -596 -556 -533 -675 -772 -827 -878 -903 -844 -774999989999899998
999989999899998999989999899998999989999899998999989999899998
 -245 -360 -462 -589 -711 -790 -853 -890 -902 -875 -832 -827 -869
 -915 -971 -970 -947 -924 -923 -911 -925 -915 -886999989999899998
999989999899998999989999899998999989999899998999989999899998
 -313 -433 -541 -698 -842 -953-1053-1093-1052 -967 -890 -963-1021
-1145-1231-1256-1136 -991 -932 -874 -847 -87199998999989999899998
999989999899998999989999899998999989999899998999989999899998
 -399 -487 -577 -708 -842 -946-1040-1073-1010 -900 -829 -920 -994
-1147-1236-1262-1116 -936 -813 -729 -670 -67199998999989999899998
999989999899998999989999899998999989999899998999989999899998
 -531 -562 -613 -675 -737 -795 -842 -854 -806 -737 -691 -756 -840
 -966-1062-1068 -944 -802 -667 -555 -493 -47899998999989999899998
999989999899998999989999899998999989999899998999989999899998
 -672 -647 -671 -672 -672 -693 -691 -709 -689 -651 -591 -595 -687
 -771 -844 -842 -768 -700 -577 -457 -396 -35899998999989999899998
999989999899998999989999899998999989999899998999989999899998
 -741 -716 -717 -697 -705 -731 -747 -774 -755 -687 -619 -539 -619
 -698 -733 -708 -698 -647 -538 -438 -338 -26699998999989999899998
999989999899998999989999899998999989999899998999989999899998
 -680 -682 -705 -743 -797 -860 -943 -988 -940 -833 -717 -686 -715
 -808 -845 -802 -724 -620 -516 -391 -246 -14199998999989999899998
999989999899998999989999899998999989999899998999989999899998
 -539 -587 -667 -797 -910-1013-1175-1242-1175-1021 -863 -864 -889
 -997-1040 -938 -745 -571 -434 -273 -140  -36   38999989999899998
999989999899998999989999899998999989999899998999989999899998
 -412 -528 -642 -815 -982-1086-1257-1322-1259-1105 -967 -956-1011
-1091-1055 -889 -643 -441 -289 -148  -32   38   70   719999899998
999989999899998999989999899998999989999899998999989999899998
99998 -520 -664 -826 -947-1002-1044-1060-1032 -937 -828 -860 -957
 -984 -883 -701 -471 -283 -152  -40   56   90   89   82   7699998
999989999899998999989999899998999989999899998999989999899998
99998999989999899998 -849 -829 -720 -670 -659 -609 -538 -619 -711
 -711 -619 -476 -309 -174  -73   17   91  106   85   80   82   88
    6  -74  -97  -60   29  115  178  172  146999989999899998
9999899998999989999899998 -647 -524 -479 -452 -418 -397 -397 -422
 -401 -360 -275 -199 -136  -69   -5   47   53   34   46   66   82
   40  -20  -49  -27   33   98  133  134  125999989999899998
9999899998999989999899998 -498 -487 -491 -462 -446 -402 -330 -272
 -225 -196 -176 -165 -151 -116  -85  -58  -69  -60  -22   25   60
   56   21  -11   -8   33   77   92   98   98999989999899998
999989999899998999989999899998 -575 -610 -608 -580 -522 -411 -289
 -220 -194 -190 -211 -212 -192 -177 -175 -193 -167 -108  -43    7
   42   29   -4   -8   27   48   63   71   65999989999899998
9999899998999989999899998999989999899998 -808 -747 -685 -553 -419
 -328 -285 -279 -302 -292 -268 -243 -224 -237 -227 -176 -120  -71
  -47  -41  -50  -47  -19   25   53   53   38999989999899998
9999899998999989999899998999989999899998999989999899998 -709 -569
 -449 -379 -384 -394 -382 -343 -287 -227 -214 -230 -220 -183 -142
 -132 -132 -125  -95  -45   19   56   48   23   -69999899998
999989999899998999989999899998999989999899998999989999899998 -624
 -494 -428 -451 -473 -475 -423 -331 -236 -215 -228 -244 -236 -205
 -196 -183 -152 -109  -65   -3   41   43   19    2  -1599998
999989999899998999989999899998999989999899998999989999899998 -560
 -479 -448 -485 -540 -567 -509 -407 -306 -256 -252 -275 -285 -265
 -231 -193 -150 -113  -78  -45  -11    9   20   19   1699998
9999899998999989999899998999989999899998999989999899998 -470 -440
 -432 -440 -490 -577 -616 -565 -484 -404 -341 -302 -308 -322 -305
 -246 -193 -153 -119 -105  -94  -72  -31    7   33   4899998
99998999989999899998999989999899998999989999899998 -193 -235 -298
 -356 -424 -474 -563 -585 -551 -519 -488 -437 -386 -367 -348 -322
 -251 -191 -158 -144 -149 -151 -136  -85  -22   41   7499998
99998999989999899998999989999899998999989999899998   93  -49 -182
 -303 -416 -488 -473 -449 -462 -476 -491 -495 -473 -434 -385 -339
 -268 -202 -173 -188 -213 -221 -205 -144  -59   17   8099998
99998999989999899998999989999899998999989999899998  318   74 -119
 -291 -457 -537 -377 -272 -319 -383 -447 -498 -528 -484 -419 -365
 -300 -223 -198 -228 -269 -288 -265 -194 -101  -229999899998
99998999989999899998999989999899998999989999899998  442  104 -130
 -337 -540 -623 -293 -114 -184 -279 -378 -478 -541 -503 -444 -394
 -347 -248 -215 -251 -311 -330 -305 -231 -141  -45   3699998
