tauX_total_09_2014_moy.22
 -152   -5   53   64   39  -20  -68  -94 -142 -216 -299 -366 -388
 -379 -345 -313 -185  -77  -12  -18  -67 -149 -182 -1489999899998
999989999899998999989999899998999989999899998999989999899998
 -102  -42  -16  -31  -83 -150 -165 -182 -221 -250 -297 -343 -381
 -375 -326 -276 -168  -86  -77 -120 -197 -277 -321999989999899998
999989999899998999989999899998999989999899998999989999899998
  -92  -97 -100 -145 -215 -292 -312 -327 -336 -311 -307 -312 -355
 -368 -375 -321 -233 -169 -182 -227 -308 -387 -457999989999899998
999989999899998999989999899998999989999899998999989999899998
 -141 -173 -186 -234 -304 -393 -447 -532 -532 -475 -360 -329 -377
 -442 -495 -489 -394 -314 -293 -304 -338 -40299998999989999899998
999989999899998999989999899998999989999899998999989999899998
 -246 -245 -268 -301 -333 -388 -595 -799 -823 -715 -517 -407 -430
 -575 -666 -671 -566 -454 -375 -298 -262 -25999998999989999899998
999989999899998999989999899998999989999899998999989999899998
 -361 -337 -343 -321 -301 -337 -679 -962-1029 -894 -648 -505 -458
 -617 -734 -716 -611 -484 -354 -233 -132  -7899998999989999899998
999989999899998999989999899998999989999899998999989999899998
 -446 -424 -406 -334 -268 -277 -638 -964-1091 -967 -677 -489 -445
 -581 -662 -592 -479 -378 -270 -143  -28   4899998999989999899998
999989999899998999989999899998999989999899998999989999899998
 -482 -465 -441 -363 -249 -213 -470 -783 -945 -853 -552 -395 -380
 -461 -472 -384 -255 -185 -144  -74   10   8299998999989999899998
999989999899998999989999899998999989999899998999989999899998
 -456 -451 -424 -338 -220 -137 -240 -479 -628 -546 -316 -215 -244
 -280 -252 -130  -29   20  -11  -18   34   8999998999989999899998
999989999899998999989999899998999989999899998999989999899998
 -412 -406 -380 -296 -174  -69  -31 -171 -309 -254  -91  -73 -104
 -120  -69   62  139  157   96   54   85  135  193999989999899998
999989999899998999989999899998999989999899998999989999899998
 -380 -366 -341 -266 -162  -61  -52 -113 -190 -162  -55   -8   -8
   -9   54  159  203  192  149  124  151  211  270  3049999899998
999989999899998999989999899998999989999899998999989999899998
99998 -349 -324 -259 -176 -130 -158 -232 -281 -235 -100    8   45
   54   91  152  177  152  140  149  190  262  296  299  30699998
999989999899998999989999899998999989999899998999989999899998
99998999989999899998 -233 -233 -318 -419 -459 -370 -210  -50   24
   22   21   56   62   55   65  106  171  211  217  224  233  242
  245  241  233  214  214  246  287  341  415999989999899998
9999899998999989999899998 -372 -506 -627 -648 -557 -403 -243 -140
 -121 -132 -116  -99  -76  -51    0   59   52   46   76  107  141
  175  205  209  200  190  207  237  278  322999989999899998
9999899998999989999899998 -500 -677 -812 -839 -778 -630 -487 -380
 -334 -309 -291 -255 -215 -172 -128 -103 -208 -186 -120  -64  -11
   64  126  149  153  149  155  170  194  213999989999899998
999989999899998999989999899998 -808 -949-1009 -961 -834 -696 -574
 -493 -460 -444 -419 -370 -307 -252 -279 -496 -368 -294 -222 -164
  -60   21   66   88   91   89  107  127  128999989999899998
9999899998999989999899998999989999899998-1152-1078 -947 -796 -672
 -584 -546 -530 -542 -537 -538 -509 -572 -430 -366 -330 -294 -244
 -171 -110  -52  -12    0   16   49   78   74999989999899998
9999899998999989999899998999989999899998999989999899998 -810 -678
 -592 -538 -548 -588 -627 -662 -726 -676 -423 -327 -284 -270 -263
 -254 -233 -198 -166 -132  -65    1   42   45   239999899998
999989999899998999989999899998999989999899998999989999899998 -622
 -550 -511 -523 -566 -620 -657 -753 -933 -680 -443 -299 -269 -274
 -316 -341 -347 -349 -313 -181  -60   13   34   24   -199998
999989999899998999989999899998999989999899998999989999899998 -601
 -547 -516 -504 -514 -555 -643 -852-1044 -900 -690 -480 -347 -320
 -365 -420 -460 -479 -433 -277 -126  -26   36   45   3199998
9999899998999989999899998999989999899998999989999899998 -677 -634
 -569 -512 -472 -445 -451 -619 -840 -974 -935 -840 -667 -484 -407
 -417 -453 -486 -505 -447 -308 -177  -72   18   58   7099998
99998999989999899998999989999899998999989999899998 -721 -702 -596
 -484 -403 -381 -322 -311 -507 -661 -763 -813 -785 -685 -577 -481
 -449 -443 -454 -435 -386 -300 -212 -120  -46   23   6699998
99998999989999899998999989999899998999989999899998 -732 -575 -405
 -241  -93  -46  -81 -134 -268 -378 -457 -543 -572 -555 -520 -475
 -435 -396 -390 -369 -327 -295 -262 -208 -140  -66    899998
99998999989999899998999989999899998999989999899998 -739 -416 -154
  100  334  462  389   87  119    7  -80 -219 -298 -346 -379 -407
 -365 -337 -328 -315 -293 -303 -312 -304 -261 -2069999899998
99998999989999899998999989999899998999989999899998 -796 -291   53
  387  726  986  949  340  544  458  305   80  -46 -143 -269 -305
 -285 -300 -302 -289 -278 -318 -351 -378 -372 -326 -28899998
