tauX_total_06_2017_moy.22
  -50  -24  -11   11   11  -10  -88 -157 -216 -272 -317 -266 -214
 -161 -141 -146 -229 -295 -307 -303 -266 -192 -115  -509999899998
999989999899998999989999899998999989999899998999989999899998
 -107  -73  -72  -74  -85 -113 -177 -242 -298 -348 -372 -335 -290
 -237 -197 -195 -258 -309 -334 -335 -308 -258 -210999989999899998
999989999899998999989999899998999989999899998999989999899998
 -161 -155 -178 -213 -250 -285 -334 -379 -417 -445 -446 -407 -367
 -325 -285 -269 -313 -348 -372 -356 -319 -292 -286999989999899998
999989999899998999989999899998999989999899998999989999899998
 -214 -263 -314 -385 -446 -494 -512 -525 -533 -511 -496 -458 -418
 -391 -375 -377 -410 -408 -376 -322 -260 -24399998999989999899998
999989999899998999989999899998999989999899998999989999899998
 -301 -388 -446 -524 -602 -644 -640 -622 -596 -549 -514 -466 -458
 -476 -497 -510 -518 -468 -341 -212 -119  -6499998999989999899998
999989999899998999989999899998999989999899998999989999899998
 -461 -530 -574 -627 -660 -678 -668 -640 -598 -548 -497 -486 -518
 -586 -635 -641 -570 -471 -292 -110   40  13399998999989999899998
999989999899998999989999899998999989999899998999989999899998
 -667 -677 -682 -677 -678 -680 -669 -648 -592 -534 -494 -533 -605
 -688 -729 -689 -562 -416 -235  -40  137  24799998999989999899998
999989999899998999989999899998999989999899998999989999899998
 -843 -776 -746 -704 -687 -686 -689 -680 -622 -556 -523 -597 -681
 -740 -740 -654 -494 -339 -195  -25  138  25199998999989999899998
999989999899998999989999899998999989999899998999989999899998
 -898 -799 -735 -695 -684 -701 -728 -706 -636 -568 -537 -603 -668
 -689 -640 -519 -378 -255 -165  -44   86  18699998999989999899998
999989999899998999989999899998999989999899998999989999899998
 -826 -721 -642 -624 -629 -668 -687 -641 -564 -484 -444 -502 -547
 -539 -455 -326 -232 -171 -134  -75   26  128  216999989999899998
999989999899998999989999899998999989999899998999989999899998
 -695 -577 -489 -474 -507 -555 -540 -483 -394 -313 -291 -319 -365
 -351 -264 -148 -108 -106 -113  -92  -15   91  171  2149999899998
999989999899998999989999899998999989999899998999989999899998
99998 -416 -358 -320 -338 -374 -348 -295 -212 -153 -147 -178 -223
 -207 -160 -113  -89 -101 -114 -113  -57   33  100  148  17599998
999989999899998999989999899998999989999899998999989999899998
99998999989999899998 -194 -231 -222 -206 -165 -125 -107 -126 -176
 -198 -209 -187 -174 -182 -185 -173 -134  -57    8   65   79   72
  101  141  178  184  174  179  191  238  283999989999899998
9999899998999989999899998 -191 -253 -281 -280 -258 -237 -245 -273
 -327 -341 -287 -260 -269 -292 -272 -245 -172  -87  -30  -11  -17
   -4   29   49   52   46   62  103  162  217999989999899998
9999899998999989999899998 -278 -397 -451 -468 -466 -455 -465 -472
 -493 -427 -337 -287 -277 -306 -346 -344 -276 -178 -119 -105 -131
 -137 -117 -103 -104 -108  -72    0   76  138999989999899998
999989999899998999989999899998 -513 -584 -635 -648 -638 -658 -664
 -603 -481 -347 -260 -233 -273 -336 -366 -331 -247 -194 -199 -235
 -262 -256 -237 -233 -245 -176  -85    4   60999989999899998
9999899998999989999899998999989999899998 -728 -745 -746 -777 -781
 -668 -528 -387 -277 -223 -256 -327 -369 -343 -297 -260 -259 -300
 -332 -323 -294 -290 -294 -234 -141  -51   -1999989999899998
9999899998999989999899998999989999899998999989999899998 -803 -800
 -714 -608 -504 -392 -321 -321 -358 -384 -374 -343 -311 -310 -347
 -360 -337 -302 -291 -290 -250 -171  -86  -31  -159999899998
999989999899998999989999899998999989999899998999989999899998 -710
 -708 -679 -661 -587 -521 -472 -438 -420 -420 -393 -362 -363 -379
 -371 -360 -343 -319 -298 -257 -188 -105  -46  -13    199998
999989999899998999989999899998999989999899998999989999899998 -547
 -604 -689 -760 -772 -748 -671 -567 -504 -483 -457 -420 -405 -394
 -395 -401 -396 -376 -331 -263 -187 -106  -37    8   2899998
9999899998999989999899998999989999899998999989999899998 -474 -470
 -519 -615 -729 -827 -871 -820 -740 -676 -610 -557 -499 -447 -410
 -424 -440 -446 -423 -359 -268 -172  -95  -18   37   6799998
99998999989999899998999989999899998999989999899998 -535 -468 -461
 -479 -534 -621 -754 -858 -893 -880 -823 -744 -654 -573 -492 -440
 -468 -481 -478 -453 -399 -295 -186 -100  -28   34   7599998
99998999989999899998999989999899998999989999899998 -487 -452 -454
 -458 -468 -518 -659 -787 -881 -933 -894 -800 -693 -611 -542 -495
 -505 -512 -501 -482 -440 -354 -258 -166  -87  -22   3199998
99998999989999899998999989999899998999989999899998 -395 -408 -431
 -438 -437 -453 -576 -712 -838 -904 -883 -772 -673 -619 -574 -547
 -533 -530 -524 -510 -482 -431 -369 -278 -184 -1259999899998
99998999989999899998999989999899998999989999899998 -294 -370 -415
 -426 -428 -444 -513 -640 -775 -849 -811 -698 -633 -614 -599 -598
 -559 -544 -538 -521 -513 -512 -481 -391 -289 -217 -19199998
