tauX_total_04_2017_moy.22
 -214  170  410  555  647  640  507  371  255  160  122  185  201
  113   23  -78 -126 -159 -136  -72  -45  -96 -128 -1439999899998
999989999899998999989999899998999989999899998999989999899998
 -188   61  247  408  514  541  439  318  190   67  -14    2    7
  -28  -75 -124 -144 -157 -126  -83  -45  -73 -102999989999899998
999989999899998999989999899998999989999899998999989999899998
 -227  -93   51  216  328  350  288  219   94  -37 -148 -172 -171
 -165 -174 -178 -185 -173 -137  -96  -64  -62  -75999989999899998
999989999899998999989999899998999989999899998999989999899998
 -289 -234 -124    6   76   92   83   62  -30 -140 -239 -291 -282
 -246 -205 -204 -207 -187 -159 -121  -80  -4899998999989999899998
999989999899998999989999899998999989999899998999989999899998
 -360 -294 -235 -196 -159 -139 -121 -148 -179 -221 -250 -280 -277
 -227 -194 -177 -195 -197 -186 -142  -80  -2499998999989999899998
999989999899998999989999899998999989999899998999989999899998
 -420 -365 -309 -311 -313 -331 -340 -341 -329 -297 -271 -248 -233
 -203 -169 -148 -178 -211 -198 -152  -65    399998999989999899998
999989999899998999989999899998999989999899998999989999899998
 -463 -423 -381 -375 -398 -428 -450 -459 -424 -373 -331 -265 -229
 -206 -175 -149 -180 -222 -206 -139  -45   2799998999989999899998
999989999899998999989999899998999989999899998999989999899998
 -524 -483 -449 -420 -434 -459 -499 -513 -478 -430 -384 -326 -279
 -250 -222 -200 -211 -216 -185 -117  -27   3799998999989999899998
999989999899998999989999899998999989999899998999989999899998
 -610 -575 -551 -520 -507 -520 -558 -568 -535 -491 -431 -388 -349
 -325 -296 -255 -229 -194 -157  -86   -7   4999998999989999899998
999989999899998999989999899998999989999899998999989999899998
 -701 -680 -669 -662 -648 -630 -635 -643 -617 -554 -474 -434 -397
 -367 -335 -286 -222 -170 -124  -55   19   66   85999989999899998
999989999899998999989999899998999989999899998999989999899998
 -779 -777 -776 -778 -764 -741 -715 -691 -654 -589 -505 -442 -388
 -340 -285 -234 -184 -147 -101  -35   36   75   77   659999899998
999989999899998999989999899998999989999899998999989999899998
99998 -851 -861 -850 -813 -780 -731 -679 -633 -573 -498 -403 -311
 -234 -172 -145 -144 -140 -105  -41   30   66   72   63   5299998
999989999899998999989999899998999989999899998999989999899998
99998999989999899998 -812 -753 -683 -623 -575 -513 -442 -316 -195
 -105  -73  -90 -143 -161 -129  -69   -3   45   62   52   37   36
   52   86  110   93   53   44   56   81  106999989999899998
9999899998999989999899998 -682 -601 -546 -491 -441 -376 -245 -119
  -40  -46 -103 -181 -210 -172 -108  -38   18   29    3  -12   -5
   27   65   83   70   31   10   21   50   83999989999899998
9999899998999989999899998 -591 -528 -483 -436 -400 -361 -260 -142
  -78 -110 -194 -273 -293 -238 -152  -77  -38  -47  -84 -111 -102
  -39   15   38   28  -11  -33  -28    8   44999989999899998
999989999899998999989999899998 -498 -454 -428 -427 -420 -352 -252
 -203 -239 -335 -401 -403 -326 -222 -144 -133 -158 -200 -237 -230
 -149  -69  -28  -29  -66  -90  -81  -38    3999989999899998
9999899998999989999899998999989999899998 -458 -488 -502 -446 -365
 -326 -362 -458 -520 -514 -428 -312 -238 -239 -264 -304 -339 -334
 -270 -182 -121 -107 -133 -145 -125  -78  -39999989999899998
9999899998999989999899998999989999899998999989999899998 -505 -423
 -384 -420 -517 -592 -593 -512 -406 -331 -322 -330 -360 -387 -389
 -347 -279 -220 -186 -190 -193 -156 -108  -74  -519999899998
999989999899998999989999899998999989999899998999989999899998 -423
 -385 -420 -523 -611 -635 -575 -482 -406 -357 -348 -368 -389 -396
 -380 -334 -277 -244 -235 -218 -181 -134  -86  -43  -1399998
999989999899998999989999899998999989999899998999989999899998 -380
 -363 -407 -506 -601 -651 -618 -545 -459 -381 -357 -367 -392 -401
 -380 -352 -307 -271 -253 -235 -200 -140  -75  -27    599998
9999899998999989999899998999989999899998999989999899998 -361 -337
 -340 -392 -478 -584 -651 -642 -585 -502 -420 -378 -384 -403 -404
 -379 -351 -321 -291 -266 -236 -201 -137  -62   -7   2499998
99998999989999899998999989999899998999989999899998 -340 -320 -303
 -311 -360 -441 -553 -630 -643 -595 -511 -443 -402 -407 -400 -386
 -361 -339 -325 -305 -276 -243 -202 -142  -78  -19   1699998
99998999989999899998999989999899998999989999899998 -299 -269 -252
 -259 -294 -373 -491 -581 -600 -555 -475 -417 -382 -374 -358 -329
 -329 -326 -327 -316 -293 -264 -229 -189 -141  -88  -3899998
99998999989999899998999989999899998999989999899998 -256 -210 -188
 -189 -220 -287 -401 -507 -520 -475 -395 -347 -322 -300 -280 -253
 -272 -299 -319 -320 -309 -292 -275 -264 -235 -2059999899998
99998999989999899998999989999899998999989999899998 -237 -173 -144
 -138 -161 -218 -322 -442 -447 -391 -304 -264 -256 -232 -200 -167
 -198 -251 -300 -324 -310 -311 -318 -330 -317 -298 -29599998
