tauX_total_10_2015_moy.22
   20  -97 -173 -220 -225 -217 -196 -203 -299 -382 -422 -391 -332
 -263 -209 -183 -143 -100  -27   20   38  -10  -37  -539999899998
999989999899998999989999899998999989999899998999989999899998
  -54 -150 -222 -244 -236 -214 -207 -209 -286 -366 -399 -336 -262
 -204 -175 -181 -178 -145  -84  -49  -50  -94 -120999989999899998
999989999899998999989999899998999989999899998999989999899998
 -113 -200 -274 -294 -307 -281 -274 -268 -306 -355 -376 -282 -201
 -166 -165 -202 -217 -204 -160 -125 -135 -184 -225999989999899998
999989999899998999989999899998999989999899998999989999899998
 -164 -253 -334 -387 -422 -422 -416 -400 -388 -371 -360 -253 -189
 -181 -212 -258 -269 -253 -215 -185 -182 -22999998999989999899998
999989999899998999989999899998999989999899998999989999899998
 -215 -301 -384 -485 -546 -577 -577 -576 -536 -450 -357 -291 -267
 -285 -317 -352 -326 -291 -239 -183 -156 -17499998999989999899998
999989999899998999989999899998999989999899998999989999899998
 -285 -349 -417 -525 -607 -643 -663 -661 -601 -471 -385 -388 -395
 -414 -435 -439 -391 -318 -233 -150  -98  -8099998999989999899998
999989999899998999989999899998999989999899998999989999899998
 -386 -418 -453 -504 -579 -636 -657 -629 -529 -437 -412 -466 -497
 -514 -515 -482 -417 -322 -223 -125  -47    399998999989999899998
999989999899998999989999899998999989999899998999989999899998
 -485 -463 -461 -463 -515 -581 -609 -584 -480 -399 -409 -467 -517
 -541 -519 -453 -382 -301 -215 -121  -29   4199998999989999899998
999989999899998999989999899998999989999899998999989999899998
 -523 -451 -405 -399 -440 -516 -567 -552 -447 -365 -349 -400 -451
 -476 -455 -374 -295 -247 -195 -115  -29   3699998999989999899998
999989999899998999989999899998999989999899998999989999899998
 -499 -392 -311 -308 -357 -449 -515 -504 -390 -282 -247 -296 -346
 -370 -344 -266 -196 -154 -130  -88  -30   17   57999989999899998
999989999899998999989999899998999989999899998999989999899998
 -461 -304 -200 -184 -247 -354 -410 -401 -288 -167 -141 -198 -250
 -266 -234 -164  -97  -59  -55  -48  -23   18   69  1219999899998
999989999899998999989999899998999989999899998999989999899998
99998 -209 -108  -60 -121 -228 -285 -282 -204 -118  -72 -104 -155
 -175 -144  -89  -37  -11  -13  -26  -31   11   72  141  18799998
999989999899998999989999899998999989999899998999989999899998
99998999989999899998  -39 -154 -237 -275 -251 -183 -108  -71  -78
  -95 -100  -66  -39  -26  -23  -48  -77  -37   27  100  113   98
  132  189  252  254  214  198  204  252  310999989999899998
9999899998999989999899998 -204 -336 -432 -441 -391 -306 -197 -133
 -119 -135 -122 -111  -97  -92 -110 -145 -144  -85  -23   -6   -9
   43  115  176  193  167  154  165  210  261999989999899998
9999899998999989999899998 -343 -539 -677 -719 -698 -602 -466 -349
 -293 -270 -272 -245 -208 -187 -204 -253 -290 -255 -186 -154 -143
  -67   25   90  117   98   89  111  158  201999989999899998
999989999899998999989999899998 -745 -911-1019-1000 -895 -740 -592
 -504 -473 -471 -417 -343 -294 -304 -354 -410 -374 -275 -220 -215
 -128  -46   10   41   29   19   54  107  151999989999899998
9999899998999989999899998999989999899998-1269-1205-1080 -906 -752
 -654 -629 -643 -582 -483 -410 -394 -433 -438 -371 -233 -144 -139
 -134  -94  -50  -35  -49  -37    6   68  108999989999899998
9999899998999989999899998999989999899998999989999899998 -925 -769
 -688 -674 -716 -678 -595 -515 -474 -497 -461 -375 -236 -133 -106
 -120 -134 -124 -127 -127  -98  -36   38   88  1389999899998
999989999899998999989999899998999989999899998999989999899998 -629
 -579 -597 -670 -682 -640 -576 -545 -552 -510 -444 -336 -242 -193
 -190 -217 -238 -265 -261 -196 -101    1   99  171  22999998
999989999899998999989999899998999989999899998999989999899998 -445
 -438 -480 -550 -604 -612 -582 -570 -589 -584 -541 -462 -382 -321
 -310 -318 -354 -393 -384 -297 -166  -26  102  195  25899998
9999899998999989999899998999989999899998999989999899998 -404 -382
 -367 -384 -427 -492 -519 -526 -559 -615 -654 -636 -581 -507 -439
 -415 -403 -444 -483 -469 -359 -217  -60   85  198  26299998
99998999989999899998999989999899998999989999899998 -446 -405 -379
 -350 -336 -341 -358 -379 -429 -507 -587 -670 -688 -652 -584 -509
 -461 -433 -461 -491 -493 -392 -271 -128   24  148  22599998
99998999989999899998999989999899998999989999899998 -408 -391 -377
 -351 -309 -278 -242 -236 -298 -405 -515 -612 -667 -644 -575 -497
 -419 -385 -371 -386 -409 -399 -342 -230  -90   36  14499998
99998999989999899998999989999899998999989999899998 -359 -373 -368
 -337 -288 -226 -145 -108 -161 -267 -414 -525 -596 -572 -513 -446
 -362 -304 -252 -216 -237 -374 -424 -341 -227 -1139999899998
99998999989999899998999989999899998999989999899998 -339 -371 -375
 -331 -268 -190  -77  -15  -48 -156 -326 -478 -555 -525 -474 -433
 -339 -252 -177 -114 -110 -362 -515 -435 -319 -210 -12599998
