tauX_total_08_2014_moy.22
  204   82   -7  -51  -54   -8  172  257  204  117    1  -55 -126
 -159 -181 -220 -334 -426 -437 -422 -381 -238  -95   429999899998
999989999899998999989999899998999989999899998999989999899998
   95  -40 -126 -166 -156  -99   13   70   21  -55 -134 -169 -214
 -255 -296 -355 -443 -484 -496 -478 -438 -297 -171999989999899998
999989999899998999989999899998999989999899998999989999899998
  -45 -178 -257 -290 -286 -216 -185 -173 -221 -272 -307 -319 -330
 -377 -435 -495 -529 -524 -504 -468 -418 -317 -224999989999899998
999989999899998999989999899998999989999899998999989999899998
 -236 -338 -399 -410 -378 -317 -365 -406 -445 -470 -462 -442 -417
 -480 -560 -599 -565 -493 -437 -371 -309 -24599998999989999899998
999989999899998999989999899998999989999899998999989999899998
 -473 -510 -541 -517 -454 -397 -453 -536 -586 -582 -527 -498 -483
 -553 -622 -622 -493 -403 -312 -213 -133  -9099998999989999899998
999989999899998999989999899998999989999899998999989999899998
 -699 -683 -674 -625 -551 -489 -516 -580 -613 -595 -537 -484 -495
 -552 -567 -498 -400 -313 -198  -93    1   6299998999989999899998
999989999899998999989999899998999989999899998999989999899998
 -816 -770 -748 -703 -622 -532 -528 -558 -579 -548 -494 -472 -479
 -497 -480 -401 -315 -238 -142  -32   72  14199998999989999899998
999989999899998999989999899998999989999899998999989999899998
 -746 -726 -714 -680 -589 -503 -450 -439 -451 -433 -381 -384 -393
 -392 -349 -272 -207 -141  -80   12  110  18599998999989999899998
999989999899998999989999899998999989999899998999989999899998
 -519 -555 -567 -539 -475 -372 -274 -225 -246 -235 -204 -212 -225
 -222 -169  -84  -37   -1   20   79  170  24699998999989999899998
999989999899998999989999899998999989999899998999989999899998
 -289 -365 -401 -380 -311 -195  -62   13  -14  -29   -6  -16  -49
  -62  -10   83  131  136  135  164  237  308  357999989999899998
999989999899998999989999899998999989999899998999989999899998
 -171 -250 -293 -270 -191  -71   43  110  101   99  130  108   55
   31   53  132  190  186  182  201  261  324  354  3559999899998
999989999899998999989999899998999989999899998999989999899998
99998 -227 -268 -243 -170  -75  -10   -5    1   49  111   93   39
    0   -3   58  100  117  118  143  204  269  292  291  28499998
999989999899998999989999899998999989999899998999989999899998
99998999989999899998 -211 -177 -204 -256 -260 -199 -105  -90 -117
 -156 -161 -117  -77  -38  -24   14   83  141  167  176  170  166
  151  148  165  204  257  312  352  362  353999989999899998
9999899998999989999899998 -363 -464 -553 -584 -532 -430 -363 -341
 -354 -346 -299 -243 -210 -185 -130  -57  -21    3   20   35   47
   60   85  118  157  206  253  291  305  312999989999899998
9999899998999989999899998 -557 -719 -834 -886 -816 -649 -521 -491
 -517 -472 -418 -365 -347 -317 -268 -233 -214 -191 -157 -132 -109
  -63   -1   56  104  140  178  207  223  230999989999899998
999989999899998999989999899998 -928-1021-1015 -827 -618 -479 -452
 -505 -532 -495 -458 -418 -387 -388 -445 -486 -396 -299 -275 -259
 -171  -82   -3   60   85  106  128  139  116999989999899998
9999899998999989999899998999989999899998 -914 -660 -399 -304 -332
 -435 -546 -550 -491 -437 -447 -505 -587 -620 -516 -385 -317 -305
 -227 -150  -75  -10   23   42   64   68   25999989999899998
9999899998999989999899998999989999899998999989999899998 -106 -229
 -391 -540 -574 -497 -463 -525 -607 -675 -662 -568 -424 -310 -288
 -265 -231 -179 -134  -91  -37   16   27  -14  -979999899998
999989999899998999989999899998999989999899998999989999899998 -239
 -418 -576 -597 -545 -536 -604 -674 -713 -659 -575 -439 -329 -294
 -321 -340 -326 -299 -243 -128  -14   21   -3  -52 -11299998
999989999899998999989999899998999989999899998999989999899998 -378
 -523 -643 -641 -619 -621 -658 -683 -688 -633 -553 -452 -363 -334
 -400 -454 -477 -475 -416 -230  -57   21   41   33    699998
9999899998999989999899998999989999899998999989999899998 -450 -551
 -649 -678 -685 -684 -686 -682 -672 -648 -605 -539 -474 -423 -400
 -487 -551 -591 -615 -560 -357 -165  -31   61  101  12099998
99998999989999899998999989999899998999989999899998 -496 -537 -576
 -627 -662 -689 -704 -711 -694 -665 -627 -591 -555 -530 -520 -525
 -568 -570 -579 -596 -579 -446 -312 -164  -16   99  16999998
99998999989999899998999989999899998999989999899998 -444 -451 -470
 -505 -551 -594 -639 -679 -677 -645 -611 -590 -585 -596 -625 -625
 -555 -466 -432 -431 -469 -504 -465 -336 -173  -15  12199998
99998999989999899998999989999899998999989999899998 -369 -344 -342
 -346 -366 -420 -514 -610 -636 -626 -612 -606 -607 -635 -664 -660
 -509 -352 -271 -268 -351 -506 -586 -501 -349 -1969999899998
99998999989999899998999989999899998999989999899998 -315 -267 -249
 -231 -220 -249 -419 -584 -627 -649 -650 -631 -618 -653 -671 -671
 -465 -281 -160 -142 -236 -492 -664 -621 -485 -336 -20499998
