tauX_total_09_2015_moy.22
  -87 -188 -262 -321 -391 -460 -641 -732 -714 -634 -507 -289 -120
  -60  -52  -64  -75  -94  -88  -87  -84 -128 -151 -1609999899998
999989999899998999989999899998999989999899998999989999899998
  -75 -139 -205 -284 -365 -453 -593 -665 -624 -532 -396 -242 -134
 -110 -111 -125 -130 -150 -164 -166 -165 -186 -202999989999899998
999989999899998999989999899998999989999899998999989999899998
  -70 -102 -149 -230 -318 -413 -498 -564 -509 -409 -288 -221 -195
 -205 -231 -250 -247 -257 -270 -261 -248 -244 -255999989999899998
999989999899998999989999899998999989999899998999989999899998
  -86  -81 -107 -164 -249 -341 -389 -464 -420 -322 -246 -251 -285
 -323 -368 -383 -370 -343 -342 -314 -280 -26299998999989999899998
999989999899998999989999899998999989999899998999989999899998
 -124 -101 -109 -131 -177 -251 -348 -416 -391 -350 -313 -335 -379
 -436 -470 -455 -415 -371 -331 -286 -235 -20799998999989999899998
999989999899998999989999899998999989999899998999989999899998
 -177 -163 -163 -168 -180 -213 -317 -397 -423 -412 -382 -401 -436
 -482 -498 -458 -392 -338 -284 -215 -146  -9899998999989999899998
999989999899998999989999899998999989999899998999989999899998
 -227 -230 -224 -212 -198 -200 -281 -363 -421 -424 -395 -401 -423
 -458 -463 -412 -337 -276 -217 -144  -71  -2199998999989999899998
999989999899998999989999899998999989999899998999989999899998
 -271 -266 -251 -218 -173 -145 -199 -275 -348 -368 -335 -319 -336
 -368 -366 -320 -257 -202 -152  -88  -23   1599998999989999899998
999989999899998999989999899998999989999899998999989999899998
 -306 -284 -254 -195 -126  -77  -99 -161 -228 -251 -219 -200 -202
 -225 -223 -186 -150 -116  -87  -39   18   6199998999989999899998
999989999899998999989999899998999989999899998999989999899998
 -341 -301 -261 -189 -107  -48  -45  -96 -145 -149 -105  -73  -70
  -86  -77  -38  -21  -20  -12   25   90  159  221999989999899998
999989999899998999989999899998999989999899998999989999899998
 -389 -335 -289 -218 -145  -93  -98 -131 -149 -121  -54    2   10
    8   24   64   71   61   65  107  176  254  306  3279999899998
999989999899998999989999899998999989999899998999989999899998
99998 -388 -335 -278 -230 -205 -217 -241 -240 -174  -63    3   12
    8   28   60   72   76   99  144  209  276  321  330  30099998
999989999899998999989999899998999989999899998999989999899998
99998999989999899998 -325 -333 -362 -403 -403 -295 -141  -71  -46
  -60  -68  -41  -23    7   52   93  148  200  234  235  190  139
  141  185  253  300  300  292  290  302  303999989999899998
9999899998999989999899998 -466 -543 -622 -614 -514 -362 -235 -178
 -185 -214 -211 -174 -122  -69  -15   29   52   61   46   21   15
   54  112  173  210  213  207  206  222  242999989999899998
9999899998999989999899998 -544 -713 -847 -867 -789 -635 -469 -365
 -349 -385 -404 -356 -301 -239 -165 -122 -129 -162 -184 -178 -147
  -59   18   75  109  113  108  113  133  154999989999899998
999989999899998999989999899998 -859-1050-1126-1064 -898 -706 -550
 -499 -521 -567 -545 -489 -408 -324 -269 -280 -312 -321 -301 -263
 -162  -68  -11   27   36   38   48   64   84999989999899998
9999899998999989999899998999989999899998-1406-1277-1080 -844 -661
 -580 -588 -656 -706 -657 -548 -439 -357 -320 -300 -294 -289 -272
 -218 -133  -66  -18    1   17   32   41   42999989999899998
9999899998999989999899998999989999899998999989999899998 -860 -678
 -587 -602 -699 -789 -773 -645 -484 -370 -293 -245 -250 -271 -270
 -242 -187 -103  -43    0   26   34   30   15    99999899998
999989999899998999989999899998999989999899998999989999899998 -579
 -514 -569 -699 -804 -810 -676 -505 -371 -272 -267 -307 -330 -303
 -273 -265 -198  -91   -5   18   16   -1  -12    0   1999998
999989999899998999989999899998999989999899998999989999899998 -449
 -445 -517 -656 -759 -762 -641 -497 -385 -354 -394 -436 -435 -385
 -340 -341 -309 -204  -84  -40  -31  -37  -24   34   8199998
9999899998999989999899998999989999899998999989999899998 -473 -415
 -417 -484 -602 -677 -670 -582 -480 -413 -486 -561 -586 -542 -464
 -419 -403 -402 -333 -210 -137 -106  -81   -8   99  18199998
99998999989999899998999989999899998999989999899998 -544 -473 -428
 -411 -451 -550 -588 -586 -537 -484 -481 -599 -669 -651 -594 -493
 -452 -442 -466 -434 -337 -258 -213 -149  -35   99  21799998
99998999989999899998999989999899998999989999899998 -490 -445 -422
 -404 -401 -460 -512 -529 -524 -545 -565 -627 -664 -621 -531 -431
 -422 -451 -496 -493 -429 -374 -337 -262 -147    2  14899998
99998999989999899998999989999899998999989999899998 -422 -413 -404
 -393 -390 -419 -499 -520 -552 -586 -610 -605 -592 -530 -423 -322
 -347 -440 -509 -528 -483 -467 -470 -418 -305 -1779999899998
99998999989999899998999989999899998999989999899998 -360 -396 -405
 -409 -440 -546 -537 -540 -585 -621 -646 -582 -523 -447 -323 -182
 -275 -427 -512 -532 -495 -554 -613 -581 -447 -337 -26399998
