tauX_total_04_2015_moy.22
  330  218   91  -81 -194 -243 -156 -107  -65  -16    5  -54 -128
 -211 -194 -108 -105 -178 -197  -86   32  -42 -100 -1969999899998
999989999899998999989999899998999989999899998999989999899998
  233   72  -53 -172 -241 -256 -172 -119  -94  -76  -57 -132 -280
 -324 -189    5   30  -41 -134 -207 -128 -132 -146999989999899998
999989999899998999989999899998999989999899998999989999899998
   99  -76 -200 -270 -313 -280 -226 -182 -166 -144 -157 -339 -525
 -494 -331  -57   54   43 -119 -254 -278 -235 -208999989999899998
999989999899998999989999899998999989999899998999989999899998
  -55 -222 -337 -378 -371 -317 -290 -277 -266 -251 -262 -545 -765
 -728 -555 -245  -67    1 -176 -317 -372 -30099998999989999899998
999989999899998999989999899998999989999899998999989999899998
 -197 -311 -407 -446 -422 -329 -341 -397 -413 -383 -354 -651 -872
 -904 -767 -495 -284 -188 -295 -379 -353 -27899998999989999899998
999989999899998999989999899998999989999899998999989999899998
 -327 -378 -437 -477 -443 -367 -408 -515 -551 -502 -435 -626 -803
 -935 -868 -677 -501 -409 -425 -400 -245 -14799998999989999899998
999989999899998999989999899998999989999899998999989999899998
 -458 -467 -490 -498 -491 -467 -490 -561 -605 -522 -450 -503 -636
 -792 -838 -727 -624 -592 -498 -295 -111   1599998999989999899998
999989999899998999989999899998999989999899998999989999899998
 -586 -579 -582 -577 -591 -618 -617 -618 -581 -489 -432 -395 -457
 -540 -604 -600 -608 -569 -390 -176   10  14499998999989999899998
999989999899998999989999899998999989999899998999989999899998
 -700 -676 -678 -697 -740 -784 -803 -784 -647 -520 -488 -454 -417
 -391 -427 -472 -483 -417 -261  -84   86  20999998999989999899998
999989999899998999989999899998999989999899998999989999899998
 -780 -758 -744 -786 -864 -958-1007 -964 -798 -692 -632 -591 -528
 -460 -422 -423 -381 -292 -166  -19  118  201  229999989999899998
999989999899998999989999899998999989999899998999989999899998
 -825 -770 -740 -795 -911-1045-1106-1070 -961 -857 -806 -759 -679
 -570 -469 -397 -299 -202  -94   21  114  154  153  1199999899998
999989999899998999989999899998999989999899998999989999899998
99998 -705 -670 -728 -852 -983-1047-1038-1003 -948 -911 -843 -740
 -588 -429 -327 -234 -143  -51   30   88  104  100   90   7199998
999989999899998999989999899998999989999899998999989999899998
99998999989999899998 -720 -829 -887 -901 -899 -890 -850 -754 -617
 -450 -302 -243 -196 -122  -43   18   56   80   74   62   40    6
  -15   -7   42   94  131  159  159  150  140999989999899998
9999899998999989999899998 -636 -708 -742 -716 -702 -661 -536 -385
 -248 -185 -181 -172 -132  -64    4   41   61   47   12  -24  -49
  -68  -66  -40   -1   29   49   58   57   57999989999899998
9999899998999989999899998 -455 -575 -602 -566 -521 -465 -335 -196
 -117 -133 -184 -208 -184 -105  -32   13   14  -16  -71 -122 -148
 -151 -141 -123  -99  -70  -55  -41  -32  -16999989999899998
999989999899998999989999899998 -483 -519 -497 -461 -387 -266 -163
 -133 -182 -260 -308 -292 -194  -90  -32  -58 -106 -170 -227 -253
 -238 -208 -184 -155 -134 -116  -95  -74  -59999989999899998
9999899998999989999899998999989999899998 -504 -473 -406 -318 -240
 -226 -283 -368 -433 -418 -314 -172  -92 -135 -195 -252 -300 -317
 -298 -256 -223 -196 -166 -145 -119  -87  -68999989999899998
9999899998999989999899998999989999899998999989999899998 -407 -341
 -323 -361 -456 -520 -524 -446 -300 -180 -218 -264 -304 -339 -352
 -339 -314 -279 -249 -217 -176 -133  -89  -51  -179999899998
999989999899998999989999899998999989999899998999989999899998 -371
 -341 -375 -470 -558 -589 -548 -471 -382 -300 -301 -330 -347 -359
 -366 -367 -346 -313 -276 -221 -152  -84  -28   10   3599998
999989999899998999989999899998999989999899998999989999899998 -313
 -291 -332 -428 -534 -584 -570 -526 -469 -362 -307 -323 -343 -373
 -396 -400 -386 -366 -331 -262 -170  -76   -2   44   6099998
9999899998999989999899998999989999899998999989999899998 -282 -240
 -226 -261 -352 -464 -525 -524 -494 -447 -371 -333 -351 -378 -395
 -416 -414 -406 -398 -383 -306 -199  -79   22   74   9699998
99998999989999899998999989999899998999989999899998 -249 -202 -174
 -160 -181 -254 -363 -443 -449 -427 -395 -382 -375 -386 -410 -429
 -414 -408 -413 -424 -415 -338 -235 -102   18   86  11599998
99998999989999899998999989999899998999989999899998 -156 -128 -109
  -91  -87 -140 -245 -340 -347 -334 -318 -336 -357 -378 -394 -410
 -410 -402 -423 -437 -426 -367 -274 -145  -22   62  10999998
99998999989999899998999989999899998999989999899998  -83  -77  -66
  -43  -16  -33 -116 -212 -216 -219 -221 -274 -308 -336 -359 -377
 -403 -417 -441 -447 -436 -394 -315 -196  -67    99999899998
99998999989999899998999989999899998999989999899998  -52  -72  -68
  -47  -13   38 -139  -95  -88 -101 -139 -218 -254 -280 -318 -343
 -396 -436 -454 -448 -431 -405 -338 -223  -85  -41    599998
