tauX_total_08_2015_moy.22
  -56 -173 -246 -269 -273 -252 -253 -255 -290 -329 -360 -377 -384
 -353 -355 -351 -295 -212 -110  -93 -123 -227 -297 -3429999899998
999989999899998999989999899998999989999899998999989999899998
 -109 -207 -274 -302 -303 -278 -260 -249 -266 -287 -304 -287 -294
 -333 -393 -448 -448 -412 -339 -275 -268 -331 -387999989999899998
999989999899998999989999899998999989999899998999989999899998
 -184 -262 -319 -349 -360 -331 -295 -266 -255 -256 -252 -206 -224
 -341 -463 -583 -619 -599 -518 -411 -344 -379 -439999989999899998
999989999899998999989999899998999989999899998999989999899998
 -289 -341 -388 -419 -423 -401 -351 -317 -281 -251 -229 -176 -195
 -352 -532 -693 -749 -711 -569 -417 -309 -31099998999989999899998
999989999899998999989999899998999989999899998999989999899998
 -408 -435 -467 -493 -495 -474 -433 -391 -347 -296 -265 -238 -242
 -369 -543 -703 -739 -655 -458 -268 -165 -12299998999989999899998
999989999899998999989999899998999989999899998999989999899998
 -513 -527 -542 -551 -547 -526 -489 -468 -428 -369 -322 -305 -335
 -411 -521 -601 -567 -465 -271 -105  -11   4299998999989999899998
999989999899998999989999899998999989999899998999989999899998
 -569 -570 -576 -574 -556 -523 -520 -526 -504 -448 -385 -367 -407
 -457 -481 -457 -362 -259 -133  -22   70  11799998999989999899998
999989999899998999989999899998999989999899998999989999899998
 -560 -555 -543 -521 -487 -468 -497 -519 -510 -459 -389 -384 -407
 -440 -416 -331 -212 -102  -41   32  111  15799998999989999899998
999989999899998999989999899998999989999899998999989999899998
 -484 -463 -434 -395 -361 -345 -393 -423 -414 -361 -289 -300 -316
 -333 -294 -192  -69   37   73  122  179  23199998999989999899998
999989999899998999989999899998999989999899998999989999899998
 -385 -341 -306 -265 -227 -205 -241 -269 -256 -196 -127 -127 -142
 -149 -112  -14   75  143  171  199  251  316  377999989999899998
999989999899998999989999899998999989999899998999989999899998
 -325 -260 -220 -179 -147 -131 -129 -148 -121  -67    7   49   27
   27   64  130  173  170  186  210  250  312  367  4029999899998
999989999899998999989999899998999989999899998999989999899998
99998 -231 -197 -167 -150 -150 -135 -155 -143  -76   32  116  117
  113  127  144  124   97   99  106  137  200  259  298  29699998
999989999899998999989999899998999989999899998999989999899998
99998999989999899998 -216 -244 -298 -335 -335 -254 -136  -17   49
   52   19   -6  -37  -45  -52  -55  -52   15   92  155  163  118
   60   41   50   47   57  136  217  299  387999989999899998
9999899998999989999899998 -399 -510 -574 -575 -495 -361 -216 -119
 -124 -161 -197 -214 -194 -187 -198 -223 -178  -83    0   30    8
  -17  -18    9   34   55  112  175  242  301999989999899998
9999899998999989999899998 -528 -669 -759 -755 -673 -543 -408 -303
 -295 -338 -379 -363 -328 -292 -279 -319 -305 -215 -129  -97 -116
 -115  -95  -51   -6   22   60  104  149  175999989999899998
999989999899998999989999899998 -749 -842 -843 -783 -672 -545 -451
 -429 -465 -509 -491 -442 -362 -308 -332 -346 -267 -195 -189 -216
 -203 -171 -121  -61  -22    6   33   55   58999989999899998
9999899998999989999899998999989999899998 -891 -839 -739 -631 -557
 -520 -541 -585 -599 -549 -439 -292 -262 -281 -229 -194 -223 -250
 -258 -227 -175 -115  -69  -34   -4    4  -10999989999899998
9999899998999989999899998999989999899998999989999899998 -724 -638
 -573 -574 -650 -704 -675 -539 -338 -124 -184 -240 -266 -268 -268
 -280 -266 -216 -169 -127  -74  -22   -2   -5   -69999899998
999989999899998999989999899998999989999899998999989999899998 -656
 -569 -597 -729 -850 -926 -844 -536 -186 -258 -321 -363 -375 -348
 -325 -300 -258 -232 -195 -133  -69  -19   15   32   4299998
999989999899998999989999899998999989999899998999989999899998 -602
 -549 -604 -781-1025-1232-1202 -903 -509 -386 -412 -470 -497 -468
 -396 -324 -285 -261 -233 -191 -133  -56   20   74  10399998
9999899998999989999899998999989999899998999989999899998 -682 -548
 -520 -606 -796-1103-1333-1293-1026 -687 -507 -473 -560 -617 -585
 -465 -349 -298 -262 -243 -225 -186  -98   12  108  16499998
99998999989999899998999989999899998999989999899998 -790 -615 -503
 -481 -552 -736-1013-1209-1181 -986 -709 -549 -492 -599 -694 -674
 -515 -384 -310 -259 -235 -237 -231 -156  -29   97  18299998
99998999989999899998999989999899998999989999899998 -642 -525 -432
 -387 -445 -601 -831 -990 -976 -828 -637 -505 -473 -573 -672 -664
 -546 -437 -330 -263 -235 -270 -292 -235 -133   -1  13499998
99998999989999899998999989999899998999989999899998 -484 -428 -354
 -282 -311 -433 -605 -714 -715 -639 -511 -421 -434 -517 -592 -606
 -561 -488 -375 -279 -243 -318 -371 -353 -274 -1559999899998
99998999989999899998999989999899998999989999899998 -369 -373 -324
 -247 -236 -317 -389 -478 -509 -470 -375 -369 -413 -471 -542 -573
 -575 -531 -430 -326 -267 -377 -473 -494 -418 -286 -16199998
