tauX_total_01_2016_moy.22
  584  398  254  137  102  109  113  128  256  374  493  419  288
  -28 -328 -545 -531 -493 -364 -233 -128 -167 -190 -2299999899998
999989999899998999989999899998999989999899998999989999899998
  305  148   20  -39  -25   49  126  190  268  329  358  269  141
  -91 -305 -452 -484 -475 -412 -352 -283 -281 -281999989999899998
999989999899998999989999899998999989999899998999989999899998
   21 -139 -251 -266 -226  -86   70  163  176  164  128   37  -82
 -195 -299 -364 -417 -429 -444 -431 -413 -388 -366999989999899998
999989999899998999989999899998999989999899998999989999899998
 -208 -377 -488 -493 -406 -261  -64   36  -24  -95 -161 -242 -343
 -331 -293 -271 -336 -382 -441 -474 -467 -42499998999989999899998
999989999899998999989999899998999989999899998999989999899998
 -323 -497 -595 -613 -539 -406 -266 -201 -299 -394 -444 -468 -532
 -485 -341 -234 -287 -365 -419 -440 -403 -35799998999989999899998
999989999899998999989999899998999989999899998999989999899998
 -373 -484 -569 -603 -558 -452 -424 -457 -557 -605 -602 -617 -637
 -610 -510 -395 -371 -395 -418 -398 -319 -25199998999989999899998
999989999899998999989999899998999989999899998999989999899998
 -447 -488 -539 -548 -519 -471 -544 -649 -711 -716 -656 -654 -681
 -715 -658 -534 -461 -445 -447 -382 -271 -17799998999989999899998
999989999899998999989999899998999989999899998999989999899998
 -547 -542 -571 -570 -552 -546 -666 -799 -822 -759 -658 -649 -689
 -738 -710 -586 -496 -464 -455 -381 -240 -12099998999989999899998
999989999899998999989999899998999989999899998999989999899998
 -641 -646 -673 -689 -702 -710 -808 -943 -938 -807 -640 -639 -695
 -746 -714 -586 -490 -462 -453 -367 -209  -6199998999989999899998
999989999899998999989999899998999989999899998999989999899998
 -718 -760 -817 -882 -904 -898 -962-1044-1025 -837 -640 -618 -672
 -720 -690 -552 -472 -441 -411 -315 -162  -13   89999989999899998
999989999899998999989999899998999989999899998999989999899998
 -785 -889 -974-1049-1066-1040-1025-1035 -988 -811 -630 -583 -619
 -659 -618 -504 -435 -388 -331 -235  -97   20   81   659999899998
999989999899998999989999899998999989999899998999989999899998
99998 -969-1067-1118-1106-1042 -967 -909 -839 -717 -591 -544 -532
 -539 -522 -457 -379 -318 -248 -146  -33   38   53   32   1099998
999989999899998999989999899998999989999899998999989999899998
99998999989999899998-1069 -949 -838 -763 -707 -642 -555 -475 -435
 -421 -408 -372 -310 -237 -152  -58   15   35   10   -9  -11    4
    8    8   18   39   67   89  103   99   92999989999899998
9999899998999989999899998 -800 -693 -635 -612 -583 -515 -422 -360
 -327 -307 -296 -242 -167  -82   -4   35   -5  -38  -48  -40  -14
    3   17   31   47   65   83   91   88   83999989999899998
9999899998999989999899998 -682 -580 -548 -550 -529 -487 -418 -341
 -288 -276 -281 -234 -179 -109  -65  -86 -130 -136 -102  -83  -47
   -8   23   43   58   67   74   75   69   52999989999899998
999989999899998999989999899998 -547 -522 -511 -512 -499 -436 -364
 -311 -296 -312 -300 -271 -239 -269 -315 -332 -293 -192 -114  -84
  -26   18   50   68   72   65   58   44   22999989999899998
9999899998999989999899998999989999899998 -504 -514 -497 -451 -396
 -356 -349 -380 -403 -406 -448 -512 -559 -528 -418 -259 -130  -84
  -51   -7   36   63   66   51   39   20   -4999989999899998
9999899998999989999899998999989999899998999989999899998 -457 -413
 -393 -407 -444 -499 -535 -633 -737 -786 -681 -484 -274 -120  -72
  -67  -47   -3   32   40   26   17    8   -3  -139999899998
999989999899998999989999899998999989999899998999989999899998 -416
 -404 -426 -470 -549 -607 -707 -839 -890 -691 -468 -253  -89  -64
  -90  -90  -49  -17  -11  -23  -15    0   14   36   5099998
999989999899998999989999899998999989999899998999989999899998 -414
 -399 -408 -461 -521 -572 -632 -723 -758 -602 -410 -217 -102  -98
 -131 -139 -106  -81  -75  -79  -73  -31   34   93  13799998
9999899998999989999899998999989999899998999989999899998 -459 -412
 -385 -394 -434 -469 -503 -537 -579 -615 -529 -378 -229 -169 -171
 -201 -208 -187 -156 -125 -127 -139  -85   16  125  20899998
99998999989999899998999989999899998999989999899998 -504 -435 -397
 -373 -363 -390 -419 -449 -495 -557 -598 -560 -452 -333 -272 -281
 -306 -313 -287 -244 -198 -197 -208 -153  -49   75  18199998
99998999989999899998999989999899998999989999899998 -423 -383 -353
 -330 -314 -341 -369 -418 -512 -622 -687 -668 -589 -477 -393 -386
 -428 -439 -399 -340 -279 -280 -282 -242 -162  -43   7599998
99998999989999899998999989999899998999989999899998 -303 -291 -275
 -256 -253 -298 -351 -414 -603 -736 -811 -790 -707 -599 -510 -480
 -544 -570 -512 -432 -357 -349 -349 -344 -291 -2119999899998
99998999989999899998999989999899998999989999899998 -197 -209 -206
 -199 -221 -318 -395 -436 -733 -880 -941 -871 -784 -681 -570 -520
 -612 -674 -604 -496 -400 -370 -375 -417 -396 -335 -28599998
