tauX_total_11_2015_moy.22
  -77  -60  -71  -94  -84  -47  106  183  194  172  112  -61 -228
 -322 -407 -479 -626 -736 -695 -603 -482 -372 -296 -2819999899998
999989999899998999989999899998999989999899998999989999899998
 -168 -216 -233 -225 -187 -120    2   75   74   45  -20 -148 -279
 -391 -478 -555 -685 -763 -747 -675 -579 -485 -409999989999899998
999989999899998999989999899998999989999899998999989999899998
 -273 -359 -386 -354 -295 -204 -123  -73  -95 -130 -172 -251 -330
 -434 -524 -598 -681 -728 -740 -702 -618 -562 -521999989999899998
999989999899998999989999899998999989999899998999989999899998
 -367 -467 -502 -459 -378 -284 -259 -265 -311 -347 -346 -335 -347
 -423 -509 -584 -621 -643 -664 -636 -574 -55599998999989999899998
999989999899998999989999899998999989999899998999989999899998
 -425 -490 -533 -510 -432 -335 -385 -478 -560 -576 -511 -405 -351
 -378 -458 -538 -566 -576 -546 -496 -457 -42399998999989999899998
999989999899998999989999899998999989999899998999989999899998
 -460 -488 -519 -513 -464 -408 -516 -667 -761 -753 -648 -481 -365
 -356 -411 -495 -549 -567 -503 -405 -310 -24099998999989999899998
999989999899998999989999899998999989999899998999989999899998
 -501 -511 -532 -535 -511 -494 -633 -793 -891 -877 -757 -556 -398
 -373 -402 -475 -578 -609 -519 -376 -214 -10199998999989999899998
999989999899998999989999899998999989999899998999989999899998
 -598 -610 -609 -599 -594 -594 -699 -840 -939 -925 -809 -595 -464
 -428 -424 -464 -575 -622 -514 -340 -171  -3799998999989999899998
999989999899998999989999899998999989999899998999989999899998
 -756 -744 -720 -685 -657 -655 -693 -783 -863 -865 -772 -623 -534
 -478 -451 -457 -498 -531 -447 -306 -154  -2799998999989999899998
999989999899998999989999899998999989999899998999989999899998
 -916 -854 -790 -731 -677 -649 -645 -661 -710 -713 -647 -597 -560
 -515 -465 -426 -400 -368 -316 -239 -147  -56   17999989999899998
999989999899998999989999899998999989999899998999989999899998
-1061 -924 -822 -726 -649 -606 -575 -557 -545 -499 -469 -514 -525
 -512 -466 -395 -312 -224 -197 -172 -132  -76  -16   459999899998
999989999899998999989999899998999989999899998999989999899998
99998 -929 -804 -672 -573 -537 -512 -503 -447 -374 -325 -394 -440
 -458 -442 -380 -253 -161 -135 -131 -125  -92  -35   46  11999998
999989999899998999989999899998999989999899998999989999899998
99998999989999899998 -494 -481 -486 -497 -446 -362 -290 -290 -327
 -364 -376 -332 -235 -169 -132 -138 -159 -133  -96  -23   41   68
   44   31   53   87  135  166  183  173  146999989999899998
9999899998999989999899998 -461 -505 -531 -513 -456 -392 -323 -294
 -305 -318 -282 -238 -200 -181 -183 -222 -239 -238 -190 -131  -67
  -32  -14   20   51   91  123  140  142  136999989999899998
9999899998999989999899998 -490 -546 -600 -635 -630 -582 -499 -414
 -360 -318 -292 -262 -235 -233 -260 -313 -407 -454 -428 -359 -279
 -178 -100  -46   -3   36   67   85   99  110999989999899998
999989999899998999989999899998 -584 -670 -769 -810 -776 -682 -571
 -459 -367 -331 -304 -275 -273 -316 -402 -570 -633 -609 -555 -479
 -341 -218 -145  -72   -7   25   38   57   90999989999899998
9999899998999989999899998999989999899998 -870 -911 -888 -782 -652
 -506 -411 -377 -357 -328 -312 -338 -420 -590 -644 -637 -597 -549
 -460 -345 -251 -138  -43    7   34   59   75999989999899998
9999899998999989999899998999989999899998999989999899998 -785 -644
 -510 -438 -437 -431 -412 -386 -380 -412 -491 -518 -519 -518 -513
 -489 -452 -346 -211  -85   -2   46   70   91  1349999899998
999989999899998999989999899998999989999899998999989999899998 -558
 -476 -448 -488 -514 -522 -503 -482 -490 -405 -373 -370 -387 -408
 -477 -517 -421 -283 -144  -38   34   70  107  162  21799998
999989999899998999989999899998999989999899998999989999899998 -452
 -421 -441 -506 -574 -613 -620 -621 -619 -496 -391 -328 -322 -356
 -466 -538 -477 -360 -225 -105  -21   36  106  191  25999998
9999899998999989999899998999989999899998999989999899998 -486 -421
 -394 -416 -496 -595 -659 -694 -725 -746 -662 -552 -459 -401 -394
 -468 -522 -510 -422 -297 -187 -107  -25   84  207  29199998
99998999989999899998999989999899998999989999899998 -537 -461 -405
 -369 -385 -462 -576 -665 -729 -779 -796 -777 -725 -654 -569 -518
 -485 -492 -492 -441 -343 -268 -206 -110   31  156  24899998
99998999989999899998999989999899998999989999899998 -449 -406 -370
 -339 -336 -407 -544 -646 -711 -739 -753 -773 -774 -748 -697 -611
 -535 -475 -449 -409 -357 -324 -285 -204 -106   14  12599998
99998999989999899998999989999899998999989999899998 -362 -352 -334
 -311 -303 -363 -531 -628 -637 -638 -641 -701 -744 -762 -745 -673
 -570 -481 -434 -392 -353 -346 -337 -307 -249 -1849999899998
99998999989999899998999989999899998999989999899998 -307 -322 -323
 -313 -305 -354 -555 -637 -534 -495 -489 -584 -672 -740 -761 -706
 -586 -492 -438 -390 -346 -354 -362 -378 -358 -336 -33399998
