tauX_total_01_2017_moy.22
   41  436  592  536  412  215  110   28   76  110  106  109  106
  131  134   56 -148 -325 -277 -170  -45  -86 -116 -2049999899998
999989999899998999989999899998999989999899998999989999899998
  -11  269  399  368  267  103    8  -62  -66  -51  -56  -49  -53
  -36  -31  -84 -290 -432 -410 -341 -258 -259 -254999989999899998
999989999899998999989999899998999989999899998999989999899998
 -114   38  122  117   53  -65 -160 -217 -231 -222 -248 -246 -242
 -235 -248 -290 -442 -527 -530 -482 -415 -405 -403999989999899998
999989999899998999989999899998999989999899998999989999899998
 -218 -203 -164 -147 -175 -239 -316 -333 -350 -374 -399 -410 -403
 -430 -474 -541 -573 -592 -595 -552 -486 -46699998999989999899998
999989999899998999989999899998999989999899998999989999899998
 -320 -390 -386 -363 -353 -354 -380 -401 -436 -465 -453 -450 -473
 -553 -635 -731 -664 -631 -590 -522 -464 -42699998999989999899998
999989999899998999989999899998999989999899998999989999899998
 -423 -463 -487 -471 -425 -378 -396 -448 -484 -473 -430 -420 -456
 -568 -705 -754 -701 -655 -588 -497 -401 -34299998999989999899998
999989999899998999989999899998999989999899998999989999899998
 -522 -525 -533 -505 -458 -408 -433 -488 -516 -483 -408 -402 -452
 -578 -669 -678 -680 -664 -607 -499 -365 -26999998999989999899998
999989999899998999989999899998999989999899998999989999899998
 -614 -597 -590 -560 -516 -477 -501 -543 -547 -506 -425 -415 -457
 -539 -573 -570 -609 -629 -594 -490 -340 -20399998999989999899998
999989999899998999989999899998999989999899998999989999899998
 -666 -647 -642 -626 -604 -582 -603 -626 -597 -528 -450 -427 -454
 -487 -489 -461 -491 -533 -526 -444 -285 -13599998999989999899998
999989999899998999989999899998999989999899998999989999899998
 -670 -663 -663 -674 -687 -703 -715 -720 -676 -576 -479 -443 -467
 -483 -461 -394 -400 -413 -401 -328 -202  -80   12999989999899998
999989999899998999989999899998999989999899998999989999899998
 -644 -640 -644 -685 -742 -779 -799 -797 -742 -636 -532 -492 -501
 -509 -462 -399 -347 -301 -257 -185  -90  -17   39   589999899998
999989999899998999989999899998999989999899998999989999899998
99998 -591 -611 -673 -720 -759 -795 -795 -740 -643 -545 -500 -474
 -472 -453 -412 -318 -228 -144  -59   12   48   62   83   9999998
999989999899998999989999899998999989999899998999989999899998
99998999989999899998 -651 -668 -698 -716 -683 -599 -495 -421 -378
 -386 -405 -390 -305 -203  -93    1   44   61   54   71   73   73
   99  126  157  156  141  152  177  228  278999989999899998
9999899998999989999899998 -518 -569 -593 -571 -522 -459 -363 -304
 -307 -343 -354 -298 -222 -125  -40   -5    2    6   14   11   10
   31   62   85   92   89   98  124  165  209999989999899998
9999899998999989999899998 -366 -420 -446 -461 -471 -453 -389 -330
 -310 -314 -325 -317 -274 -206 -147 -114 -100  -74  -69  -71  -81
  -62  -22    7   30   39   53   80  111  136999989999899998
999989999899998999989999899998 -289 -339 -407 -472 -505 -498 -456
 -401 -361 -339 -348 -320 -272 -233 -210 -178 -146 -142 -155 -167
 -153 -111  -61  -17    3   27   49   66   67999989999899998
9999899998999989999899998999989999899998 -403 -502 -590 -632 -607
 -525 -445 -393 -360 -319 -288 -269 -255 -230 -201 -187 -207 -227
 -213 -176 -107  -43    0   20   33   34   24999989999899998
9999899998999989999899998999989999899998999989999899998 -718 -697
 -615 -526 -466 -391 -322 -288 -296 -300 -284 -256 -228 -222 -245
 -249 -217 -146  -64    1   22   29   20    8    99999899998
999989999899998999989999899998999989999899998999989999899998 -671
 -611 -565 -545 -474 -400 -363 -342 -312 -294 -282 -265 -234 -236
 -249 -242 -200 -128  -56  -21  -12   -4    8   29   4299998
999989999899998999989999899998999989999899998999989999899998 -567
 -550 -574 -614 -600 -555 -485 -378 -308 -269 -271 -269 -262 -222
 -230 -245 -241 -217 -169 -121  -87  -38    4   35   6099998
9999899998999989999899998999989999899998999989999899998 -545 -498
 -500 -552 -639 -708 -707 -582 -440 -339 -300 -285 -279 -272 -239
 -225 -233 -255 -266 -249 -200 -131  -63   -6   32   5799998
99998999989999899998999989999899998999989999899998 -640 -530 -456
 -440 -490 -616 -761 -810 -671 -534 -425 -377 -333 -306 -287 -278
 -262 -253 -277 -300 -285 -231 -158  -92  -33   12   3299998
99998999989999899998999989999899998999989999899998 -605 -487 -400
 -359 -386 -520 -746 -855 -758 -643 -550 -479 -408 -362 -345 -331
 -326 -322 -332 -330 -313 -252 -185 -123  -65  -24   -299998
99998999989999899998999989999899998999989999899998 -536 -418 -327
 -267 -266 -379 -653 -849 -855 -779 -705 -584 -493 -435 -400 -380
 -392 -404 -395 -371 -337 -273 -211 -149  -94  -639999899998
99998999989999899998999989999899998999989999899998 -466 -357 -268
 -201 -177 -259 -466 -753 -908 -928 -856 -678 -562 -484 -413 -414
 -444 -480 -452 -401 -343 -282 -220 -156 -103  -74  -7799998
