tauX_total_11_2017_moy.22
  -75    4   20  -11  -51 -118 -170 -238 -250 -255 -283 -692 -889
 -740 -521 -303 -161  -98 -255 -452 -577 -489 -421 -3609999899998
999989999899998999989999899998999989999899998999989999899998
 -168 -142 -142 -164 -182 -207 -232 -288 -341 -374 -414 -612 -707
 -567 -368 -171  -99  -89 -220 -368 -449 -381 -319999989999899998
999989999899998999989999899998999989999899998999989999899998
 -248 -284 -303 -308 -305 -292 -307 -352 -443 -515 -550 -567 -563
 -426 -243  -50  -23  -83 -192 -292 -315 -258 -198999989999899998
999989999899998999989999899998999989999899998999989999899998
 -297 -384 -420 -407 -375 -343 -358 -409 -541 -649 -690 -589 -514
 -374 -194  -19  -11 -123 -215 -238 -214 -15499998999989999899998
999989999899998999989999899998999989999899998999989999899998
 -320 -402 -452 -433 -374 -306 -344 -458 -641 -779 -816 -699 -564
 -408 -230 -111 -121 -201 -261 -273 -192 -11899998999989999899998
999989999899998999989999899998999989999899998999989999899998
 -306 -361 -415 -402 -322 -254 -339 -516 -738 -905 -924 -812 -660
 -502 -352 -246 -246 -284 -334 -309 -226 -15399998999989999899998
999989999899998999989999899998999989999899998999989999899998
 -272 -317 -366 -358 -313 -280 -412 -604 -829 -991 -982 -862 -718
 -565 -421 -318 -312 -334 -360 -329 -252 -17599998999989999899998
999989999899998999989999899998999989999899998999989999899998
 -277 -321 -361 -369 -382 -394 -538 -695 -851 -931 -931 -787 -662
 -540 -409 -304 -304 -350 -357 -314 -222 -13999998999989999899998
999989999899998999989999899998999989999899998999989999899998
 -332 -369 -405 -442 -475 -520 -619 -702 -756 -769 -724 -626 -531
 -456 -361 -287 -296 -335 -323 -260 -150  -5799998999989999899998
999989999899998999989999899998999989999899998999989999899998
 -419 -440 -464 -519 -556 -584 -607 -630 -612 -554 -481 -434 -391
 -360 -329 -290 -289 -292 -267 -178  -68   14   55999989999899998
999989999899998999989999899998999989999899998999989999899998
 -532 -525 -525 -548 -565 -560 -525 -499 -436 -349 -286 -272 -271
 -266 -271 -263 -243 -221 -183 -103   -5   49   57   199999899998
999989999899998999989999899998999989999899998999989999899998
99998 -604 -579 -520 -478 -476 -426 -375 -304 -236 -189 -184 -181
 -180 -193 -190 -184 -168 -126  -50   30   62   62   28  -1799998
999989999899998999989999899998999989999899998999989999899998
99998999989999899998 -411 -424 -408 -376 -329 -296 -266 -217 -182
 -160 -162 -169 -177 -170 -111  -37   25   57   58   27  -13  -33
   18   90  124   99   46    8    5   50   99999989999899998
9999899998999989999899998 -485 -508 -515 -514 -500 -468 -378 -307
 -261 -236 -243 -245 -249 -200 -114  -21   15   -2  -41  -73  -67
  -23   30   63   53   14   -5   11   58  106999989999899998
9999899998999989999899998 -660 -681 -713 -737 -724 -666 -582 -516
 -461 -424 -424 -435 -444 -389 -283 -171 -113 -136 -172 -196 -180
 -113  -60  -26  -19  -35  -29   12   68  108999989999899998
999989999899998999989999899998 -860 -878 -896 -854 -790 -736 -651
 -595 -594 -630 -669 -672 -608 -470 -319 -263 -263 -300 -316 -292
 -229 -170 -145 -119  -86  -24   29   75  108999989999899998
9999899998999989999899998999989999899998 -993 -920 -818 -717 -630
 -604 -642 -724 -846 -859 -769 -584 -405 -333 -311 -347 -361 -332
 -302 -259 -240 -185  -99    2   67   95   99999989999899998
9999899998999989999899998999989999899998999989999899998 -595 -512
 -516 -604 -718 -861 -915 -805 -598 -411 -328 -295 -311 -323 -302
 -300 -307 -284 -207  -90   23   95  103   86   779999899998
999989999899998999989999899998999989999899998999989999899998 -399
 -434 -535 -655 -774 -856 -758 -576 -394 -280 -260 -252 -242 -210
 -242 -308 -294 -217 -102    7   68   71   65   69   7799998
999989999899998999989999899998999989999899998999989999899998 -412
 -433 -495 -591 -669 -747 -707 -587 -434 -311 -266 -229 -192 -157
 -223 -283 -274 -224 -129  -47    1   17   37   78  10699998
9999899998999989999899998999989999899998999989999899998 -548 -509
 -486 -495 -544 -636 -687 -707 -667 -587 -474 -377 -309 -269 -252
 -281 -301 -289 -238 -167 -121  -93  -57   12   99  16499998
99998999989999899998999989999899998999989999899998 -583 -603 -556
 -496 -477 -511 -590 -659 -739 -766 -720 -633 -536 -484 -440 -417
 -392 -363 -322 -268 -220 -204 -205 -155  -38  107  21699998
99998999989999899998999989999899998999989999899998 -532 -500 -458
 -405 -353 -357 -495 -631 -746 -797 -776 -704 -632 -608 -592 -572
 -509 -436 -360 -303 -274 -315 -342 -276 -145   29  20999998
99998999989999899998999989999899998999989999899998 -462 -371 -302
 -235 -175 -166 -329 -598 -733 -772 -744 -700 -671 -681 -691 -684
 -589 -491 -396 -327 -308 -417 -486 -426 -287 -1159999899998
99998999989999899998999989999899998999989999899998 -432 -272 -180
  -97  -27   -2 -142 -546 -692 -707 -669 -676 -688 -711 -751 -752
 -635 -516 -401 -321 -320 -499 -614 -568 -421 -241  -7099998
