tauX_total_05_2017_moy.22
 -209  -68    3    6    1  -33   23   79  146  169  153  140  161
  244  298  292  216  129   96   75   77   28    6  -179999899998
999989999899998999989999899998999989999899998999989999899998
 -278 -170 -108  -89  -87  -97  -22   38   62   56   19    6   14
  102  176  182   82  -12  -62  -88  -88 -105 -111999989999899998
999989999899998999989999899998999989999899998999989999899998
 -328 -271 -231 -212 -219 -219 -155  -93  -84 -109 -180 -192 -163
  -76   -2    5 -117 -210 -263 -272 -252 -241 -238999989999899998
999989999899998999989999899998999989999899998999989999899998
 -336 -339 -332 -337 -352 -369 -328 -270 -268 -311 -391 -384 -330
 -241 -176 -193 -329 -400 -423 -391 -330 -29499998999989999899998
999989999899998999989999899998999989999899998999989999899998
 -327 -378 -383 -414 -455 -490 -470 -439 -454 -496 -542 -511 -441
 -378 -358 -388 -465 -507 -463 -363 -258 -18699998999989999899998
999989999899998999989999899998999989999899998999989999899998
 -386 -406 -415 -448 -486 -512 -546 -560 -572 -588 -605 -556 -521
 -522 -522 -523 -539 -534 -430 -274 -106   1199998999989999899998
999989999899998999989999899998999989999899998999989999899998
 -594 -551 -506 -477 -488 -517 -564 -602 -601 -583 -550 -562 -609
 -651 -644 -601 -561 -506 -370 -178   31  18799998999989999899998
999989999899998999989999899998999989999899998999989999899998
 -916 -785 -671 -574 -538 -570 -613 -640 -612 -549 -493 -570 -656
 -712 -701 -612 -520 -426 -296 -103  108  27199998999989999899998
999989999899998999989999899998999989999899998999989999899998
-1211 -990 -830 -712 -660 -672 -725 -757 -687 -583 -508 -573 -650
 -688 -664 -556 -430 -328 -228  -67  121  26799998999989999899998
999989999899998999989999899998999989999899998999989999899998
-1415-1133 -928 -813 -763 -786 -849 -883 -797 -664 -551 -550 -592
 -610 -560 -441 -336 -258 -186  -77   70  188  250999989999899998
999989999899998999989999899998999989999899998999989999899998
-1541-1158 -926 -813 -785 -826 -896 -911 -832 -701 -583 -529 -514
 -506 -446 -343 -267 -230 -184 -103    3   95  137  1399999899998
999989999899998999989999899998999989999899998999989999899998
99998-1057 -864 -747 -721 -749 -792 -788 -739 -640 -554 -472 -421
 -393 -339 -270 -243 -223 -192 -132  -42   28   60   65   8099998
999989999899998999989999899998999989999899998999989999899998
99998999989999899998 -602 -599 -593 -587 -563 -522 -466 -395 -343
 -304 -265 -241 -238 -225 -192 -128  -65  -18    5   12   14   22
   27   37   68   94  116  114   87   48   14999989999899998
9999899998999989999899998 -404 -391 -393 -380 -386 -393 -361 -305
 -249 -236 -241 -246 -235 -193 -138  -97  -71  -66  -70  -72  -54
  -34  -16    6   30   44   20  -12  -50  -94999989999899998
9999899998999989999899998 -241 -257 -260 -279 -340 -401 -414 -359
 -285 -258 -277 -280 -283 -245 -214 -186 -182 -190 -196 -195 -173
 -130 -103  -90  -68  -55  -87 -113 -139 -172999989999899998
999989999899998999989999899998 -187 -201 -283 -397 -502 -526 -472
 -382 -325 -338 -373 -388 -375 -361 -349 -352 -347 -333 -319 -293
 -247 -215 -207 -196 -173 -178 -177 -168 -147999989999899998
9999899998999989999899998999989999899998 -324 -482 -624 -649 -580
 -463 -401 -424 -479 -512 -535 -535 -533 -520 -478 -434 -390 -356
 -351 -339 -335 -320 -281 -214 -156 -103  -61999989999899998
9999899998999989999899998999989999899998999989999899998 -711 -612
 -494 -434 -468 -549 -604 -645 -678 -687 -639 -567 -483 -406 -369
 -400 -438 -445 -413 -341 -212 -109  -37   16   579999899998
999989999899998999989999899998999989999899998999989999899998 -567
 -471 -431 -482 -567 -630 -673 -727 -756 -689 -612 -512 -406 -349
 -383 -459 -481 -442 -353 -224 -100  -11   50   80   9599998
999989999899998999989999899998999989999899998999989999899998 -478
 -422 -423 -471 -533 -588 -639 -688 -717 -689 -633 -535 -409 -310
 -332 -403 -450 -432 -352 -228 -102   -3   62   97  11299998
9999899998999989999899998999989999899998999989999899998 -493 -444
 -404 -403 -435 -476 -518 -572 -615 -647 -670 -633 -527 -391 -282
 -281 -310 -373 -400 -349 -233 -110   -9   73  119  13899998
99998999989999899998999989999899998999989999899998 -503 -462 -414
 -368 -345 -369 -408 -454 -510 -558 -582 -608 -590 -494 -388 -308
 -280 -270 -308 -356 -350 -263 -161  -56   37   97  12999998
99998999989999899998999989999899998999989999899998 -443 -383 -330
 -279 -230 -238 -330 -417 -470 -512 -522 -513 -499 -461 -429 -394
 -348 -321 -322 -336 -354 -326 -265 -168  -73    3   6199998
99998999989999899998999989999899998999989999899998 -367 -277 -214
 -149  -87  -76 -250 -396 -449 -472 -475 -439 -410 -449 -490 -509
 -462 -419 -375 -354 -366 -396 -389 -310 -220 -1509999899998
99998999989999899998999989999899998999989999899998 -320 -199 -125
  -45   43   64 -209 -393 -448 -474 -472 -404 -368 -472 -563 -631
 -578 -512 -423 -362 -364 -450 -484 -427 -339 -276 -24499998
