tauX_total_11_2014_moy.22
 -155 -234 -307 -410 -496 -558 -432 -335 -214 -161 -127 -148 -221
 -402 -564 -731 -646 -530 -354 -178  -97  -60  -14   579999899998
999989999899998999989999899998999989999899998999989999899998
 -243 -340 -434 -529 -595 -623 -571 -515 -473 -437 -425 -448 -498
 -650 -760 -842 -744 -593 -420 -282 -185 -149 -116999989999899998
999989999899998999989999899998999989999899998999989999899998
 -316 -446 -546 -633 -710 -727 -739 -734 -756 -719 -690 -686 -688
 -771 -864 -864 -751 -586 -435 -316 -237 -221 -208999989999899998
999989999899998999989999899998999989999899998999989999899998
 -402 -541 -637 -715 -776 -814 -904 -955 -983 -952 -865 -782 -719
 -743 -768 -758 -649 -514 -406 -287 -248 -23899998999989999899998
999989999899998999989999899998999989999899998999989999899998
 -522 -606 -685 -751 -780 -793 -916-1054-1080-1002 -842 -676 -617
 -606 -581 -566 -495 -422 -332 -279 -227 -18799998999989999899998
999989999899998999989999899998999989999899998999989999899998
 -655 -684 -716 -729 -703 -699 -828 -973-1004 -905 -721 -587 -539
 -551 -555 -496 -445 -407 -352 -298 -213 -14899998999989999899998
999989999899998999989999899998999989999899998999989999899998
 -765 -741 -738 -688 -643 -636 -775 -903 -932 -853 -691 -602 -578
 -623 -631 -549 -494 -444 -401 -318 -218 -14299998999989999899998
999989999899998999989999899998999989999899998999989999899998
 -804 -747 -731 -676 -652 -667 -789 -908 -918 -828 -690 -637 -661
 -715 -701 -615 -529 -446 -391 -308 -208 -13099998999989999899998
999989999899998999989999899998999989999899998999989999899998
 -739 -704 -684 -679 -710 -776 -870 -956 -915 -768 -607 -602 -671
 -753 -752 -639 -484 -389 -334 -253 -152  -7899998999989999899998
999989999899998999989999899998999989999899998999989999899998
 -631 -618 -604 -669 -754 -852 -956-1004 -900 -639 -459 -492 -587
 -701 -736 -590 -403 -288 -226 -152  -82  -33  -10999989999899998
999989999899998999989999899998999989999899998999989999899998
 -565 -532 -510 -580 -694 -797 -896 -952 -782 -474 -304 -352 -469
 -586 -604 -482 -309 -179 -116  -67  -19  -12    4   199999899998
999989999899998999989999899998999989999899998999989999899998
99998 -458 -431 -435 -503 -597 -687 -732 -573 -345 -196 -236 -339
 -439 -466 -394 -247 -140  -86  -39    0    8   17   39   5199998
999989999899998999989999899998999989999899998999989999899998
99998999989999899998 -309 -395 -499 -566 -496 -348 -209 -188 -241
 -325 -384 -337 -250 -198 -158 -109  -62  -23   -7   21   32   38
   47   76  126  159  173  149  104   34  -40999989999899998
9999899998999989999899998 -298 -452 -565 -576 -487 -364 -271 -258
 -311 -351 -339 -334 -347 -343 -314 -240 -144  -83  -48  -41  -31
    2   48  106  151  159  124   81   26  -30999989999899998
9999899998999989999899998 -338 -534 -660 -707 -685 -587 -477 -414
 -408 -407 -435 -502 -564 -593 -591 -532 -386 -229 -176 -158 -140
  -77    1   78  130  137  107   71   42   17999989999899998
999989999899998999989999899998 -635 -770 -856 -853 -790 -686 -589
 -526 -522 -560 -674 -773 -835 -837 -784 -615 -395 -292 -258 -254
 -171  -60   41   97  110   95   78   75   76999989999899998
9999899998999989999899998999989999899998-1000 -981 -916 -810 -699
 -612 -576 -619 -757 -875 -966 -990 -895 -695 -476 -344 -296 -289
 -231 -122  -12   63   80   87  100  119  131999989999899998
9999899998999989999899998999989999899998999989999899998 -863 -722
 -612 -564 -623 -755 -892 -991-1024 -932 -701 -512 -383 -314 -280
 -244 -173  -70    9   50   84  125  152  157  1479999899998
999989999899998999989999899998999989999899998999989999899998 -617
 -517 -516 -628 -768 -896 -962 -979 -905 -710 -561 -441 -363 -328
 -284 -228 -130  -50   12   81  142  173  171  154  12599998
999989999899998999989999899998999989999899998999989999899998 -460
 -431 -506 -651 -815 -901 -892 -859 -824 -728 -625 -536 -470 -411
 -349 -284 -199 -117  -45   46  126  169  176  157  13699998
9999899998999989999899998999989999899998999989999899998 -459 -396
 -414 -517 -685 -821 -861 -809 -745 -715 -722 -683 -629 -559 -480
 -401 -316 -252 -184 -109   -7   91  142  168  173  16299998
99998999989999899998999989999899998999989999899998 -491 -412 -369
 -414 -538 -719 -792 -795 -717 -647 -626 -672 -701 -665 -591 -501
 -401 -329 -289 -248 -192  -95    7   87  136  165  16799998
99998999989999899998999989999899998999989999899998 -384 -341 -321
 -378 -524 -709 -731 -687 -591 -538 -544 -594 -645 -618 -551 -450
 -373 -341 -329 -320 -293 -217 -130  -35   41   87  12699998
99998999989999899998999989999899998999989999899998 -273 -266 -263
 -301 -473 -678 -662 -555 -460 -434 -473 -528 -571 -543 -480 -392
 -356 -349 -372 -392 -383 -333 -267 -182 -100  -549999899998
99998999989999899998999989999899998999989999899998 -184 -217 -235
 -252 -361 -749 -609 -415 -344 -390 -446 -514 -537 -513 -450 -378
 -354 -353 -411 -449 -451 -421 -365 -290 -219 -175 -17199998
