tauX_total_04_2016_moy.22
  253  258  237  263  246  223  115   15  115  248  368  218   45
 -101 -179 -171  -85  -43  -80 -117 -114 -112 -108 -1309999899998
999989999899998999989999899998999989999899998999989999899998
  148  137  109   80   41  -10 -146 -245 -194  -77   53   -9 -118
 -232 -261 -195 -136 -109 -157 -206 -197 -184 -173999989999899998
999989999899998999989999899998999989999899998999989999899998
   13  -16  -60 -136 -199 -271 -432 -543 -527 -400 -241 -225 -271
 -341 -365 -231 -188 -184 -247 -279 -246 -226 -223999989999899998
999989999899998999989999899998999989999899998999989999899998
 -118 -169 -222 -318 -401 -493 -665 -788 -768 -623 -447 -356 -349
 -400 -365 -291 -278 -290 -317 -292 -226 -18699998999989999899998
999989999899998999989999899998999989999899998999989999899998
 -226 -279 -323 -382 -477 -557 -716 -839 -783 -631 -487 -361 -333
 -374 -411 -430 -433 -421 -353 -244 -136  -4899998999989999899998
999989999899998999989999899998999989999899998999989999899998
 -316 -341 -373 -399 -413 -454 -542 -631 -595 -508 -393 -339 -367
 -465 -580 -630 -604 -540 -384 -201  -22   9799998999989999899998
999989999899998999989999899998999989999899998999989999899998
 -391 -386 -409 -417 -409 -392 -415 -469 -482 -434 -381 -412 -480
 -612 -737 -776 -730 -627 -420 -170   55  20099998999989999899998
999989999899998999989999899998999989999899998999989999899998
 -435 -442 -494 -516 -502 -463 -450 -474 -488 -481 -463 -513 -583
 -691 -773 -809 -759 -632 -420 -160   73  22999998999989999899998
999989999899998999989999899998999989999899998999989999899998
 -445 -524 -604 -651 -667 -648 -602 -587 -578 -558 -527 -556 -622
 -694 -743 -730 -668 -553 -376 -143   77  23299998999989999899998
999989999899998999989999899998999989999899998999989999899998
 -429 -569 -667 -757 -831 -858 -836 -779 -730 -640 -563 -559 -618
 -677 -686 -630 -537 -434 -282  -96   97  238  313999989999899998
999989999899998999989999899998999989999899998999989999899998
 -384 -539 -642 -778 -904 -966 -985 -945 -854 -691 -560 -530 -568
 -628 -623 -531 -427 -323 -196  -39  114  225  272  2549999899998
999989999899998999989999899998999989999899998999989999899998
99998 -436 -545 -706 -819 -895 -967 -978 -858 -681 -513 -468 -488
 -542 -545 -456 -335 -228 -127  -16   99  172  193  176  14399998
999989999899998999989999899998999989999899998999989999899998
99998999989999899998 -657 -723 -816 -872 -774 -609 -446 -386 -399
 -449 -446 -353 -240 -149  -93  -26   48   89  102   98   77   60
   87  121  168  205  223  206  150   83    9999989999899998
9999899998999989999899998 -498 -637 -700 -647 -538 -417 -350 -362
 -383 -358 -280 -188 -125  -89  -66  -38   -6   12   16    9   -1
    4   33   71  104  120  111   70   15  -31999989999899998
9999899998999989999899998 -307 -471 -525 -543 -518 -457 -403 -389
 -372 -345 -294 -242 -184 -139 -122 -114  -99  -71  -57  -64  -93
  -99  -69  -31    6   29   16   -9  -51  -73999989999899998
999989999899998999989999899998 -353 -439 -519 -565 -559 -525 -482
 -445 -432 -442 -406 -338 -257 -209 -197 -173 -117  -82 -122 -185
 -199 -174 -125  -64  -26  -26  -46  -72  -82999989999899998
9999899998999989999899998999989999899998 -563 -617 -650 -613 -560
 -543 -568 -625 -619 -547 -439 -346 -290 -217 -132  -91 -137 -218
 -269 -255 -188 -109  -48  -31  -48  -63  -67999989999899998
9999899998999989999899998999989999899998999989999899998 -655 -594
 -599 -668 -771 -799 -746 -625 -490 -386 -260 -173 -145 -165 -232
 -297 -309 -238 -142  -61  -35  -39  -51  -53  -249999899998
999989999899998999989999899998999989999899998999989999899998 -566
 -577 -683 -823 -901 -888 -767 -593 -456 -329 -246 -217 -237 -281
 -339 -356 -285 -190 -106  -62  -48  -53  -44   -3   4499998
999989999899998999989999899998999989999899998999989999899998 -494
 -528 -634 -791 -931 -959 -842 -687 -552 -422 -345 -318 -342 -373
 -405 -395 -324 -238 -159 -107  -83  -75  -50   -3   4399998
9999899998999989999899998999989999899998999989999899998 -410 -420
 -476 -587 -732 -880 -951 -884 -768 -633 -540 -477 -469 -476 -478
 -455 -411 -352 -265 -183 -138 -120 -107  -73   -7   5699998
99998999989999899998999989999899998999989999899998 -304 -324 -349
 -412 -521 -659 -801 -889 -886 -809 -713 -659 -614 -609 -601 -564
 -483 -412 -347 -275 -212 -188 -160 -119  -77   -8   6599998
99998999989999899998999989999899998999989999899998 -209 -229 -263
 -327 -421 -547 -688 -791 -843 -829 -779 -739 -714 -689 -649 -581
 -503 -435 -370 -332 -301 -268 -229 -165  -89  -23   4499998
99998999989999899998999989999899998999989999899998 -133 -145 -179
 -233 -318 -428 -554 -671 -762 -818 -814 -777 -755 -703 -634 -572
 -511 -457 -437 -431 -421 -370 -314 -235 -147  -809999899998
99998999989999899998999989999899998999989999899998  -92  -96 -126
 -172 -244 -340 -435 -562 -667 -767 -802 -793 -754 -683 -619 -576
 -527 -474 -508 -547 -548 -465 -389 -297 -200 -130 -10799998
