tauX_total_06_2014_moy.22
  121  -54 -182 -273 -326 -338 -269 -227 -224 -217 -216 -241 -253
 -165  -95  -45 -221 -374 -446 -478 -429 -259 -110  -269999899998
999989999899998999989999899998999989999899998999989999899998
    2 -164 -279 -361 -391 -372 -313 -275 -264 -246 -234 -214 -212
 -181 -162 -173 -356 -499 -572 -591 -535 -385 -249999989999899998
999989999899998999989999899998999989999899998999989999899998
 -123 -266 -350 -401 -407 -355 -314 -290 -293 -296 -278 -245 -249
 -294 -320 -368 -501 -611 -667 -647 -536 -435 -359999989999899998
999989999899998999989999899998999989999899998999989999899998
 -248 -329 -383 -384 -332 -273 -259 -265 -306 -342 -349 -339 -377
 -469 -544 -582 -626 -665 -650 -529 -389 -31599998999989999899998
999989999899998999989999899998999989999899998999989999899998
 -320 -335 -366 -327 -249 -186 -177 -225 -316 -387 -416 -491 -565
 -661 -725 -734 -675 -604 -478 -307 -140  -2199998999989999899998
999989999899998999989999899998999989999899998999989999899998
 -352 -346 -360 -321 -275 -221 -218 -281 -375 -441 -479 -592 -710
 -803 -819 -745 -621 -492 -315 -114   91  24499998999989999899998
999989999899998999989999899998999989999899998999989999899998
 -414 -428 -448 -445 -416 -387 -398 -454 -509 -535 -517 -621 -739
 -808 -791 -675 -530 -393 -223  -18  198  36999998999989999899998
999989999899998999989999899998999989999899998999989999899998
 -515 -562 -615 -661 -655 -620 -633 -667 -675 -619 -551 -585 -659
 -709 -669 -529 -412 -301 -187  -13  181  34299998999989999899998
999989999899998999989999899998999989999899998999989999899998
 -631 -725 -810 -873 -883 -829 -801 -803 -770 -676 -574 -548 -566
 -581 -522 -382 -267 -191 -132  -30  124  23499998999989999899998
999989999899998999989999899998999989999899998999989999899998
 -732 -850 -952-1015 -999 -901 -834 -800 -768 -671 -554 -495 -482
 -474 -398 -265 -156  -95  -58   -1   88  162  211999989999899998
999989999899998999989999899998999989999899998999989999899998
 -812 -936-1031-1057 -970 -827 -718 -657 -651 -584 -476 -418 -406
 -387 -315 -201 -104  -55  -28    8   61  127  171  2009999899998
999989999899998999989999899998999989999899998999989999899998
99998 -974-1052 -999 -841 -675 -537 -470 -474 -450 -373 -335 -327
 -305 -257 -180 -123  -77  -53  -30   10   66  110  149  17999998
999989999899998999989999899998999989999899998999989999899998
99998999989999899998 -691 -525 -411 -386 -395 -390 -332 -305 -278
 -253 -233 -221 -186 -156 -134 -105  -66  -17   23   61   68   68
   86  121  154  174  180  204  221  243  272999989999899998
9999899998999989999899998 -401 -400 -430 -448 -443 -395 -311 -247
 -219 -234 -263 -291 -289 -258 -210 -167 -123  -84  -65  -58  -52
  -21   28   74  108  127  143  157  173  187999989999899998
9999899998999989999899998 -393 -497 -544 -571 -544 -441 -311 -233
 -230 -264 -341 -415 -448 -404 -341 -333 -290 -219 -201 -205 -204
 -158  -98  -38   15   47   59   71   82   84999989999899998
999989999899998999989999899998 -635 -663 -652 -530 -392 -254 -194
 -241 -336 -449 -562 -597 -525 -473 -475 -397 -336 -330 -327 -337
 -292 -233 -159  -81  -40  -22    2   18    9999989999899998
9999899998999989999899998999989999899998 -613 -431 -257 -150 -147
 -250 -423 -602 -712 -690 -544 -382 -363 -374 -352 -353 -380 -396
 -387 -353 -284 -204 -133  -80  -34   -7  -10999989999899998
9999899998999989999899998999989999899998999989999899998  -33 -116
 -289 -547 -771 -858 -796 -612 -446 -430 -432 -420 -396 -404 -415
 -444 -453 -413 -344 -250 -128  -46   -7    5    39999899998
999989999899998999989999899998999989999899998999989999899998 -147
 -369 -667 -911 -978 -923 -765 -637 -577 -550 -524 -478 -447 -437
 -473 -498 -485 -436 -348 -185  -64  -11   17   29   2499998
999989999899998999989999899998999989999899998999989999899998 -254
 -466 -744 -957-1052-1028 -909 -791 -700 -643 -595 -539 -477 -443
 -455 -464 -466 -442 -372 -247 -109  -26   19   38   4099998
9999899998999989999899998999989999899998999989999899998 -324 -403
 -563 -762 -960-1072-1076 -986 -840 -730 -657 -584 -526 -475 -425
 -415 -409 -409 -403 -359 -272 -157  -54   20   50   5999998
99998999989999899998999989999899998999989999899998 -453 -452 -481
 -575 -734 -914-1036-1051 -946 -803 -685 -580 -485 -421 -401 -416
 -409 -384 -358 -351 -338 -273 -182  -68    7   16   1699998
99998999989999899998999989999899998999989999899998 -455 -438 -462
 -532 -639 -785 -919 -953 -823 -698 -574 -434 -333 -299 -354 -441
 -455 -436 -389 -349 -340 -282 -202 -111  -79  -88 -12299998
99998999989999899998999989999899998999989999899998 -396 -368 -383
 -441 -528 -646 -770 -835 -728 -582 -462 -295 -206 -253 -368 -493
 -544 -535 -469 -410 -385 -316 -231 -188 -199 -2719999899998
99998999989999899998999989999899998999989999899998 -307 -286 -304
 -350 -430 -552 -659 -762 -736 -586 -471 -269 -176 -264 -411 -555
 -632 -636 -549 -464 -424 -345 -251 -251 -308 -445 -61899998
