tauX_total_06_2016_moy.22
  192   73  -29 -120 -176 -208 -202 -207 -280 -350 -414 -417 -400
 -345 -283 -234 -276 -311 -234 -156  -65  -70  -62  -749999899998
999989999899998999989999899998999989999899998999989999899998
   73  -43 -141 -219 -250 -242 -196 -180 -235 -291 -337 -342 -326
 -278 -222 -189 -224 -253 -242 -219 -178 -182 -180999989999899998
999989999899998999989999899998999989999899998999989999899998
  -45 -164 -251 -308 -330 -280 -202 -163 -203 -256 -288 -285 -280
 -238 -189 -167 -188 -221 -262 -271 -266 -277 -310999989999899998
999989999899998999989999899998999989999899998999989999899998
 -195 -300 -366 -389 -377 -316 -232 -218 -259 -294 -303 -288 -296
 -267 -239 -210 -203 -218 -260 -275 -267 -28299998999989999899998
999989999899998999989999899998999989999899998999989999899998
 -399 -457 -478 -451 -391 -344 -335 -367 -423 -438 -409 -386 -385
 -386 -371 -333 -293 -259 -240 -210 -173 -15499998999989999899998
999989999899998999989999899998999989999899998999989999899998
 -638 -614 -578 -509 -431 -379 -455 -520 -564 -560 -513 -479 -452
 -473 -464 -416 -361 -307 -232 -133  -23   5399998999989999899998
999989999899998999989999899998999989999899998999989999899998
 -899 -782 -699 -604 -511 -454 -531 -597 -611 -590 -542 -508 -459
 -456 -443 -400 -367 -315 -216  -71   88  21099998999989999899998
999989999899998999989999899998999989999899998999989999899998
-1066 -911 -826 -734 -629 -577 -591 -617 -601 -573 -529 -478 -443
 -406 -354 -305 -296 -274 -190  -42  129  26399998999989999899998
999989999899998999989999899998999989999899998999989999899998
 -987 -917 -868 -811 -753 -709 -638 -600 -564 -531 -501 -451 -442
 -384 -299 -207 -195 -208 -155  -36  116  22599998999989999899998
999989999899998999989999899998999989999899998999989999899998
 -724 -776 -792 -803 -810 -783 -680 -575 -523 -481 -448 -448 -456
 -407 -295 -177 -130 -128  -97  -23   94  177  214999989999899998
999989999899998999989999899998999989999899998999989999899998
 -449 -586 -654 -727 -782 -774 -688 -566 -480 -402 -379 -425 -444
 -421 -325 -190 -110  -70  -59  -13   69  135  156  1359999899998
999989999899998999989999899998999989999899998999989999899998
99998 -404 -516 -619 -665 -653 -606 -523 -408 -319 -284 -348 -389
 -383 -318 -208 -102  -48  -50  -31   19   61   75   71   7099998
999989999899998999989999899998999989999899998999989999899998
99998999989999899998 -521 -506 -468 -431 -339 -249 -199 -243 -300
 -311 -274 -181  -98  -79  -99 -103  -71  -41  -38  -27  -12   15
   59   89  137  166  203  240  268  290  303999989999899998
9999899998999989999899998 -378 -380 -345 -287 -252 -271 -282 -306
 -294 -241 -144 -112 -145 -185 -200 -182 -163 -157 -142 -113  -74
  -26   19   42   63   89  133  174  211  244999989999899998
9999899998999989999899998 -326 -301 -268 -281 -357 -454 -498 -482
 -393 -266 -179 -179 -215 -257 -284 -267 -265 -251 -241 -217 -184
 -127  -70  -50  -39  -25   17   66  116  162999989999899998
999989999899998999989999899998 -206 -189 -299 -480 -644 -736 -702
 -543 -373 -280 -262 -284 -326 -339 -317 -301 -267 -252 -256 -266
 -219 -161 -125 -109 -105  -76  -25   33   72999989999899998
9999899998999989999899998999989999899998 -304 -529 -757 -854 -802
 -629 -460 -360 -332 -355 -401 -405 -342 -262 -196 -174 -205 -262
 -283 -247 -190 -153 -147 -126  -78  -25   -3999989999899998
9999899998999989999899998999989999899998999989999899998 -835 -768
 -618 -479 -412 -417 -470 -515 -495 -401 -228 -113  -79 -131 -232
 -308 -323 -262 -201 -173 -150 -101  -54  -35  -309999899998
999989999899998999989999899998999989999899998999989999899998 -611
 -519 -446 -429 -493 -588 -640 -611 -486 -271  -91  -38  -92 -222
 -346 -386 -328 -263 -219 -170 -118  -72  -32   -2   1299998
999989999899998999989999899998999989999899998999989999899998 -422
 -397 -404 -425 -552 -678 -738 -705 -586 -365 -170 -102 -140 -268
 -398 -424 -364 -302 -256 -204 -144  -84  -23   34   6799998
9999899998999989999899998999989999899998999989999899998 -368 -367
 -363 -365 -404 -538 -680 -762 -758 -650 -491 -361 -318 -350 -426
 -488 -449 -381 -324 -281 -235 -181 -107  -14   76  13999998
99998999989999899998999989999899998999989999899998 -361 -344 -357
 -368 -361 -371 -463 -618 -733 -739 -670 -639 -608 -611 -665 -761
 -593 -459 -389 -342 -303 -272 -238 -158  -40   82  17399998
99998999989999899998999989999899998999989999899998 -248 -260 -300
 -335 -347 -343 -360 -482 -616 -670 -635 -718 -766 -806 -835 -827
 -665 -469 -405 -363 -333 -330 -315 -239 -124    8  13199998
99998999989999899998999989999899998999989999899998  -76 -139 -210
 -269 -309 -320 -333 -331 -402 -510 -616 -753 -814 -845 -855 -822
 -680 -470 -424 -386 -365 -394 -393 -331 -229 -1139999899998
99998999989999899998999989999899998999989999899998  103  -30 -134
 -216 -280 -339 -361 -402 -408 -467 -578 -717 -796 -824 -820 -779
 -651 -420 -443 -411 -396 -438 -450 -412 -313 -203 -11399998
