tauX_total_07_2015_moy.22
   54   16  -38  -69  -81  -74  -66  -63  -93 -137 -193 -164 -146
 -171 -214 -273 -260 -239 -205 -190 -187 -145  -81   149999899998
999989999899998999989999899998999989999899998999989999899998
    0  -84 -147 -189 -207 -200 -160 -134 -150 -180 -225 -234 -242
 -280 -325 -369 -351 -320 -297 -278 -277 -240 -198999989999899998
999989999899998999989999899998999989999899998999989999899998
 -103 -209 -276 -329 -366 -356 -288 -232 -226 -243 -277 -315 -344
 -391 -435 -460 -433 -388 -361 -330 -318 -302 -290999989999899998
999989999899998999989999899998999989999899998999989999899998
 -249 -343 -404 -461 -503 -498 -405 -324 -294 -296 -320 -375 -418
 -462 -486 -490 -451 -380 -334 -295 -267 -26899998999989999899998
999989999899998999989999899998999989999899998999989999899998
 -426 -469 -507 -549 -569 -553 -454 -381 -347 -332 -343 -396 -455
 -480 -475 -433 -366 -298 -221 -157 -115  -9599998999989999899998
999989999899998999989999899998999989999899998999989999899998
 -598 -583 -582 -579 -563 -528 -469 -440 -416 -392 -384 -423 -462
 -458 -419 -336 -255 -174  -97  -23   36   7499998999989999899998
999989999899998999989999899998999989999899998999989999899998
 -718 -672 -645 -611 -572 -541 -539 -532 -505 -477 -445 -457 -464
 -435 -363 -261 -157  -80  -25   35  109  15499998999989999899998
999989999899998999989999899998999989999899998999989999899998
 -768 -729 -692 -650 -619 -604 -609 -601 -564 -512 -460 -441 -435
 -401 -314 -192 -100  -47  -20   36  123  18399998999989999899998
999989999899998999989999899998999989999899998999989999899998
 -737 -716 -682 -651 -634 -622 -613 -587 -535 -466 -405 -379 -372
 -348 -262 -122  -48  -29  -23   47  147  23099998999989999899998
999989999899998999989999899998999989999899998999989999899998
 -656 -638 -607 -591 -570 -550 -524 -480 -422 -348 -287 -286 -303
 -292 -196  -54    8    6    6   61  177  294  393999989999899998
999989999899998999989999899998999989999899998999989999899998
 -595 -551 -509 -481 -454 -430 -385 -333 -266 -201 -161 -206 -264
 -252 -157  -14   40   27   13   55  165  292  363  3819999899998
999989999899998999989999899998999989999899998999989999899998
99998 -478 -435 -374 -338 -318 -271 -228 -169 -107  -65 -146 -242
 -248 -149  -10   36   14  -26   -5   88  202  257  273  28599998
999989999899998999989999899998999989999899998999989999899998
99998999989999899998 -263 -274 -267 -265 -232 -158  -92 -137 -216
 -240 -185  -89  -53  -60  -97 -103  -36   41   89  117  131  152
  162  170  208  261  327  378  387  366  330999989999899998
9999899998999989999899998 -333 -407 -446 -421 -356 -287 -246 -267
 -299 -311 -268 -238 -214 -200 -182 -138 -108  -82  -59  -18   20
   42   63   81  123  177  222  245  243  237999989999899998
9999899998999989999899998 -490 -608 -669 -655 -611 -542 -472 -437
 -463 -515 -527 -472 -413 -326 -238 -194 -195 -209 -201 -171 -142
 -103  -71  -56  -26   21   65   97  111  124999989999899998
999989999899998999989999899998 -775 -836 -861 -833 -771 -698 -625
 -633 -683 -720 -659 -582 -469 -328 -243 -259 -279 -280 -294 -286
 -251 -212 -178 -132  -97  -50   -8   17   16999989999899998
9999899998999989999899998999989999899998-1008 -975 -921 -820 -730
 -709 -708 -750 -765 -722 -637 -515 -402 -351 -330 -323 -344 -364
 -362 -324 -256 -191 -153 -101  -53  -34  -55999989999899998
9999899998999989999899998999989999899998999989999899998 -843 -744
 -655 -679 -825 -941 -925 -810 -739 -648 -505 -402 -375 -379 -399
 -415 -403 -311 -207 -143 -105  -60  -54  -81 -1189999899998
999989999899998999989999899998999989999899998999989999899998 -644
 -582 -762-1015-1190-1210-1082 -937 -868 -673 -514 -452 -430 -423
 -425 -438 -376 -215 -137 -136  -79  -64  -70  -78  -9299998
999989999899998999989999899998999989999899998999989999899998 -499
 -611 -883-1202-1422-1424-1261-1071 -949 -799 -660 -555 -486 -439
 -408 -386 -364 -404 -578 -306 -156  -68  -27    1    799998
9999899998999989999899998999989999899998999989999899998 -549 -486
 -687 -995-1344-1506-1469-1268-1050 -917 -875 -813 -690 -567 -468
 -392 -328 -365 -663 -904 -542 -317 -137    5   87  13299998
99998999989999899998999989999899998999989999899998 -701 -570 -534
 -705-1012-1336-1392-1325-1125 -933 -876 -917 -932 -821 -685 -543
 -408 -340 -435 -611 -733 -619 -500 -307  -84  102  21399998
99998999989999899998999989999899998999989999899998 -603 -547 -547
 -623 -860-1106-1115-1032 -899 -826 -862 -934 -977 -905 -783 -624
 -467 -385 -459 -569 -662 -710 -693 -522 -286  -39  17999998
99998999989999899998999989999899998999989999899998 -481 -506 -536
 -563 -649 -803 -823 -756 -731 -790 -857 -936 -981 -948 -856 -708
 -531 -430 -462 -538 -620 -783 -857 -739 -515 -2679999899998
99998999989999899998999989999899998999989999899998 -348 -486 -553
 -593 -631 -672 -658 -647 -710 -787 -859 -942 -973 -967 -925 -799
 -580 -455 -439 -497 -572 -832 -983 -920 -720 -467 -20299998
