tauX_total_10_2017_moy.22
 -671 -640 -595 -457 -300 -136  -17   56   44  -41 -153 -105  -44
   -7  -27 -101 -225 -308 -313 -290 -241 -203 -181 -1879999899998
999989999899998999989999899998999989999899998999989999899998
 -588 -596 -572 -474 -342 -203  -81   -4  -41 -143 -267 -240 -175
 -121 -119 -174 -278 -345 -337 -281 -217 -179 -160999989999899998
999989999899998999989999899998999989999899998999989999899998
 -482 -526 -517 -460 -380 -277 -157  -76 -140 -265 -396 -388 -322
 -251 -220 -261 -352 -400 -354 -279 -193 -150 -128999989999899998
999989999899998999989999899998999989999899998999989999899998
 -411 -453 -456 -434 -401 -340 -230 -174 -258 -385 -509 -506 -446
 -362 -326 -362 -434 -450 -365 -262 -171 -12099998999989999899998
999989999899998999989999899998999989999899998999989999899998
 -395 -412 -421 -426 -414 -402 -336 -321 -399 -517 -634 -621 -548
 -451 -420 -453 -487 -465 -358 -237 -149 -10299998999989999899998
999989999899998999989999899998999989999899998999989999899998
 -437 -427 -426 -431 -454 -468 -477 -519 -590 -699 -783 -739 -647
 -548 -499 -514 -501 -450 -338 -212 -118  -7899998999989999899998
999989999899998999989999899998999989999899998999989999899998
 -533 -497 -482 -486 -502 -524 -610 -692 -773 -859 -922 -864 -741
 -638 -570 -548 -490 -406 -291 -170  -72  -3599998999989999899998
999989999899998999989999899998999989999899998999989999899998
 -648 -606 -574 -557 -541 -556 -652 -744 -847 -933 -979 -935 -817
 -707 -614 -537 -444 -343 -224 -107  -24   1999998999989999899998
999989999899998999989999899998999989999899998999989999899998
 -724 -692 -647 -594 -543 -524 -577 -665 -788 -889 -931 -901 -824
 -707 -574 -450 -343 -249 -152  -60   13   5899998999989999899998
999989999899998999989999899998999989999899998999989999899998
 -755 -717 -661 -577 -488 -427 -427 -491 -608 -735 -800 -812 -761
 -630 -460 -316 -214 -140  -91  -47   17   58   78999989999899998
999989999899998999989999899998999989999899998999989999899998
 -783 -716 -645 -531 -413 -346 -324 -346 -433 -569 -668 -709 -666
 -517 -356 -228 -137  -63  -37  -17   37   69   66   359999899998
999989999899998999989999899998999989999899998999989999899998
99998 -696 -614 -484 -390 -344 -315 -322 -394 -502 -602 -645 -584
 -431 -308 -250 -174  -91  -21   42   97   94   79   62   6399998
999989999899998999989999899998999989999899998999989999899998
99998999989999899998 -412 -411 -401 -412 -465 -550 -642 -632 -529
 -397 -354 -365 -342 -270 -112   17   28   23   20   36   21   57
  110  154  167  142  101   81   79  115  171999989999899998
9999899998999989999899998 -545 -543 -555 -602 -670 -727 -655 -511
 -424 -420 -497 -522 -473 -311 -213 -186 -189 -167 -118  -77  -38
   34   84  106   94   65   46   52   83  122999989999899998
9999899998999989999899998 -720 -704 -712 -748 -800 -845 -732 -572
 -489 -508 -603 -650 -635 -555 -496 -482 -472 -394 -283 -197 -155
  -82  -13   22   28   12    0   13   48   83999989999899998
999989999899998999989999899998 -816 -826 -875 -924 -946 -842 -712
 -619 -621 -675 -717 -722 -738 -753 -785 -725 -569 -384 -254 -199
 -178 -124  -81  -48  -44  -41  -19   24   74999989999899998
9999899998999989999899998999989999899998 -969-1009 -991 -944 -864
 -771 -722 -736 -743 -735 -816 -959-1021 -881 -664 -406 -210 -189
 -216 -227 -187 -140 -101  -70  -32   27   76999989999899998
9999899998999989999899998999989999899998999989999899998 -959 -914
 -860 -812 -776 -741 -711 -810 -987-1082 -926 -655 -361 -161 -165
 -250 -321 -293 -244 -178 -100  -31   30   79  1299999899998
999989999899998999989999899998999989999899998999989999899998 -830
 -841 -828 -775 -723 -697 -785 -903-1007 -870 -643 -390 -238 -214
 -332 -401 -380 -333 -253 -147  -52   13   72  124  16399998
999989999899998999989999899998999989999899998999989999899998 -675
 -741 -757 -738 -674 -663 -724 -818 -883 -848 -737 -568 -439 -408
 -465 -480 -452 -399 -308 -196  -93  -14   63  127  16799998
9999899998999989999899998999989999899998999989999899998 -477 -583
 -660 -699 -694 -643 -628 -647 -715 -805 -876 -850 -750 -675 -643
 -609 -567 -522 -452 -351 -234 -132  -37   61  143  19099998
99998999989999899998999989999899998999989999899998 -417 -499 -561
 -616 -668 -685 -653 -618 -623 -670 -768 -853 -887 -873 -853 -832
 -778 -670 -554 -464 -375 -272 -180  -73   38  137  20199998
99998999989999899998999989999899998999989999899998 -440 -490 -527
 -572 -608 -645 -659 -624 -631 -684 -762 -844 -897 -946 -996-1013
 -920 -768 -586 -434 -355 -309 -246 -145  -40   65  15999998
99998999989999899998999989999899998999989999899998 -434 -428 -444
 -479 -510 -556 -617 -673 -681 -707 -772 -841 -906-1010-1112-1157
-1030 -843 -611 -418 -328 -330 -319 -248 -155  -689999899998
99998999989999899998999989999899998999989999899998 -413 -341 -326
 -331 -368 -436 -552 -746 -753 -706 -762 -833 -914-1062-1191-1258
-1097 -881 -613 -395 -290 -340 -377 -334 -256 -180 -12699998
