tauX_total_12_2015_moy.22
 -600 -423 -306 -241 -187 -138    4  136  308  440  546  496  425
  415  396  333   11 -279 -402 -425 -338 -233 -150 -1549999899998
999989999899998999989999899998999989999899998999989999899998
 -506 -406 -309 -239 -200 -172  -95    0  127  235  285  260  219
  223  214  160 -167 -431 -539 -548 -460 -351 -265999989999899998
999989999899998999989999899998999989999899998999989999899998
 -475 -407 -337 -277 -258 -279 -274 -189  -83  -22  -21  -48  -68
  -78  -63  -80 -354 -566 -662 -645 -532 -442 -368999989999899998
999989999899998999989999899998999989999899998999989999899998
 -512 -461 -403 -375 -409 -468 -469 -396 -301 -246 -262 -316 -344
 -388 -393 -349 -470 -605 -683 -619 -532 -46399998999989999899998
999989999899998999989999899998999989999899998999989999899998
 -604 -538 -491 -522 -584 -639 -605 -558 -484 -418 -391 -434 -506
 -512 -462 -427 -426 -490 -510 -499 -449 -41599998999989999899998
999989999899998999989999899998999989999899998999989999899998
 -717 -644 -593 -622 -666 -723 -697 -655 -579 -504 -478 -510 -565
 -552 -506 -447 -426 -419 -418 -402 -375 -35399998999989999899998
999989999899998999989999899998999989999899998999989999899998
 -782 -716 -667 -652 -671 -724 -738 -708 -636 -588 -568 -591 -621
 -609 -560 -492 -427 -390 -379 -358 -328 -31899998999989999899998
999989999899998999989999899998999989999899998999989999899998
 -777 -743 -723 -691 -704 -726 -765 -759 -708 -659 -648 -661 -674
 -672 -626 -538 -441 -380 -358 -335 -302 -28499998999989999899998
999989999899998999989999899998999989999899998999989999899998
 -742 -750 -769 -766 -770 -786 -817 -802 -748 -714 -681 -694 -717
 -728 -688 -599 -474 -394 -355 -317 -264 -22599998999989999899998
999989999899998999989999899998999989999899998999989999899998
 -682 -737 -772 -825 -872 -895 -874 -831 -775 -691 -623 -651 -705
 -740 -724 -633 -528 -419 -344 -271 -222 -173 -127999989999899998
999989999899998999989999899998999989999899998999989999899998
 -614 -676 -718 -810 -907 -956 -912 -831 -727 -595 -524 -562 -623
 -672 -668 -596 -494 -385 -293 -208 -147 -117  -77  -559999899998
999989999899998999989999899998999989999899998999989999899998
99998 -580 -629 -720 -823 -901 -888 -805 -655 -525 -445 -444 -481
 -526 -533 -480 -384 -294 -207 -135  -97  -81  -59  -20    899998
999989999899998999989999899998999989999899998999989999899998
99998999989999899998 -749 -831 -843 -797 -656 -505 -396 -347 -346
 -369 -385 -355 -273 -199 -130  -99  -97  -92  -81  -32   -8   -4
   -2    6    8    4    4   27   62  109  161999989999899998
9999899998999989999899998 -812 -857 -822 -697 -547 -427 -337 -302
 -299 -311 -288 -225 -157 -120 -119 -142 -150 -132  -85  -50  -45
  -48  -43  -24   -6    6   37   74  115  153999989999899998
9999899998999989999899998 -893 -912 -866 -766 -644 -524 -438 -376
 -344 -334 -327 -271 -203 -175 -185 -209 -212 -182 -145 -108 -100
  -97  -84  -53  -24    0   28   61   94  122999989999899998
999989999899998999989999899998 -979 -925 -851 -754 -652 -558 -472
 -423 -403 -401 -378 -321 -279 -252 -256 -241 -213 -186 -164 -154
 -139 -111  -73  -36  -13   10   34   60   80999989999899998
9999899998999989999899998999989999899998 -928 -835 -753 -637 -529
 -463 -445 -463 -472 -441 -362 -302 -280 -274 -250 -215 -208 -204
 -174 -130  -83  -50  -31  -17    0   24   43999989999899998
9999899998999989999899998999989999899998999989999899998 -668 -541
 -460 -452 -500 -540 -532 -439 -365 -331 -323 -281 -239 -229 -237
 -207 -158 -111  -73  -53  -48  -29    2   28   499999899998
999989999899998999989999899998999989999899998999989999899998 -527
 -452 -450 -518 -579 -595 -537 -470 -427 -364 -292 -246 -225 -221
 -221 -193 -152 -103  -68  -50  -36   -9   31   67   9599998
999989999899998999989999899998999989999899998999989999899998 -507
 -452 -459 -530 -603 -626 -605 -566 -522 -406 -305 -239 -200 -192
 -204 -203 -166 -110  -58  -39  -27   -5   36   83  11599998
9999899998999989999899998999989999899998999989999899998 -604 -498
 -444 -454 -534 -604 -628 -620 -609 -571 -447 -333 -239 -181 -173
 -182 -201 -173 -124  -69  -53  -46  -21   27   87  13199998
99998999989999899998999989999899998999989999899998 -689 -560 -415
 -329 -352 -473 -563 -600 -595 -581 -556 -465 -362 -259 -187 -157
 -171 -211 -223 -196 -146 -119 -104  -66   -8   60  11799998
99998999989999899998999989999899998999989999899998 -606 -409 -232
 -124 -118 -261 -447 -544 -540 -513 -492 -455 -382 -290 -203 -153
 -192 -246 -302 -324 -277 -221 -181 -140  -81   -6   6399998
99998999989999899998999989999899998999989999899998 -525 -250  -35
   95  112  -26 -264 -466 -469 -445 -411 -427 -395 -313 -217 -155
 -214 -302 -404 -450 -409 -330 -259 -223 -168 -1099999899998
99998999989999899998999989999899998999989999899998 -505 -147  101
  254  285  155 -114 -403 -417 -367 -322 -362 -370 -295 -205 -128
 -219 -350 -490 -552 -521 -406 -311 -281 -229 -182 -15599998
