tauX_total_05_2014_moy.22
 -194 -110  -61   14   76  108   83   21  -60 -140 -213 -233 -313
 -380 -414 -412 -403 -398 -377 -357 -358 -332 -300 -2619999899998
999989999899998999989999899998999989999899998999989999899998
 -265 -217 -184 -128  -71  -36  -74 -130 -210 -277 -330 -400 -490
 -570 -596 -577 -512 -448 -412 -387 -379 -358 -337999989999899998
999989999899998999989999899998999989999899998999989999899998
 -323 -318 -315 -288 -248 -209 -250 -310 -377 -413 -427 -537 -641
 -737 -785 -734 -606 -471 -408 -368 -343 -344 -352999989999899998
999989999899998999989999899998999989999899998999989999899998
 -348 -398 -428 -429 -405 -377 -423 -484 -524 -522 -498 -603 -699
 -809 -859 -826 -645 -463 -361 -290 -260 -26499998999989999899998
999989999899998999989999899998999989999899998999989999899998
 -322 -405 -470 -501 -485 -453 -500 -592 -637 -596 -510 -532 -599
 -709 -773 -747 -578 -397 -274 -178 -134 -12199998999989999899998
999989999899998999989999899998999989999899998999989999899998
 -287 -375 -450 -488 -476 -446 -532 -629 -676 -643 -528 -441 -440
 -525 -591 -581 -466 -335 -194  -91  -18   1199998999989999899998
999989999899998999989999899998999989999899998999989999899998
 -307 -380 -452 -474 -489 -524 -624 -685 -691 -659 -551 -402 -339
 -394 -454 -450 -397 -313 -177  -43   55   9999998999989999899998
999989999899998999989999899998999989999899998999989999899998
 -375 -423 -488 -542 -642 -722 -794 -804 -736 -639 -562 -439 -374
 -391 -416 -425 -390 -308 -175  -28   83  14799998999989999899998
999989999899998999989999899998999989999899998999989999899998
 -443 -466 -539 -678 -828 -931 -939 -882 -749 -602 -514 -483 -467
 -465 -463 -442 -381 -286 -157  -18   99  16799998999989999899998
999989999899998999989999899998999989999899998999989999899998
 -471 -507 -589 -781 -951-1068-1020 -901 -730 -562 -469 -505 -544
 -539 -515 -459 -370 -253 -126   -2   99  162  212999989999899998
999989999899998999989999899998999989999899998999989999899998
 -471 -528 -611 -787 -965-1070 -988 -849 -671 -502 -440 -497 -549
 -537 -499 -432 -328 -217 -104    6   92  164  212  2309999899998
999989999899998999989999899998999989999899998999989999899998
99998 -527 -614 -708 -843 -911 -855 -726 -565 -449 -420 -432 -443
 -424 -391 -343 -261 -156  -60   20   78  142  191  210  20199998
999989999899998999989999899998999989999899998999989999899998
99998999989999899998 -682 -705 -672 -583 -483 -431 -384 -339 -278
 -249 -246 -242 -178  -80   10   54   33   56  114  160  147  105
   51   31   54   77   91  124  156  180  200999989999899998
9999899998999989999899998 -565 -556 -501 -441 -393 -363 -252 -138
  -91 -113 -152 -111  -22   55   33  -55  -97  -57   26   60   27
   -2   -1   29   52   68   81  103  119  132999989999899998
9999899998999989999899998 -565 -477 -402 -347 -325 -321 -234 -121
  -50  -73 -153 -119  -52  -12  -72 -206 -298 -290 -169  -95 -108
 -108  -74  -27    9   23   28   37   48   48999989999899998
999989999899998999989999899998 -373 -258 -220 -254 -313 -281 -184
 -100 -126 -251 -252 -203 -191 -256 -378 -477 -494 -385 -292 -283
 -236 -173 -106  -55  -44  -42  -28   -8  -11999989999899998
9999899998999989999899998999989999899998 -114 -219 -336 -326 -238
 -163 -204 -357 -458 -456 -441 -449 -506 -548 -532 -476 -432 -437
 -384 -297 -203 -154 -132 -108  -74  -41  -35999989999899998
9999899998999989999899998999989999899998999989999899998 -345 -246
 -190 -249 -421 -629 -699 -646 -597 -568 -528 -465 -455 -497 -540
 -497 -417 -321 -250 -220 -171 -104  -56  -40  -479999899998
999989999899998999989999899998999989999899998999989999899998 -233
 -196 -266 -445 -681 -813 -760 -654 -559 -451 -368 -406 -499 -512
 -489 -449 -395 -328 -300 -223 -131  -60  -21   -9  -1999998
999989999899998999989999899998999989999899998999989999899998 -245
 -229 -300 -439 -637 -771 -748 -661 -551 -433 -355 -381 -402 -387
 -366 -352 -353 -362 -335 -262 -145  -35   39   62   6399998
9999899998999989999899998999989999899998999989999899998 -328 -299
 -298 -341 -419 -542 -631 -671 -648 -596 -523 -454 -383 -307 -236
 -217 -226 -267 -327 -331 -243 -122    6  120  169  17799998
99998999989999899998999989999899998999989999899998 -312 -340 -343
 -347 -350 -375 -401 -453 -556 -646 -666 -658 -614 -438 -255 -151
 -124 -152 -215 -294 -341 -253 -132   13  116  195  23499998
99998999989999899998999989999899998999989999899998 -254 -278 -306
 -310 -292 -270 -244 -277 -433 -594 -699 -723 -679 -498 -300 -189
 -176 -203 -278 -386 -423 -341 -232 -100   24  108  17599998
99998999989999899998999989999899998999989999899998 -173 -196 -224
 -218 -194 -158 -115 -133 -318 -538 -691 -718 -673 -556 -399 -311
 -314 -355 -439 -525 -544 -477 -373 -250 -127  -509999899998
99998999989999899998999989999899998999989999899998 -109 -134 -161
 -152 -126  -88  -47  -53 -234 -498 -682 -696 -638 -559 -481 -434
 -453 -506 -584 -622 -653 -604 -506 -382 -259 -180 -15899998
