tauX_total_07_2016_moy.22
   65  -27  -81 -138 -194 -259 -276 -274 -226 -226 -255 -404 -504
 -528 -498 -450 -317 -227 -241 -295 -334 -309 -272 -2209999899998
999989999899998999989999899998999989999899998999989999899998
 -135 -178 -218 -265 -303 -331 -327 -330 -343 -358 -401 -519 -609
 -617 -557 -452 -329 -260 -298 -346 -377 -354 -333999989999899998
999989999899998999989999899998999989999899998999989999899998
 -318 -341 -361 -390 -410 -403 -388 -413 -488 -522 -551 -618 -683
 -673 -612 -430 -340 -297 -344 -356 -348 -338 -343999989999899998
999989999899998999989999899998999989999899998999989999899998
 -462 -472 -477 -475 -448 -434 -452 -511 -613 -677 -677 -656 -642
 -598 -473 -383 -387 -358 -320 -278 -223 -20599998999989999899998
999989999899998999989999899998999989999899998999989999899998
 -583 -577 -551 -492 -440 -418 -499 -614 -711 -759 -725 -590 -439
 -331 -292 -373 -444 -404 -264 -126  -31   3199998999989999899998
999989999899998999989999899998999989999899998999989999899998
 -744 -700 -631 -517 -437 -410 -545 -690 -788 -804 -713 -492 -253
 -181 -238 -354 -421 -380 -206  -23  120  21099998999989999899998
999989999899998999989999899998999989999899998999989999899998
 -975 -861 -748 -601 -477 -442 -586 -743 -845 -842 -695 -419 -226
 -219 -262 -305 -339 -314 -157   29  188  27999998999989999899998
999989999899998999989999899998999989999899998999989999899998
-1137 -966 -818 -665 -532 -480 -586 -742 -839 -792 -626 -422 -309
 -295 -294 -285 -252 -218 -103   56  191  26599998999989999899998
999989999899998999989999899998999989999899998999989999899998
-1074 -908 -750 -613 -504 -465 -529 -643 -692 -624 -487 -406 -358
 -333 -299 -227 -157  -84  -18   82  180  22899998999989999899998
999989999899998999989999899998999989999899998999989999899998
 -845 -708 -572 -462 -384 -375 -421 -477 -478 -413 -315 -338 -349
 -332 -252 -134  -28   49   63  100  185  233  247999989999899998
999989999899998999989999899998999989999899998999989999899998
 -583 -464 -353 -275 -257 -278 -308 -333 -300 -219 -149 -203 -262
 -266 -175  -35   54   78   58   80  165  234  247  2119999899998
999989999899998999989999899998999989999899998999989999899998
99998 -247 -195 -159 -193 -231 -263 -274 -218 -126  -63  -69 -135
 -153 -113  -14   18  -14  -29    1   94  184  212  176  12399998
999989999899998999989999899998999989999899998999989999899998
99998999989999899998 -193 -254 -297 -311 -266 -186 -103  -57  -88
 -132 -137  -97 -132 -170 -167 -113  -10   94  145  125   72   16
  -14  -13   40   82  123  197  272  354  439999989999899998
9999899998999989999899998 -367 -413 -432 -403 -346 -306 -266 -240
 -259 -285 -288 -312 -319 -289 -210 -109   -6   57   48    8  -35
  -58  -41   -8   25   57  114  183  257  328999989999899998
9999899998999989999899998 -485 -511 -532 -546 -565 -579 -565 -514
 -481 -464 -453 -436 -407 -350 -266 -181 -103  -55  -52  -80 -117
 -121 -100  -74  -45  -24   23   82  149  205999989999899998
999989999899998999989999899998 -531 -575 -671 -761 -819 -816 -748
 -645 -574 -552 -497 -438 -367 -291 -230 -183 -154 -151 -168 -189
 -184 -172 -150 -122  -96  -55   -2   55   93999989999899998
9999899998999989999899998999989999899998 -737 -865 -948 -932 -845
 -705 -603 -566 -529 -472 -408 -347 -296 -258 -231 -220 -228 -243
 -252 -244 -213 -185 -149  -96  -47   -6   16999989999899998
9999899998999989999899998999989999899998999989999899998 -917 -808
 -672 -576 -561 -565 -546 -498 -446 -392 -343 -310 -294 -287 -288
 -305 -289 -253 -205 -153 -102  -49  -23  -19  -139999899998
999989999899998999989999899998999989999899998999989999899998 -668
 -583 -547 -578 -626 -649 -617 -567 -520 -469 -429 -399 -390 -382
 -371 -341 -285 -231 -177 -125  -73  -40  -26   -9    399998
999989999899998999989999899998999989999899998999989999899998 -506
 -492 -533 -594 -679 -740 -742 -719 -682 -631 -594 -561 -544 -516
 -467 -408 -333 -273 -217 -166 -119  -66  -20    7   2799998
9999899998999989999899998999989999899998999989999899998 -483 -467
 -473 -518 -600 -715 -796 -840 -858 -848 -814 -779 -750 -708 -662
 -570 -463 -371 -293 -241 -194 -138  -71   -5   30   4999998
99998999989999899998999989999899998999989999899998 -486 -466 -461
 -479 -502 -585 -695 -788 -869 -902 -893 -890 -887 -885 -833 -760
 -631 -480 -363 -288 -274 -243 -163  -60   -1   30   3099998
99998999989999899998999989999899998999989999899998 -399 -383 -393
 -419 -461 -513 -624 -724 -786 -791 -795 -833 -864 -882 -867 -795
 -636 -475 -362 -340 -373 -336 -253 -128  -47  -34  -3299998
99998999989999899998999989999899998999989999899998 -252 -259 -284
 -312 -350 -406 -520 -605 -580 -588 -605 -679 -752 -802 -819 -770
 -611 -457 -392 -414 -490 -462 -381 -252 -160 -1559999899998
99998999989999899998999989999899998999989999899998 -103 -147 -191
 -227 -250 -320 -388 -475 -353 -356 -374 -526 -644 -731 -774 -750
 -590 -437 -420 -487 -600 -599 -522 -378 -287 -273 -33699998
