tauX_total_12_2017_moy.22
  305  144   19   37   85  169  210  197  248  254  208 -159 -471
 -770-1012-1150 -908 -698 -559 -480 -439 -446 -441 -4219999899998
999989999899998999989999899998999989999899998999989999899998
  179  -17 -158 -200 -175 -103  -45  -51  -79 -117 -171 -398 -624
 -837 -995-1052 -897 -748 -660 -605 -574 -582 -580999989999899998
999989999899998999989999899998999989999899998999989999899998
   27 -199 -358 -455 -475 -408 -371 -376 -469 -544 -592 -680 -800
 -920-1002 -983 -895 -829 -796 -765 -745 -746 -750999989999899998
999989999899998999989999899998999989999899998999989999899998
 -131 -362 -526 -649 -699 -650 -627 -621 -737 -827 -894 -895 -924
 -964 -924 -876 -872 -891 -923 -917 -904 -90299998999989999899998
999989999899998999989999899998999989999899998999989999899998
 -291 -480 -621 -718 -750 -731 -689 -678 -747 -841 -939 -959 -914
 -839 -773 -750 -803 -877 -962-1005 -977 -96099998999989999899998
999989999899998999989999899998999989999899998999989999899998
 -442 -536 -629 -685 -694 -665 -622 -622 -666 -749 -822 -842 -814
 -712 -624 -607 -715 -836 -951-1006 -969 -91399998999989999899998
999989999899998999989999899998999989999899998999989999899998
 -572 -589 -620 -635 -630 -604 -562 -558 -589 -642 -697 -710 -710
 -611 -532 -502 -638 -804 -920 -947 -885 -79499998999989999899998
999989999899998999989999899998999989999899998999989999899998
 -668 -629 -620 -606 -589 -584 -554 -547 -566 -594 -630 -639 -624
 -549 -482 -465 -603 -771 -851 -834 -723 -60299998999989999899998
999989999899998999989999899998999989999899998999989999899998
 -675 -627 -610 -597 -598 -614 -629 -616 -603 -611 -628 -600 -556
 -521 -471 -478 -603 -715 -741 -671 -515 -36599998999989999899998
999989999899998999989999899998999989999899998999989999899998
 -614 -600 -601 -621 -653 -679 -707 -691 -642 -606 -588 -552 -514
 -505 -512 -531 -593 -636 -597 -464 -318 -171  -56999989999899998
999989999899998999989999899998999989999899998999989999899998
 -557 -585 -606 -653 -698 -724 -717 -681 -610 -536 -486 -476 -475
 -491 -517 -532 -505 -485 -412 -287 -146  -48    6   259999899998
999989999899998999989999899998999989999899998999989999899998
99998 -589 -628 -672 -700 -700 -659 -596 -521 -433 -384 -391 -424
 -462 -475 -440 -385 -338 -268 -161  -45   27   54   60   6699998
999989999899998999989999899998999989999899998999989999899998
99998999989999899998 -655 -627 -558 -510 -450 -382 -332 -353 -397
 -419 -406 -356 -299 -251 -200 -114  -11   46   58   48   36   55
  118  174  209  203  180  187  214  296  394999989999899998
9999899998999989999899998 -524 -489 -484 -458 -424 -377 -389 -414
 -405 -374 -319 -275 -248 -216 -152  -66   -5    1  -20  -35  -25
   25   69   97  103   97  118  161  231  297999989999899998
9999899998999989999899998 -432 -493 -531 -556 -542 -491 -461 -452
 -435 -381 -318 -295 -296 -282 -237 -158 -108  -95 -123 -141 -135
 -105  -60  -28   -8    6   42   99  158  207999989999899998
999989999899998999989999899998 -544 -637 -700 -665 -595 -524 -469
 -439 -400 -360 -363 -372 -369 -324 -256 -219 -202 -223 -245 -241
 -222 -179 -139 -100  -72  -18   42   94  129999989999899998
9999899998999989999899998999989999899998 -800 -744 -637 -534 -455
 -417 -401 -407 -433 -449 -447 -407 -349 -318 -298 -296 -295 -278
 -257 -231 -197 -151 -106  -53    6   56   78999989999899998
9999899998999989999899998999989999899998999989999899998 -488 -404
 -361 -382 -443 -499 -528 -512 -485 -448 -399 -371 -335 -291 -257
 -230 -212 -186 -160 -121  -62   -3   42   57   569999899998
999989999899998999989999899998999989999899998999989999899998 -347
 -326 -381 -487 -574 -612 -586 -552 -519 -471 -426 -362 -299 -256
 -228 -207 -188 -178 -146  -89  -16   39   60   57   4799998
999989999899998999989999899998999989999899998999989999899998 -322
 -342 -427 -551 -658 -691 -652 -597 -565 -529 -478 -412 -360 -317
 -285 -260 -242 -232 -204 -128  -45   27   67   69   5899998
9999899998999989999899998999989999899998999989999899998 -366 -329
 -367 -462 -596 -698 -718 -671 -608 -563 -534 -506 -475 -432 -389
 -356 -327 -313 -296 -263 -178  -79   10   67   76   6599998
99998999989999899998999989999899998999989999899998 -363 -337 -298
 -326 -426 -570 -647 -662 -621 -563 -521 -506 -494 -491 -470 -439
 -403 -373 -361 -343 -303 -219 -119  -26   36   47   3499998
99998999989999899998999989999899998999989999899998 -278 -236 -205
 -222 -306 -429 -524 -561 -537 -499 -470 -462 -457 -460 -457 -431
 -404 -377 -362 -341 -315 -245 -164  -94  -53  -39  -3799998
99998999989999899998999989999899998999989999899998 -218 -148 -109
 -105 -162 -268 -384 -456 -462 -455 -439 -429 -418 -408 -401 -380
 -354 -327 -306 -297 -296 -251 -206 -178 -163 -1719999899998
99998999989999899998999989999899998999989999899998 -210  -98  -51
  -34  -58 -141 -284 -388 -425 -443 -432 -410 -393 -371 -342 -314
 -278 -251 -233 -240 -242 -245 -232 -239 -255 -281 -31699998
