tauX_total_03_2015_moy.22
  124  -38 -154 -230 -258 -250 -135  -90  -77 -106 -157 -311 -469
 -675 -840 -987-1025-1045 -879 -676 -436 -212  -16  1359999899998
999989999899998999989999899998999989999899998999989999899998
  -47 -172 -262 -310 -313 -283 -210 -204 -271 -313 -336 -413 -523
 -661 -758 -850 -945 -962 -902 -802 -650 -402 -190999989999899998
999989999899998999989999899998999989999899998999989999899998
 -228 -314 -382 -395 -396 -380 -405 -462 -550 -579 -549 -499 -498
 -553 -651 -715 -830 -862 -866 -820 -740 -550 -367999989999899998
999989999899998999989999899998999989999899998999989999899998
 -396 -439 -491 -495 -503 -529 -697 -856 -919 -872 -753 -543 -426
 -452 -533 -634 -740 -778 -778 -749 -681 -56899998999989999899998
999989999899998999989999899998999989999899998999989999899998
 -478 -507 -544 -578 -589 -642 -947-1207-1260-1130 -870 -547 -368
 -443 -554 -664 -709 -728 -668 -567 -459 -39099998999989999899998
999989999899998999989999899998999989999899998999989999899998
 -482 -494 -531 -583 -595 -647-1015-1322-1378-1216 -882 -562 -406
 -521 -675 -755 -739 -710 -574 -388 -206  -9299998999989999899998
999989999899998999989999899998999989999899998999989999899998
 -530 -528 -536 -536 -552 -620 -938-1215-1276-1113 -810 -584 -500
 -631 -765 -790 -763 -683 -512 -280  -64   7599998999989999899998
999989999899998999989999899998999989999899998999989999899998
 -614 -595 -603 -577 -586 -641 -831-1018-1044 -899 -689 -583 -576
 -681 -759 -756 -717 -611 -448 -237  -29  13899998999989999899998
999989999899998999989999899998999989999899998999989999899998
 -673 -675 -707 -718 -725 -737 -791 -860 -819 -715 -577 -537 -575
 -646 -698 -652 -571 -480 -358 -195    1  15999998999989999899998
999989999899998999989999899998999989999899998999989999899998
 -708 -764 -834 -916 -936 -899 -833 -793 -727 -622 -515 -500 -552
 -613 -648 -568 -461 -371 -265 -121   37  157  214999989999899998
999989999899998999989999899998999989999899998999989999899998
 -721 -853 -961-1066-1097-1043 -894 -769 -685 -590 -533 -525 -573
 -629 -616 -542 -421 -308 -185  -48   78  150  157  1329999899998
999989999899998999989999899998999989999899998999989999899998
99998 -910-1034-1098-1094-1016 -846 -686 -615 -575 -553 -556 -569
 -597 -579 -515 -385 -261 -123   23  121  150  135  121  11399998
999989999899998999989999899998999989999899998999989999899998
99998999989999899998-1009 -861 -693 -581 -550 -540 -510 -466 -435
 -430 -411 -372 -293 -191  -63   75  156  149  121  105  103  133
  166  178  163  144  125  134  151  171  195999989999899998
9999899998999989999899998 -649 -547 -501 -479 -459 -412 -343 -266
 -213 -195 -186 -152 -107  -31   66  149  130   95   80   93  124
  151  160  139  108   89   93  108  130  154999989999899998
9999899998999989999899998 -498 -477 -457 -422 -389 -333 -250 -164
  -91  -58  -55  -66  -65  -43  -11   54   83   56   41   61   96
  118  121   95   63   40   39   51   71   95999989999899998
999989999899998999989999899998 -435 -430 -401 -360 -307 -235 -163
  -95  -55  -50  -80  -98 -101  -87  -24   14   19    1    7   37
   61   65   46   15  -10  -16   -7   13   33999989999899998
9999899998999989999899998999989999899998 -396 -365 -336 -284 -240
 -195 -173 -171 -204 -229 -222 -180 -109  -58  -46  -60  -65  -46
  -20  -10  -16  -30  -44  -55  -47  -29  -23999989999899998
9999899998999989999899998999989999899998999989999899998 -378 -356
 -342 -336 -363 -392 -402 -359 -294 -225 -173 -161 -168 -163 -148
 -122 -107  -99  -93  -87  -87  -75  -57  -45  -309999899998
999989999899998999989999899998999989999899998999989999899998 -447
 -429 -462 -530 -556 -540 -476 -395 -339 -305 -293 -284 -271 -239
 -213 -208 -203 -180 -151 -124  -91  -57  -27    0   2499998
999989999899998999989999899998999989999899998999989999899998 -439
 -444 -501 -590 -632 -604 -544 -469 -430 -432 -415 -385 -341 -303
 -291 -281 -272 -266 -236 -174 -107  -46   15   74  10599998
9999899998999989999899998999989999899998999989999899998 -353 -359
 -403 -487 -596 -653 -640 -582 -531 -503 -502 -505 -462 -407 -362
 -349 -332 -326 -325 -311 -251 -162  -56   60  154  21399998
99998999989999899998999989999899998999989999899998 -190 -192 -238
 -326 -463 -599 -662 -672 -620 -557 -514 -495 -524 -513 -474 -423
 -390 -354 -345 -352 -349 -309 -242 -114   43  155  23999998
99998999989999899998999989999899998999989999899998    8  -28 -110
 -263 -451 -618 -692 -706 -645 -559 -493 -480 -501 -533 -546 -500
 -401 -330 -309 -304 -314 -322 -299 -196  -71   56  15599998
99998999989999899998999989999899998999989999899998  172  109   -5
 -223 -475 -675 -763 -752 -666 -564 -480 -474 -491 -551 -592 -568
 -397 -267 -220 -210 -238 -301 -334 -286 -202 -1199999899998
99998999989999899998999989999899998999989999899998  282  168   37
 -240 -569 -785 -836 -803 -692 -565 -469 -472 -495 -561 -635 -626
 -382 -188 -110  -99 -145 -263 -338 -351 -307 -269 -23799998
