tauX_total_12_2014_moy.22
  193  -64 -220 -307 -304 -263 -338 -438 -646 -797 -847 -661 -552
 -536 -580 -636 -794 -915 -792 -612 -452 -445 -445 -4709999899998
999989999899998999989999899998999989999899998999989999899998
  109 -126 -259 -283 -242 -168 -152 -190 -338 -495 -579 -505 -462
 -514 -570 -652 -756 -813 -748 -646 -528 -524 -530999989999899998
999989999899998999989999899998999989999899998999989999899998
  -14 -195 -298 -274 -201  -81   28   49  -63 -229 -352 -408 -473
 -537 -584 -665 -693 -708 -692 -630 -565 -574 -612999989999899998
999989999899998999989999899998999989999899998999989999899998
 -136 -254 -332 -297 -217  -70  109  147   43  -82 -226 -404 -528
 -575 -653 -682 -657 -634 -636 -602 -570 -57399998999989999899998
999989999899998999989999899998999989999899998999989999899998
 -239 -289 -344 -343 -263 -143  -53    1  -72 -186 -287 -465 -590
 -653 -686 -693 -680 -651 -635 -613 -568 -52599998999989999899998
999989999899998999989999899998999989999899998999989999899998
 -262 -292 -336 -379 -353 -300 -233 -242 -293 -317 -339 -437 -556
 -638 -664 -663 -704 -743 -729 -664 -545 -44899998999989999899998
999989999899998999989999899998999989999899998999989999899998
 -212 -263 -319 -383 -426 -420 -419 -433 -429 -404 -390 -394 -458
 -546 -605 -651 -757 -822 -788 -671 -526 -41299998999989999899998
999989999899998999989999899998999989999899998999989999899998
 -196 -272 -342 -405 -462 -486 -534 -571 -554 -494 -437 -396 -407
 -484 -575 -639 -740 -786 -736 -617 -469 -35699998999989999899998
999989999899998999989999899998999989999899998999989999899998
 -240 -320 -408 -475 -519 -546 -618 -694 -690 -613 -498 -434 -435
 -505 -577 -613 -639 -646 -588 -470 -336 -22299998999989999899998
999989999899998999989999899998999989999899998999989999899998
 -311 -394 -481 -558 -595 -600 -685 -792 -826 -736 -583 -501 -504
 -565 -595 -579 -521 -459 -379 -276 -169  -87  -33999989999899998
999989999899998999989999899998999989999899998999989999899998
 -374 -458 -536 -604 -626 -605 -688 -809 -888 -830 -668 -579 -582
 -619 -605 -537 -410 -296 -200 -105  -30    3   21   349999899998
999989999899998999989999899998999989999899998999989999899998
99998 -493 -568 -609 -568 -553 -622 -733 -835 -831 -664 -602 -596
 -601 -558 -478 -330 -192  -82    3   46   48   48   43   2899998
999989999899998999989999899998999989999899998999989999899998
99998999989999899998 -515 -496 -571 -674 -753 -725 -598 -504 -480
 -489 -462 -394 -289 -164  -55   22   42   36    1  -17   -7   37
   80  106  122  130  131  139  158  187  215999989999899998
9999899998999989999899998 -451 -536 -637 -678 -651 -557 -441 -388
 -383 -391 -364 -300 -226 -140  -64  -54 -110 -159 -144  -84   -7
   74  109  112  103  101  113  135  165  194999989999899998
9999899998999989999899998 -460 -540 -629 -670 -665 -592 -491 -419
 -392 -389 -407 -398 -380 -327 -274 -243 -325 -346 -291 -195  -80
   27   91   91   70   64   79  103  133  162999989999899998
999989999899998999989999899998 -594 -669 -731 -738 -704 -620 -525
 -465 -470 -527 -591 -614 -573 -515 -466 -484 -472 -400 -293 -167
  -37   46   46   26   25   46   74  104  120999989999899998
9999899998999989999899998999989999899998 -825 -826 -817 -738 -630
 -553 -571 -655 -775 -817 -775 -679 -576 -525 -485 -432 -339 -227
 -121  -52  -43  -45  -26    9   42   70   85999989999899998
9999899998999989999899998999989999899998999989999899998 -801 -670
 -598 -608 -717 -852 -923 -875 -738 -600 -489 -421 -384 -335 -263
 -204 -177 -151 -122  -84  -37    6   38   62   759999899998
999989999899998999989999899998999989999899998999989999899998 -579
 -517 -553 -684 -834 -923 -869 -729 -564 -410 -328 -312 -309 -289
 -288 -263 -209 -158 -120  -74  -27   14   46   66   8499998
999989999899998999989999899998999989999899998999989999899998 -441
 -407 -460 -584 -748 -847 -800 -671 -518 -361 -277 -278 -323 -349
 -335 -283 -205 -135  -91  -68  -37    0   38   70   8799998
9999899998999989999899998999989999899998999989999899998 -456 -415
 -396 -418 -485 -623 -728 -704 -615 -495 -378 -316 -343 -399 -419
 -373 -291 -185  -98  -64  -58  -47  -10   32   68   9299998
99998999989999899998999989999899998999989999899998 -468 -446 -454
 -459 -469 -491 -558 -634 -646 -606 -524 -455 -411 -441 -490 -504
 -415 -302 -177  -94  -70  -80  -80  -42    4   49   8199998
99998999989999899998999989999899998999989999899998 -333 -418 -488
 -548 -586 -597 -604 -622 -649 -625 -556 -511 -491 -517 -543 -548
 -465 -327 -200 -131 -121 -139 -142 -106  -58   -3   4599998
99998999989999899998999989999899998999989999899998 -213 -391 -520
 -633 -731 -784 -791 -705 -672 -613 -565 -532 -520 -533 -556 -565
 -505 -370 -253 -192 -196 -215 -213 -182 -133  -859999899998
99998999989999899998999989999899998999989999899998 -131 -389 -560
 -713 -877-1009-1044 -822 -684 -591 -538 -516 -515 -523 -540 -548
 -533 -432 -312 -266 -270 -274 -269 -242 -189 -147 -11999998
