tauX_total_03_2017_moy.22
 -429 -251 -128   82  242  323  287  180  -58 -322 -571 -609 -610
 -490 -371 -286 -361 -490 -622 -696 -673 -410 -217  -619999899998
999989999899998999989999899998999989999899998999989999899998
 -402 -306 -229 -112   -5   53    5 -121 -331 -513 -646 -683 -675
 -580 -451 -348 -438 -548 -679 -741 -720 -527 -356999989999899998
999989999899998999989999899998999989999899998999989999899998
 -420 -401 -380 -345 -284 -255 -330 -451 -607 -726 -751 -737 -701
 -625 -505 -400 -451 -510 -616 -701 -677 -594 -490999989999899998
999989999899998999989999899998999989999899998999989999899998
 -437 -496 -522 -535 -541 -519 -608 -732 -836 -863 -830 -765 -698
 -632 -563 -512 -482 -464 -496 -532 -543 -55299998999989999899998
999989999899998999989999899998999989999899998999989999899998
 -458 -545 -596 -617 -603 -609 -738 -873 -952 -940 -846 -719 -645
 -639 -656 -639 -538 -451 -382 -323 -313 -31299998999989999899998
999989999899998999989999899998999989999899998999989999899998
 -461 -528 -558 -552 -540 -543 -718 -878 -965 -935 -804 -660 -584
 -657 -726 -728 -604 -462 -304 -161  -75  -5699998999989999899998
999989999899998999989999899998999989999899998999989999899998
 -505 -518 -519 -496 -471 -483 -653 -844 -926 -888 -738 -605 -547
 -645 -737 -756 -640 -469 -252  -52   85  12999998999989999899998
999989999899998999989999899998999989999899998999989999899998
 -692 -618 -592 -554 -519 -500 -650 -837 -897 -832 -689 -561 -509
 -576 -663 -695 -596 -434 -205   21  165  24399998999989999899998
999989999899998999989999899998999989999899998999989999899998
 -925 -850 -801 -736 -669 -648 -737 -854 -869 -797 -655 -518 -454
 -460 -505 -515 -442 -317 -127   65  200  29599998999989999899998
999989999899998999989999899998999989999899998999989999899998
-1128-1084-1003 -920 -846 -832 -876 -894 -875 -769 -609 -477 -396
 -374 -363 -339 -289 -198  -73   58  188  279  325999989999899998
999989999899998999989999899998999989999899998999989999899998
-1279-1204-1097-1007 -965 -963 -981 -964 -898 -748 -570 -427 -342
 -321 -298 -255 -214 -156  -70   36  143  225  244  2129999899998
999989999899998999989999899998999989999899998999989999899998
99998-1160-1045 -959 -924 -945 -984-1003 -913 -740 -542 -368 -280
 -250 -242 -216 -179 -122  -45   38  100  144  159  140  10699998
999989999899998999989999899998999989999899998999989999899998
99998999989999899998 -774 -822 -891 -952 -880 -728 -524 -344 -218
 -174 -174 -166 -134  -72   -7   49   82   79   71   59   48   43
   78  116  135  121   83   48   13    8   13999989999899998
9999899998999989999899998 -622 -768 -820 -774 -672 -540 -364 -206
 -142 -130 -134 -104  -56   -3   39   54   24   -5  -12   -8    3
   28   54   62   52   32    7  -13  -23  -18999989999899998
9999899998999989999899998 -466 -595 -606 -600 -576 -524 -400 -262
 -179 -154 -173 -157 -133  -83  -44  -35  -57  -78  -69  -63  -50
  -38  -19  -11   -6   -9  -23  -30  -46  -59999989999899998
999989999899998999989999899998 -367 -387 -417 -472 -489 -428 -352
 -274 -259 -314 -336 -320 -257 -217 -187 -171 -151 -121 -105 -101
  -98  -86  -66  -39  -17  -10  -22  -54  -84999989999899998
9999899998999989999899998999989999899998 -270 -383 -452 -466 -432
 -389 -412 -488 -565 -558 -490 -411 -358 -289 -210 -160 -132 -127
 -132 -128  -93  -38   16   30    8  -32  -74999989999899998
9999899998999989999899998999989999899998999989999899998 -522 -488
 -471 -516 -613 -709 -720 -661 -571 -498 -383 -267 -195 -162 -158
 -167 -170 -122  -44   29   47   29  -12  -56  -609999899998
999989999899998999989999899998999989999899998999989999899998 -490
 -470 -518 -630 -716 -729 -683 -633 -579 -450 -329 -242 -202 -209
 -239 -242 -183 -101  -20   17   19   -9  -25    4   3299998
999989999899998999989999899998999989999899998999989999899998 -430
 -404 -455 -555 -629 -641 -606 -593 -604 -525 -417 -315 -275 -281
 -310 -314 -261 -180 -100  -49  -18   -1   49  108  15499998
9999899998999989999899998999989999899998999989999899998 -460 -377
 -335 -376 -478 -535 -531 -504 -535 -616 -613 -538 -433 -363 -345
 -359 -346 -305 -243 -173 -119  -62   19  120  219  29599998
99998999989999899998999989999899998999989999899998 -547 -418 -327
 -290 -325 -429 -461 -447 -443 -499 -603 -686 -663 -548 -443 -398
 -370 -345 -315 -274 -221 -165 -109    9  147  271  36199998
99998999989999899998999989999899998999989999899998 -452 -333 -250
 -237 -285 -382 -403 -388 -392 -446 -557 -658 -679 -573 -466 -399
 -358 -325 -301 -274 -245 -206 -160  -51   78  203  31199998
99998999989999899998999989999899998999989999899998 -335 -231 -163
 -164 -230 -333 -352 -330 -318 -372 -484 -595 -629 -538 -444 -383
 -342 -310 -290 -272 -257 -241 -213 -152  -48   479999899998
99998999989999899998999989999899998999989999899998 -240 -155  -98
 -108 -174 -291 -310 -286 -255 -305 -422 -529 -565 -496 -414 -363
 -333 -306 -287 -281 -260 -269 -255 -235 -177 -107  -6599998
