tauX_total_08_2017_moy.22
  -97 -127 -177 -175 -160 -120  -57  -39  -97 -176 -268 -254 -241
 -275 -308 -381 -528 -652 -558 -369 -150 -218 -274 -3849999899998
999989999899998999989999899998999989999899998999989999899998
 -154 -234 -296 -325 -324 -297 -234 -200 -246 -312 -383 -346 -322
 -306 -305 -338 -475 -609 -574 -442 -271 -291 -334999989999899998
999989999899998999989999899998999989999899998999989999899998
 -236 -351 -432 -494 -525 -504 -447 -396 -416 -469 -522 -483 -441
 -372 -331 -326 -464 -594 -599 -510 -379 -343 -365999989999899998
999989999899998999989999899998999989999899998999989999899998
 -348 -473 -560 -640 -695 -688 -632 -578 -573 -590 -636 -627 -587
 -476 -381 -346 -455 -552 -581 -524 -401 -32699998999989999899998
999989999899998999989999899998999989999899998999989999899998
 -493 -585 -651 -716 -755 -756 -702 -660 -647 -635 -658 -722 -723
 -602 -489 -395 -428 -480 -497 -445 -320 -21099998999989999899998
999989999899998999989999899998999989999899998999989999899998
 -627 -649 -677 -700 -693 -672 -648 -631 -619 -610 -595 -709 -784
 -700 -561 -419 -373 -372 -372 -311 -186  -8499998999989999899998
999989999899998999989999899998999989999899998999989999899998
 -687 -651 -639 -616 -575 -527 -523 -526 -519 -498 -473 -603 -699
 -653 -523 -352 -242 -203 -198 -140  -52   3399998999989999899998
999989999899998999989999899998999989999899998999989999899998
 -641 -590 -551 -492 -424 -366 -365 -373 -370 -342 -315 -386 -461
 -444 -321 -146  -13   45   37   50  102  13599998999989999899998
999989999899998999989999899998999989999899998999989999899998
 -495 -456 -421 -355 -271 -207 -199 -211 -209 -189 -139 -160 -204
 -176  -61   98  217  280  260  231  236  24499998999989999899998
999989999899998999989999899998999989999899998999989999899998
 -339 -331 -304 -248 -184 -122  -93 -104 -100  -64    6   27    3
   34  132  275  383  426  402  362  341  352  387999989999899998
999989999899998999989999899998999989999899998999989999899998
 -256 -261 -241 -204 -161 -105  -86  -77  -60   -2   67  117  109
  121  187  286  388  425  422  390  366  379  411  4869999899998
999989999899998999989999899998999989999899998999989999899998
99998 -250 -237 -206 -165 -133 -122 -105  -79  -28   33   64   80
   65   78  130  199  251  277  267  259  288  335  422  50599998
999989999899998999989999899998999989999899998999989999899998
99998999989999899998 -186 -193 -192 -214 -221 -195 -135 -118  -91
 -101 -115 -107  -69  -11   30   67   73  126  196  282  318  301
  280  268  261  224  174  126  112  139  153999989999899998
9999899998999989999899998 -300 -345 -410 -453 -476 -492 -420 -341
 -278 -270 -267 -252 -217 -174 -123  -92  -36   35   92  122  116
  109  125  128  118   98   88  103  133  161999989999899998
9999899998999989999899998 -398 -501 -599 -705 -808 -844 -762 -605
 -450 -339 -315 -315 -305 -270 -235 -196 -157 -107  -87  -75  -89
  -71  -38  -13    8   19   44   80  114  141999989999899998
999989999899998999989999899998 -628 -759 -952-1083-1122-1004 -797
 -569 -398 -345 -345 -341 -301 -271 -230 -191 -195 -229 -255 -247
 -219 -188 -143  -75   -4   60   86   94  113999989999899998
9999899998999989999899998999989999899998-1113-1233-1269-1113 -890
 -638 -471 -426 -422 -404 -349 -292 -243 -234 -256 -299 -363 -369
 -340 -310 -234  -96   35  127  141  113   68999989999899998
9999899998999989999899998999989999899998999989999899998-1080 -873
 -661 -552 -551 -566 -550 -481 -394 -322 -320 -317 -341 -382 -404
 -426 -402 -294 -114   72  171  192  129   33  -219999899998
999989999899998999989999899998999989999899998999989999899998 -746
 -618 -591 -666 -725 -717 -635 -541 -481 -430 -380 -357 -356 -361
 -431 -461 -367 -177   33  145  179  104   10  -44  -6299998
999989999899998999989999899998999989999899998999989999899998 -529
 -500 -560 -685 -790 -818 -768 -687 -623 -538 -446 -364 -301 -295
 -375 -455 -420 -290  -94   36   94   57    6  -16  -2799998
9999899998999989999899998999989999899998999989999899998 -491 -398
 -385 -459 -618 -770 -852 -843 -798 -739 -604 -518 -415 -311 -253
 -327 -433 -467 -415 -304 -153  -53   -7   15   37   3799998
99998999989999899998999989999899998999989999899998 -574 -401 -314
 -284 -336 -495 -692 -822 -839 -805 -760 -667 -595 -504 -411 -340
 -367 -397 -438 -496 -508 -392 -248 -105   11   53   6499998
99998999989999899998999989999899998999989999899998 -417 -314 -247
 -215 -250 -387 -612 -775 -768 -737 -698 -691 -663 -628 -582 -523
 -439 -368 -396 -478 -567 -536 -406 -223  -82  -18   1199998
99998999989999899998999989999899998999989999899998 -269 -236 -204
 -190 -223 -335 -592 -759 -686 -630 -584 -650 -690 -744 -749 -687
 -489 -351 -355 -432 -549 -576 -519 -361 -225 -1719999899998
99998999989999899998999989999899998999989999899998 -171 -206 -202
 -211 -256 -378 -655 -900 -670 -548 -494 -584 -685 -807 -864 -787
 -503 -323 -301 -362 -505 -594 -592 -460 -343 -313 -35999998
