tauX_total_02_2016_moy.22
 -715 -799 -834 -838 -829 -807 -770 -732 -703 -691 -674 -714 -732
 -638 -541 -468 -472 -492 -470 -454 -398 -322 -229 -1539999899998
999989999899998999989999899998999989999899998999989999899998
 -655 -697 -735 -755 -749 -734 -710 -696 -696 -693 -679 -719 -752
 -702 -613 -527 -538 -558 -584 -600 -580 -507 -423999989999899998
999989999899998999989999899998999989999899998999989999899998
 -530 -559 -602 -638 -671 -675 -683 -707 -730 -729 -719 -741 -771
 -751 -693 -597 -608 -638 -722 -749 -736 -685 -637999989999899998
999989999899998999989999899998999989999899998999989999899998
 -410 -436 -490 -541 -598 -649 -709 -776 -802 -791 -771 -761 -763
 -758 -704 -591 -619 -701 -815 -826 -788 -76199998999989999899998
999989999899998999989999899998999989999899998999989999899998
 -347 -397 -436 -494 -566 -653 -773 -860 -888 -870 -809 -744 -691
 -660 -533 -454 -605 -723 -780 -770 -705 -65699998999989999899998
999989999899998999989999899998999989999899998999989999899998
 -409 -445 -468 -513 -570 -643 -789 -919 -964 -918 -810 -701 -584
 -477 -395 -386 -583 -703 -712 -661 -552 -44599998999989999899998
999989999899998999989999899998999989999899998999989999899998
 -583 -567 -568 -574 -590 -633 -790 -951-1005 -956 -835 -691 -574
 -473 -403 -389 -563 -663 -660 -571 -424 -28399998999989999899998
999989999899998999989999899998999989999899998999989999899998
 -788 -727 -704 -669 -641 -657 -801 -941 -979 -946 -858 -750 -671
 -624 -530 -455 -555 -626 -622 -514 -330 -17199998999989999899998
999989999899998999989999899998999989999899998999989999899998
 -940 -881 -848 -801 -759 -753 -847 -916 -922 -888 -826 -791 -767
 -770 -696 -587 -565 -583 -557 -436 -233  -6199998999989999899998
999989999899998999989999899998999989999899998999989999899998
-1009 -991 -969 -952 -931 -925 -929 -904 -868 -808 -753 -761 -805
 -849 -814 -669 -571 -524 -451 -299 -116   28  100999989999899998
999989999899998999989999899998999989999899998999989999899998
-1049-1056-1049-1061-1086-1089 -990 -902 -810 -713 -654 -697 -789
 -834 -792 -660 -526 -429 -323 -179  -21   77  109   819999899998
999989999899998999989999899998999989999899998999989999899998
99998-1051-1061-1094-1125-1117-1002 -886 -748 -627 -562 -626 -699
 -714 -671 -555 -423 -317 -222  -96   36   96  101   79   7999998
999989999899998999989999899998999989999899998999989999899998
99998999989999899998-1073-1049 -970 -852 -707 -587 -532 -556 -557
 -537 -478 -380 -281 -193 -120  -28   65   93   78   74  100  163
  213  229  216  208  216  210  181  123   59999989999899998
9999899998999989999899998 -924 -875 -775 -666 -591 -560 -504 -434
 -355 -284 -220 -156  -94  -29   31   91   76   49   58   97  145
  173  181  172  160  163  148  121   79   40999989999899998
9999899998999989999899998 -785 -711 -630 -586 -583 -581 -504 -397
 -272 -189 -162 -126  -91  -28   31   68   53   12   15   40   72
   91   98   98  100  109   98   72   41   18999989999899998
999989999899998999989999899998 -544 -483 -497 -559 -604 -531 -424
 -300 -221 -211 -209 -190 -129  -66  -35  -42  -64  -67  -64  -46
  -23   -7   13   47   75   75   52   25   11999989999899998
9999899998999989999899998999989999899998 -429 -538 -619 -588 -485
 -375 -322 -338 -359 -340 -283 -232 -212 -208 -185 -169 -166 -163
 -144 -123  -75    2   67   75   63   42   24999989999899998
9999899998999989999899998999989999899998999989999899998 -629 -534
 -453 -420 -441 -470 -477 -455 -426 -405 -370 -305 -257 -233 -235
 -244 -236 -173  -72   23   75   82   64   44   439999899998
999989999899998999989999899998999989999899998999989999899998 -526
 -468 -443 -454 -500 -526 -549 -570 -570 -480 -381 -303 -256 -245
 -279 -305 -271 -177  -74   10   65   69   55   59   6799998
999989999899998999989999899998999989999899998999989999899998 -467
 -435 -414 -413 -434 -454 -520 -599 -632 -543 -424 -311 -234 -215
 -262 -317 -334 -304 -217 -109  -16   32   62   78   8699998
9999899998999989999899998999989999899998999989999899998 -412 -417
 -404 -385 -378 -366 -366 -429 -545 -622 -570 -454 -303 -197 -181
 -236 -303 -366 -399 -358 -239 -116  -14   67  106  10599998
99998999989999899998999989999899998999989999899998 -362 -360 -352
 -343 -353 -365 -340 -319 -361 -473 -577 -566 -477 -313 -205 -192
 -233 -285 -359 -443 -459 -353 -231  -96   31   99  10499998
99998999989999899998999989999899998999989999899998 -321 -293 -275
 -278 -297 -330 -314 -295 -335 -427 -532 -553 -497 -369 -284 -260
 -265 -289 -358 -445 -499 -445 -348 -213  -79    3   4599998
99998999989999899998999989999899998999989999899998 -291 -237 -206
 -208 -235 -282 -291 -292 -329 -411 -512 -552 -515 -439 -373 -355
 -335 -333 -379 -456 -521 -515 -453 -333 -209 -1389999899998
99998999989999899998999989999899998999989999899998 -297 -211 -163
 -152 -176 -234 -290 -318 -327 -415 -528 -547 -514 -471 -432 -429
 -394 -382 -407 -457 -528 -562 -529 -419 -307 -234 -20599998
