tauX_total_05_2016_moy.22
 -114 -139 -149 -196 -219 -235 -140  -76  -52  -87 -156 -319 -439
 -479 -454 -407 -314 -243 -127  -32   42   17   18   189999899998
999989999899998999989999899998999989999899998999989999899998
 -217 -221 -236 -249 -240 -211 -130  -88 -119 -182 -279 -417 -522
 -531 -453 -364 -287 -228 -185 -161 -129 -133 -129999989999899998
999989999899998999989999899998999989999899998999989999899998
 -314 -334 -351 -334 -309 -249 -178 -158 -231 -305 -400 -503 -583
 -532 -435 -306 -248 -211 -242 -266 -280 -285 -294999989999899998
999989999899998999989999899998999989999899998999989999899998
 -412 -455 -474 -445 -394 -330 -295 -295 -368 -451 -502 -547 -570
 -483 -345 -259 -233 -214 -262 -309 -330 -34299998999989999899998
999989999899998999989999899998999989999899998999989999899998
 -505 -557 -565 -538 -476 -413 -436 -477 -533 -557 -535 -488 -432
 -368 -324 -290 -277 -256 -247 -237 -223 -21399998999989999899998
999989999899998999989999899998999989999899998999989999899998
 -564 -587 -592 -574 -507 -440 -503 -583 -631 -602 -518 -421 -334
 -365 -407 -393 -362 -318 -243 -148  -43   2299998999989999899998
999989999899998999989999899998999989999899998999989999899998
 -605 -594 -619 -608 -553 -469 -532 -624 -651 -619 -539 -445 -385
 -445 -503 -479 -433 -372 -246  -78   88  20299998999989999899998
999989999899998999989999899998999989999899998999989999899998
 -651 -667 -714 -715 -684 -629 -627 -683 -685 -655 -586 -526 -516
 -549 -555 -525 -467 -389 -241  -55  135  26999998999989999899998
999989999899998999989999899998999989999899998999989999899998
 -684 -768 -832 -868 -883 -869 -823 -789 -753 -697 -635 -612 -623
 -628 -617 -552 -473 -385 -250  -61  120  25299998999989999899998
999989999899998999989999899998999989999899998999989999899998
 -695 -817 -891 -978-1044-1057-1012 -902 -823 -725 -639 -637 -665
 -690 -657 -569 -475 -345 -203  -51   90  201  280999989999899998
999989999899998999989999899998999989999899998999989999899998
 -710 -796 -852 -954-1047-1076-1032 -927 -802 -643 -550 -565 -607
 -667 -650 -552 -405 -258 -131  -13   78  147  219  2699999899998
999989999899998999989999899998999989999899998999989999899998
99998 -688 -731 -797 -832 -860 -834 -774 -615 -460 -379 -392 -435
 -500 -528 -454 -284 -184 -112  -45   15   69  129  215  27899998
999989999899998999989999899998999989999899998999989999899998
99998999989999899998 -546 -573 -576 -549 -426 -308 -234 -213 -242
 -279 -306 -277 -203 -179 -178 -178 -164  -73    9  127  192  189
  163  140  149  140  127  128  126  140  152999989999899998
9999899998999989999899998 -352 -393 -408 -365 -309 -262 -219 -192
 -154 -141 -131 -179 -231 -304 -374 -390 -285 -136    0   73   71
   45   37   53   66   72   80   94  107  116999989999899998
9999899998999989999899998 -238 -358 -421 -465 -491 -474 -403 -311
 -196 -110 -102 -219 -326 -441 -549 -588 -498 -272 -129  -65  -84
 -100  -86  -54  -20    5   28   54   64   51999989999899998
999989999899998999989999899998 -435 -543 -672 -747 -734 -619 -460
 -300 -171 -163 -297 -423 -529 -627 -639 -525 -295 -170 -152 -191
 -199 -183 -152  -98  -64  -19   12   11  -14999989999899998
9999899998999989999899998999989999899998 -891 -932 -918 -742 -544
 -372 -279 -318 -421 -511 -555 -573 -513 -346 -183  -88  -89 -137
 -195 -219 -213 -178 -122  -64  -27  -30  -58999989999899998
9999899998999989999899998999989999899998999989999899998 -735 -539
 -417 -432 -540 -617 -655 -602 -517 -450 -312 -179  -64  -28  -53
 -151 -235 -259 -254 -193 -104  -50  -45  -65  -999999899998
999989999899998999989999899998999989999899998999989999899998 -453
 -431 -540 -730 -851 -826 -677 -567 -531 -416 -294 -162  -71  -68
 -163 -254 -289 -286 -244 -141  -53  -29  -38  -51  -7699998
999989999899998999989999899998999989999899998999989999899998 -331
 -396 -582 -815 -946 -886 -714 -595 -560 -517 -418 -297 -201 -189
 -248 -286 -298 -296 -255 -169  -67   -8   12    5   -699998
9999899998999989999899998999989999899998999989999899998 -331 -294
 -380 -580 -807 -888 -823 -659 -539 -555 -560 -505 -417 -358 -353
 -375 -344 -321 -300 -259 -181  -92  -11   51   65   6299998
99998999989999899998999989999899998999989999899998 -354 -284 -275
 -351 -526 -732 -761 -686 -539 -473 -525 -559 -551 -504 -487 -512
 -476 -431 -376 -317 -279 -212 -139  -40   36   75   8099998
99998999989999899998999989999899998999989999899998 -191 -173 -200
 -287 -425 -592 -623 -543 -420 -426 -490 -525 -539 -530 -547 -592
 -556 -519 -445 -379 -337 -287 -219 -117  -37   14   3999998
99998999989999899998999989999899998999989999899998    4  -36  -96
 -197 -331 -475 -531 -470 -393 -384 -471 -517 -521 -539 -588 -636
 -644 -606 -528 -466 -427 -381 -306 -216 -131  -929999899998
99998999989999899998999989999899998999989999899998  176   76  -14
 -114 -256 -420 -533 -511 -428 -422 -519 -552 -556 -584 -633 -685
 -719 -679 -598 -531 -496 -436 -358 -277 -206 -172 -16199998
