tauX_total_09_2017_moy.22
   66  -36 -113 -135 -132 -103  -21   29   24  -24 -111 -252 -347
 -341 -342 -330 -384 -397 -352 -302 -243 -203 -165 -1659999899998
999989999899998999989999899998999989999899998999989999899998
  -53 -153 -232 -270 -277 -248 -150 -102 -114 -166 -244 -352 -443
 -466 -473 -469 -471 -463 -422 -351 -272 -245 -230999989999899998
999989999899998999989999899998999989999899998999989999899998
 -181 -284 -364 -423 -472 -478 -412 -369 -371 -428 -489 -558 -623
 -655 -643 -630 -588 -556 -503 -409 -297 -257 -268999989999899998
999989999899998999989999899998999989999899998999989999899998
 -306 -392 -469 -565 -666 -727 -731 -700 -686 -690 -747 -784 -805
 -816 -787 -734 -676 -618 -538 -411 -284 -22699998999989999899998
999989999899998999989999899998999989999899998999989999899998
 -417 -465 -519 -635 -758 -864 -909 -897 -881 -855 -876 -916 -903
 -861 -809 -756 -701 -614 -479 -343 -211 -12199998999989999899998
999989999899998999989999899998999989999899998999989999899998
 -500 -494 -515 -610 -710 -808 -865 -868 -844 -830 -823 -847 -839
 -792 -748 -702 -657 -566 -423 -253 -108    199998999989999899998
999989999899998999989999899998999989999899998999989999899998
 -559 -501 -490 -527 -585 -636 -658 -666 -629 -607 -615 -637 -655
 -644 -626 -604 -568 -483 -344 -182  -27   8999998999989999899998
999989999899998999989999899998999989999899998999989999899998
 -567 -499 -459 -422 -417 -424 -396 -378 -349 -338 -382 -417 -443
 -456 -476 -477 -432 -366 -246  -97   54  14499998999989999899998
999989999899998999989999899998999989999899998999989999899998
 -519 -475 -423 -343 -270 -230 -176 -126 -127 -187 -234 -263 -256
 -268 -297 -323 -297 -242 -137   -4  113  18999998999989999899998
999989999899998999989999899998999989999899998999989999899998
 -477 -454 -409 -331 -232 -141  -73  -35  -75 -137 -170 -145 -101
  -83 -106 -142 -164 -128  -40   72  162  228  263999989999899998
999989999899998999989999899998999989999899998999989999899998
 -479 -470 -431 -357 -261 -150  -70  -59 -113 -144 -150  -85  -12
   41   48   -2  -49  -28   45  123  209  260  280  2569999899998
999989999899998999989999899998999989999899998999989999899998
99998 -499 -467 -384 -268 -188 -142 -151 -203 -252 -242 -156  -37
   55   58   11  -23  -13   58  145  225  266  271  239  19299998
999989999899998999989999899998999989999899998999989999899998
99998999989999899998 -297 -269 -298 -385 -484 -544 -497 -351 -185
  -62  -41 -101 -128 -102  -13   88  178  221  213  180  122   88
  100  144  206  240  250  266  283  315  350999989999899998
9999899998999989999899998 -422 -557 -705 -839 -909 -895 -668 -425
 -262 -246 -303 -337 -293 -175  -45   47  100  100   69   30   15
   44   89  141  175  186  193  210  241  272999989999899998
9999899998999989999899998 -590 -786 -957-1122-1229-1200 -988 -709
 -535 -471 -525 -568 -513 -368 -221 -126  -75  -51  -64  -81  -88
  -45    1   40   79   99  110  128  157  178999989999899998
999989999899998999989999899998 -939-1111-1301-1389-1363-1169 -917
 -735 -664 -715 -745 -672 -506 -359 -277 -230 -171 -147 -152 -172
 -146 -105  -68  -28    3   35   61   90  120999989999899998
9999899998999989999899998999989999899998-1336-1394-1364-1184 -985
 -816 -765 -833 -837 -690 -504 -400 -382 -335 -248 -176 -164 -183
 -221 -193 -139  -99  -64  -17   30   67   93999989999899998
9999899998999989999899998999989999899998999989999899998-1069 -922
 -795 -818 -897 -824 -646 -481 -428 -461 -433 -361 -263 -203 -208
 -249 -252 -194 -135  -85  -38   23   64   81   999999899998
999989999899998999989999899998999989999899998999989999899998 -774
 -751 -807 -906 -805 -642 -526 -507 -562 -569 -517 -405 -323 -303
 -306 -311 -253 -189 -128  -68   -8   44   81  112  13199998
999989999899998999989999899998999989999899998999989999899998 -626
 -692 -812 -918 -851 -732 -633 -637 -729 -755 -688 -550 -460 -431
 -406 -376 -323 -263 -198 -127  -60   16   89  136  16299998
9999899998999989999899998999989999899998999989999899998 -628 -605
 -661 -799 -938 -920 -840 -774 -791 -893 -927 -831 -677 -560 -533
 -519 -453 -396 -348 -301 -221 -123   -8   89  147  17599998
99998999989999899998999989999899998999989999899998 -759 -675 -605
 -617 -733 -888 -958 -914 -877 -920-1021-1028 -907 -744 -632 -605
 -582 -531 -473 -438 -409 -325 -204  -70   41  101  12499998
99998999989999899998999989999899998999989999899998 -814 -694 -596
 -571 -628 -789 -914 -939 -932 -989-1073 -997 -880 -744 -655 -616
 -598 -577 -528 -504 -483 -403 -296 -177  -75  -12   2799998
99998999989999899998999989999899998999989999899998 -853 -687 -549
 -475 -507 -652 -805 -922 -953 -993-1039 -936 -834 -736 -660 -628
 -608 -579 -539 -515 -502 -452 -380 -296 -220 -1799999899998
99998999989999899998999989999899998999989999899998 -886 -671 -503
 -352 -330 -503 -702 -893 -876 -922-1008 -946 -835 -746 -691 -690
 -639 -561 -514 -489 -489 -473 -435 -381 -329 -310 -32599998
