tauX_total_05_2015_moy.22
 -270 -273 -268 -287 -272 -205  173  440  534  479  285  -80 -334
 -377 -264 -106  216  382  360  277  179   20  -87 -1479999899998
999989999899998999989999899998999989999899998999989999899998
 -237 -270 -287 -296 -269 -191   79  287  298  205    1 -277 -489
 -492 -335 -133   73  170  129   54  -24 -134 -217999989999899998
999989999899998999989999899998999989999899998999989999899998
 -214 -278 -310 -310 -300 -235  -86   38  -14 -110 -278 -463 -573
 -521 -386 -178  -88  -38  -96 -161 -228 -294 -347999989999899998
999989999899998999989999899998999989999899998999989999899998
 -225 -301 -347 -351 -335 -299 -319 -309 -355 -430 -497 -551 -566
 -510 -370 -218 -206 -191 -245 -300 -347 -37599998999989999899998
999989999899998999989999899998999989999899998999989999899998
 -269 -331 -382 -412 -393 -354 -463 -615 -660 -635 -555 -497 -544
 -588 -468 -293 -252 -252 -274 -297 -295 -29299998999989999899998
999989999899998999989999899998999989999899998999989999899998
 -351 -389 -427 -452 -439 -414 -592 -756 -776 -689 -577 -577 -669
 -792 -767 -520 -319 -245 -228 -200 -149 -11499998999989999899998
999989999899998999989999899998999989999899998999989999899998
 -496 -508 -530 -526 -509 -488 -640 -802 -829 -730 -588 -657 -800
 -960 -935 -658 -363 -198 -159  -92   -6   5899998999989999899998
999989999899998999989999899998999989999899998999989999899998
 -666 -666 -690 -679 -630 -608 -699 -822 -839 -739 -592 -661 -798
 -912 -848 -595 -315 -125  -82  -22   76  15699998999989999899998
999989999899998999989999899998999989999899998999989999899998
 -770 -795 -837 -842 -810 -758 -796 -864 -842 -729 -580 -609 -724
 -790 -702 -438 -194  -54  -32    7   94  16699998999989999899998
999989999899998999989999899998999989999899998999989999899998
 -794 -875 -942 -978 -960 -896 -887 -908 -873 -734 -567 -574 -672
 -706 -595 -330  -83   -8  -15    3   71  130  163999989999899998
999989999899998999989999899998999989999899998999989999899998
 -760 -884 -965-1017 -994 -927 -901 -901 -873 -741 -565 -562 -652
 -669 -523 -262  -70   14   -2  -14   34   86  112  1019999899998
999989999899998999989999899998999989999899998999989999899998
99998 -825 -921 -952 -897 -816 -786 -799 -799 -696 -523 -568 -635
 -626 -492 -287 -110    0   -6  -23    9   57   76   90  10799998
999989999899998999989999899998999989999899998999989999899998
99998999989999899998 -724 -616 -596 -649 -680 -604 -440 -462 -514
 -521 -441 -297 -157  -51  -20   -3   15   45   51   54   37   22
   33   54   89  107  113  120  114  115  115999989999899998
9999899998999989999899998 -373 -435 -539 -574 -545 -455 -357 -347
 -362 -350 -283 -189 -128  -56    4   19    4   -2  -27  -58  -73
  -68  -44   -7   22   38   46   52   57   60999989999899998
9999899998999989999899998 -145 -367 -498 -564 -587 -530 -388 -314
 -311 -318 -318 -281 -236 -146  -81  -76 -108 -127 -145 -168 -187
 -184 -139  -92  -56  -49  -44  -23   -9    0999989999899998
999989999899998999989999899998 -370 -519 -631 -663 -636 -542 -439
 -395 -407 -451 -426 -366 -285 -240 -255 -281 -278 -260 -267 -281
 -251 -186 -127  -96 -116 -129 -101  -62  -33999989999899998
9999899998999989999899998999989999899998 -711 -734 -724 -662 -574
 -516 -518 -561 -566 -502 -450 -433 -443 -429 -395 -347 -323 -326
 -274 -190 -118 -124 -170 -193 -173 -105  -49999989999899998
9999899998999989999899998999989999899998999989999899998 -708 -624
 -559 -554 -626 -657 -615 -576 -558 -552 -504 -443 -395 -363 -357
 -289 -199 -140 -155 -222 -251 -224 -136  -59  -229999899998
999989999899998999989999899998999989999899998999989999899998 -514
 -475 -531 -630 -696 -685 -620 -566 -551 -492 -428 -397 -389 -380
 -324 -247 -207 -220 -293 -311 -257 -148  -57  -11    699998
999989999899998999989999899998999989999899998999989999899998 -336
 -370 -472 -602 -684 -681 -587 -516 -487 -449 -408 -386 -385 -381
 -341 -286 -263 -284 -340 -344 -266 -153  -54    2   2099998
9999899998999989999899998999989999899998999989999899998 -287 -256
 -305 -419 -567 -640 -629 -540 -481 -471 -467 -456 -416 -384 -365
 -337 -293 -267 -303 -349 -332 -256 -152  -56   11   5499998
99998999989999899998999989999899998999989999899998 -325 -253 -228
 -262 -357 -499 -555 -546 -505 -486 -505 -549 -567 -500 -434 -380
 -335 -302 -282 -284 -307 -290 -242 -159  -63   23   7999998
99998999989999899998999989999899998999989999899998 -261 -214 -208
 -226 -285 -393 -445 -443 -453 -466 -514 -574 -599 -555 -484 -412
 -374 -342 -325 -320 -314 -306 -280 -207 -114  -14   7499998
99998999989999899998999989999899998999989999899998 -194 -185 -192
 -202 -233 -303 -367 -342 -341 -401 -460 -512 -539 -539 -500 -471
 -442 -416 -396 -376 -354 -356 -338 -274 -183  -909999899998
99998999989999899998999989999899998999989999899998 -154 -191 -210
 -226 -252 -301 -305 -272 -221 -269 -322 -385 -424 -474 -509 -527
 -509 -490 -457 -415 -383 -392 -385 -335 -246 -156  -7299998
