tauX_total_03_2016_moy.22
  -40  -89 -128 -169 -184 -150   56  207  208  143    5  -72  -81
  -14   48   42  -61 -153 -143 -156 -139 -211 -269 -3399999899998
999989999899998999989999899998999989999899998999989999899998
 -102 -162 -209 -247 -248 -211  -41   68   41  -24 -101  -95 -103
  -43    7    0 -153 -283 -319 -340 -355 -398 -422999989999899998
999989999899998999989999899998999989999899998999989999899998
 -214 -289 -350 -378 -377 -339 -238 -184 -209 -242 -267 -207 -184
 -151 -140 -164 -297 -414 -489 -504 -501 -536 -573999989999899998
999989999899998999989999899998999989999899998999989999899998
 -352 -444 -513 -531 -530 -493 -497 -503 -510 -495 -461 -359 -308
 -325 -349 -386 -460 -525 -571 -547 -498 -50199998999989999899998
999989999899998999989999899998999989999899998999989999899998
 -484 -582 -634 -644 -621 -585 -664 -758 -795 -731 -596 -508 -461
 -509 -551 -581 -567 -564 -537 -463 -352 -27299998999989999899998
999989999899998999989999899998999989999899998999989999899998
 -494 -547 -612 -643 -580 -544 -719 -873 -936 -872 -686 -604 -533
 -579 -634 -642 -604 -587 -524 -388 -211  -6199998999989999899998
999989999899998999989999899998999989999899998999989999899998
 -359 -410 -483 -514 -513 -498 -697 -891 -967 -891 -702 -542 -480
 -514 -540 -520 -581 -633 -574 -418 -192   1499998999989999899998
999989999899998999989999899998999989999899998999989999899998
 -237 -315 -409 -462 -517 -547 -669 -843 -893 -805 -627 -440 -395
 -413 -398 -375 -534 -658 -642 -487 -231    899998999989999899998
999989999899998999989999899998999989999899998999989999899998
 -229 -335 -464 -573 -658 -717 -779 -856 -833 -724 -562 -424 -387
 -385 -372 -358 -479 -604 -612 -473 -208   3599998999989999899998
999989999899998999989999899998999989999899998999989999899998
 -315 -460 -598 -759 -885 -957 -982 -972 -893 -721 -535 -448 -425
 -440 -440 -404 -435 -482 -456 -321 -111  105  256999989999899998
999989999899998999989999899998999989999899998999989999899998
 -444 -599 -728 -898-1048-1112-1129-1090 -963 -744 -552 -482 -468
 -496 -499 -452 -390 -342 -279 -157    1  153  224  2389999899998
999989999899998999989999899998999989999899998999989999899998
99998 -690 -797 -924 -997-1045-1076-1061 -936 -741 -568 -491 -456
 -473 -484 -438 -330 -244 -169  -64   45  119  142  128   9699998
999989999899998999989999899998999989999899998999989999899998
99998999989999899998 -822 -837 -875 -894 -829 -713 -554 -431 -361
 -355 -349 -315 -251 -187 -119  -46    4   18   19   13   -4   -7
   51  129  204  249  263  228  169   95  -10999989999899998
9999899998999989999899998 -591 -648 -704 -705 -654 -543 -378 -261
 -204 -185 -168 -163 -140  -99  -77  -84 -110 -111  -99  -90  -72
  -13   64  120  161  168  140  100   51    2999989999899998
9999899998999989999899998 -382 -488 -553 -606 -626 -575 -421 -281
 -168 -108 -101 -108 -108 -104 -130 -176 -222 -223 -195 -162 -135
  -79  -15   31   62   72   60   46   30   31999989999899998
999989999899998999989999899998 -381 -475 -572 -641 -631 -523 -387
 -248 -156 -133 -118 -108 -128 -186 -262 -302 -299 -257 -212 -182
 -138  -95  -51  -17    3   20   28   37   46999989999899998
9999899998999989999899998999989999899998 -598 -682 -685 -613 -485
 -354 -261 -231 -193 -144 -164 -238 -314 -342 -335 -290 -246 -221
 -199 -186 -148  -99  -45    0   23   38   35999989999899998
9999899998999989999899998999989999899998999989999899998 -641 -522
 -420 -362 -349 -308 -255 -251 -288 -326 -351 -341 -309 -277 -264
 -280 -288 -260 -198 -119  -42    8   25   24   289999899998
999989999899998999989999899998999989999899998999989999899998 -497
 -433 -397 -404 -430 -463 -427 -365 -339 -333 -337 -334 -316 -283
 -321 -356 -350 -290 -200 -100  -19   10   32   53   7199998
999989999899998999989999899998999989999899998999989999899998 -459
 -410 -390 -413 -497 -576 -535 -453 -374 -349 -356 -364 -335 -286
 -301 -335 -354 -335 -265 -165  -59   10   56   97  12399998
9999899998999989999899998999989999899998999989999899998 -518 -455
 -407 -381 -403 -486 -553 -540 -477 -392 -373 -386 -395 -355 -284
 -266 -281 -318 -343 -314 -226 -124  -16   82  144  17999998
99998999989999899998999989999899998999989999899998 -546 -479 -424
 -377 -361 -380 -444 -489 -488 -435 -376 -376 -437 -470 -428 -306
 -232 -217 -270 -321 -334 -274 -204  -87   52  152  20299998
99998999989999899998999989999899998999989999899998 -415 -375 -340
 -313 -310 -338 -384 -420 -411 -366 -332 -418 -540 -606 -578 -439
 -247 -168 -221 -278 -314 -320 -290 -189  -59   65  16099998
99998999989999899998999989999899998999989999899998 -253 -231 -222
 -228 -249 -287 -324 -366 -338 -291 -272 -466 -651 -772 -775 -641
 -341 -155 -179 -232 -282 -340 -358 -293 -186  -829999899998
99998999989999899998999989999899998999989999899998 -131 -121 -128
 -162 -207 -258 -303 -350 -298 -230 -227 -518 -741 -909 -996 -880
 -445 -151 -139 -181 -236 -338 -397 -370 -287 -206 -12799998
