tauX_total_07_2014_moy.22
 -336 -291 -272 -283 -299 -307 -224 -119  -24  -17  -87 -181 -294
 -425 -539 -642 -633 -590 -433 -296 -200 -191 -166 -1389999899998
999989999899998999989999899998999989999899998999989999899998
 -325 -317 -316 -350 -381 -387 -244 -107  -26   -7  -98 -264 -436
 -581 -660 -701 -651 -564 -450 -362 -306 -311 -307999989999899998
999989999899998999989999899998999989999899998999989999899998
 -321 -345 -366 -425 -482 -481 -302 -129  -39  -17 -128 -360 -570
 -707 -785 -769 -658 -518 -433 -377 -366 -405 -454999989999899998
999989999899998999989999899998999989999899998999989999899998
 -346 -397 -433 -501 -559 -572 -369 -195  -91  -76 -173 -444 -697
 -816 -865 -822 -643 -456 -364 -312 -328 -39199998999989999899998
999989999899998999989999899998999989999899998999989999899998
 -417 -464 -503 -557 -598 -589 -461 -355 -272 -239 -276 -496 -731
 -874 -906 -842 -605 -378 -244 -180 -178 -21299998999989999899998
999989999899998999989999899998999989999899998999989999899998
 -544 -574 -594 -597 -584 -557 -573 -583 -548 -474 -425 -507 -669
 -842 -922 -811 -559 -321 -154  -42   14   1799998999989999899998
999989999899998999989999899998999989999899998999989999899998
 -722 -715 -707 -650 -593 -563 -677 -770 -773 -691 -559 -536 -609
 -763 -843 -744 -509 -283  -99   49  140  17399998999989999899998
999989999899998999989999899998999989999899998999989999899998
 -866 -826 -806 -739 -667 -641 -778 -879 -870 -773 -614 -534 -523
 -618 -658 -590 -419 -235  -76   73  174  23399998999989999899998
999989999899998999989999899998999989999899998999989999899998
 -856 -827 -797 -758 -729 -719 -812 -863 -807 -676 -520 -418 -380
 -421 -432 -367 -255 -152  -53   64  169  24199998999989999899998
999989999899998999989999899998999989999899998999989999899998
 -720 -704 -676 -687 -699 -716 -718 -688 -603 -449 -309 -226 -213
 -222 -202 -131  -95  -62  -17   54  150  236  306999989999899998
999989999899998999989999899998999989999899998999989999899998
 -562 -528 -498 -533 -587 -620 -535 -451 -336 -207 -121  -92 -106
  -80  -28   13    6  -10    0   37  115  214  277  2989999899998
999989999899998999989999899998999989999899998999989999899998
99998 -357 -343 -360 -410 -452 -381 -290 -170  -85  -54  -57  -68
  -28   13   36    7  -26  -34  -14   51  149  210  221  20099998
999989999899998999989999899998999989999899998999989999899998
99998999989999899998 -267 -320 -329 -313 -257 -194 -148 -134 -116
  -90  -75  -68  -89 -115 -132 -116  -49   41  101  111   82   50
   77  140  254  355  421  461  472  473  457999989999899998
9999899998999989999899998 -287 -426 -490 -489 -454 -398 -304 -244
 -229 -227 -222 -241 -258 -272 -254 -179  -91  -29  -23  -28  -30
    3   58  124  196  246  287  324  344  355999989999899998
9999899998999989999899998 -357 -565 -667 -702 -675 -546 -427 -365
 -378 -367 -376 -386 -401 -406 -368 -296 -213 -151 -136 -120 -110
  -80  -44  -22    6   37   92  154  200  228999989999899998
999989999899998999989999899998 -673 -771 -789 -661 -503 -392 -362
 -417 -471 -479 -485 -505 -519 -487 -351 -274 -241 -213 -186 -164
 -155 -146 -151 -161 -147  -65   14   68   73999989999899998
9999899998999989999899998999989999899998 -708 -537 -348 -269 -301
 -402 -506 -545 -573 -594 -610 -574 -461 -352 -307 -262 -229 -198
 -203 -229 -256 -266 -233 -145  -63  -34  -63999989999899998
9999899998999989999899998999989999899998999989999899998 -140 -258
 -397 -532 -607 -660 -691 -695 -646 -542 -443 -384 -342 -292 -259
 -283 -316 -338 -319 -256 -161  -74  -68 -129 -2229999899998
999989999899998999989999899998999989999899998999989999899998 -314
 -471 -617 -681 -732 -757 -737 -683 -603 -518 -463 -436 -400 -378
 -407 -426 -415 -368 -274 -160  -58  -45 -100 -182 -26599998
999989999899998999989999899998999989999899998999989999899998 -485
 -613 -732 -747 -754 -736 -697 -651 -608 -566 -533 -526 -522 -500
 -511 -524 -492 -420 -325 -187  -49   25    3  -55 -11399998
9999899998999989999899998999989999899998999989999899998 -606 -687
 -772 -794 -775 -696 -624 -578 -539 -514 -531 -583 -635 -605 -557
 -546 -553 -551 -517 -436 -269 -101   32  104   95   7199998
99998999989999899998999989999899998999989999899998 -637 -690 -729
 -766 -769 -728 -562 -446 -384 -345 -378 -462 -666 -759 -679 -561
 -514 -518 -576 -627 -588 -403 -218  -47   88  157  16899998
99998999989999899998999989999899998999989999899998 -559 -584 -608
 -618 -604 -550 -391 -270 -207 -229 -344 -599 -874 -904 -796 -625
 -487 -460 -563 -681 -719 -562 -375 -171    0  102  15299998
99998999989999899998999989999899998999989999899998 -433 -432 -439
 -432 -412 -357 -243 -163 -147 -221 -391 -756-1023-1051 -935 -721
 -528 -426 -533 -678 -768 -677 -514 -301 -113   -59999899998
99998999989999899998999989999899998999989999899998 -331 -320 -321
 -315 -282 -244 -188 -142 -158 -269 -475 -888-1136-1189-1074 -823
 -576 -422 -507 -676 -764 -741 -614 -403 -206 -100  -2699998
