tauX_total_09_2016_moy.22
 -268 -234 -249 -342 -437 -506 -381 -273 -238 -278 -420 -586 -673
 -629 -556 -517 -572 -620 -632 -599 -535 -474 -434 -4299999899998
999989999899998999989999899998999989999899998999989999899998
 -275 -264 -290 -381 -473 -540 -443 -352 -338 -390 -519 -655 -739
 -674 -569 -499 -527 -570 -579 -538 -466 -411 -384999989999899998
999989999899998999989999899998999989999899998999989999899998
 -285 -304 -346 -438 -542 -609 -539 -452 -439 -478 -593 -708 -758
 -673 -557 -468 -485 -512 -509 -471 -388 -326 -303999989999899998
999989999899998999989999899998999989999899998999989999899998
 -320 -367 -417 -503 -603 -681 -641 -555 -511 -545 -625 -698 -704
 -607 -498 -438 -451 -470 -450 -385 -295 -21799998999989999899998
999989999899998999989999899998999989999899998999989999899998
 -371 -426 -470 -538 -626 -699 -671 -610 -556 -542 -573 -588 -566
 -475 -418 -400 -444 -454 -401 -316 -204 -10899998999989999899998
999989999899998999989999899998999989999899998999989999899998
 -402 -432 -464 -516 -565 -615 -635 -602 -551 -526 -512 -473 -408
 -359 -343 -368 -433 -447 -379 -261 -132  -2799998999989999899998
999989999899998999989999899998999989999899998999989999899998
 -415 -401 -403 -423 -463 -486 -530 -545 -524 -490 -455 -359 -269
 -242 -257 -295 -360 -386 -314 -196  -73   1099998999989999899998
999989999899998999989999899998999989999899998999989999899998
 -426 -377 -353 -340 -337 -355 -393 -425 -427 -409 -362 -251 -157
 -127 -129 -157 -204 -223 -167  -76    0   3599998999989999899998
999989999899998999989999899998999989999899998999989999899998
 -424 -369 -322 -277 -239 -234 -256 -284 -298 -289 -247 -160  -78
  -22   15   20   14   22   45   76  101  10099998999989999899998
999989999899998999989999899998999989999899998999989999899998
 -424 -375 -306 -230 -170 -134 -143 -163 -185 -182 -145  -95  -32
   48  115  159  208  229  219  207  201  177  148999989999899998
999989999899998999989999899998999989999899998999989999899998
 -444 -380 -304 -208 -124  -82  -92 -108 -126 -132 -102  -66  -19
   62  146  216  273  291  275  250  244  229  200  1859999899998
999989999899998999989999899998999989999899998999989999899998
99998 -365 -293 -188 -113  -94 -113 -134 -143 -138 -111  -84  -43
   17   95  169  199  201  190  185  206  214  205  186  17599998
999989999899998999989999899998999989999899998999989999899998
99998999989999899998 -145 -164 -189 -212 -219 -207 -185 -166 -125
  -78  -23   19   18   14   18   43   85  119  137  128  108  112
  172  222  245  216  159  118  114  192  291999989999899998
9999899998999989999899998 -286 -299 -292 -292 -317 -379 -362 -295
 -217 -185 -169 -185 -185 -163 -117  -65  -20    4    4   17   39
   84  122  132  116   86   83   99  162  235999989999899998
9999899998999989999899998 -419 -326 -296 -342 -467 -598 -631 -543
 -412 -339 -345 -354 -342 -298 -239 -189 -155 -141 -125  -92  -60
  -29    7   16   12    9   30   68  120  175999989999899998
999989999899998999989999899998 -260 -243 -393 -601 -798 -855 -752
 -578 -464 -475 -484 -464 -408 -344 -291 -272 -268 -241 -202 -158
 -127  -97  -82  -63  -43  -10   44   88  121999989999899998
9999899998999989999899998999989999899998 -401 -693 -940 -968 -846
 -652 -534 -556 -604 -589 -519 -449 -399 -377 -372 -340 -297 -244
 -210 -183 -147 -118  -87  -29   26   67   75999989999899998
9999899998999989999899998999989999899998999989999899998 -957 -795
 -610 -547 -622 -709 -717 -640 -545 -456 -426 -435 -441 -395 -335
 -278 -240 -200 -165 -113  -54    4   47   58   479999899998
999989999899998999989999899998999989999899998999989999899998 -631
 -527 -540 -669 -789 -826 -746 -593 -464 -429 -453 -505 -511 -443
 -366 -308 -274 -231 -173 -100  -24   31   60   65   5699998
999989999899998999989999899998999989999899998999989999899998 -476
 -473 -550 -689 -830 -886 -798 -655 -516 -478 -502 -558 -583 -538
 -464 -399 -367 -328 -275 -178  -73   11   62   84   8199998
9999899998999989999899998999989999899998999989999899998 -477 -445
 -465 -536 -653 -785 -861 -809 -711 -620 -581 -581 -612 -630 -602
 -541 -489 -462 -433 -369 -248 -136  -35   50   96  11099998
99998999989999899998999989999899998999989999899998 -505 -464 -444
 -445 -465 -525 -638 -727 -756 -739 -695 -666 -654 -668 -662 -628
 -588 -557 -526 -486 -427 -319 -220 -113   -9   77  12399998
99998999989999899998999989999899998999989999899998 -425 -405 -399
 -376 -351 -356 -435 -532 -646 -698 -706 -689 -679 -682 -671 -631
 -622 -609 -577 -536 -485 -423 -348 -246 -130  -12   9199998
99998999989999899998999989999899998999989999899998 -307 -320 -325
 -293 -251 -219 -241 -327 -490 -620 -660 -653 -654 -656 -630 -621
 -635 -641 -622 -588 -544 -533 -497 -403 -272 -1479999899998
99998999989999899998999989999899998999989999899998 -200 -240 -262
 -241 -199 -147 -130 -185 -343 -506 -581 -591 -593 -590 -591 -611
 -638 -655 -644 -615 -588 -618 -617 -528 -385 -237 -11299998
