tauX_total_10_2016_moy.22
 -228 -187 -149  -63   -7   26  -10  -56 -217 -380 -515 -375 -222
  -46   83  131  167  189  158   85    5  -37  -55  -299999899998
999989999899998999989999899998999989999899998999989999899998
 -265 -231 -212 -185 -162 -158 -190 -226 -339 -453 -512 -373 -237
  -92    8   49   46   38   23    0  -57  -79  -88999989999899998
999989999899998999989999899998999989999899998999989999899998
 -291 -285 -291 -322 -348 -372 -388 -402 -444 -478 -466 -357 -246
 -159 -121 -126 -155 -158 -131 -110 -112 -117 -110999989999899998
999989999899998999989999899998999989999899998999989999899998
 -327 -354 -375 -436 -514 -572 -572 -576 -543 -466 -414 -330 -264
 -252 -281 -351 -389 -375 -288 -210 -149 -12599998999989999899998
999989999899998999989999899998999989999899998999989999899998
 -393 -421 -442 -491 -563 -639 -664 -675 -597 -506 -420 -350 -299
 -343 -430 -526 -541 -514 -406 -259 -150  -9799998999989999899998
999989999899998999989999899998999989999899998999989999899998
 -483 -484 -481 -503 -528 -575 -656 -695 -670 -612 -514 -434 -362
 -390 -463 -544 -560 -513 -397 -251 -140  -7999998999989999899998
999989999899998999989999899998999989999899998999989999899998
 -566 -521 -486 -460 -459 -488 -593 -683 -735 -706 -601 -473 -379
 -373 -387 -412 -433 -415 -333 -223 -118  -5799998999989999899998
999989999899998999989999899998999989999899998999989999899998
 -592 -491 -438 -388 -363 -381 -496 -636 -730 -714 -605 -427 -319
 -276 -246 -228 -265 -282 -248 -177  -93  -2999998999989999899998
999989999899998999989999899998999989999899998999989999899998
 -527 -431 -374 -322 -287 -305 -417 -571 -651 -641 -526 -345 -279
 -231 -169  -97 -116 -154 -152 -125  -54    899998999989999899998
999989999899998999989999899998999989999899998999989999899998
 -421 -375 -334 -300 -271 -272 -372 -503 -565 -538 -436 -365 -342
 -316 -241 -130  -49  -66  -89  -71    3   53   70999989999899998
999989999899998999989999899998999989999899998999989999899998
 -342 -355 -339 -312 -281 -261 -337 -438 -491 -460 -399 -425 -459
 -472 -406 -238  -99  -40  -53  -20   49   97   90   409999899998
999989999899998999989999899998999989999899998999989999899998
99998 -359 -370 -327 -270 -238 -283 -353 -424 -426 -392 -492 -580
 -617 -525 -324 -148  -36  -19   17   86  108   78   28  -1099998
999989999899998999989999899998999989999899998999989999899998
99998999989999899998 -271 -240 -248 -324 -414 -446 -428 -537 -637
 -648 -533 -327 -146  -44  -14   32   97   93   47  -13  -54  -40
   43  122  151  151  125   91   49   21    9999989999899998
9999899998999989999899998 -297 -317 -410 -497 -548 -574 -604 -628
 -566 -447 -276 -125  -82  -55   -9   45   28  -22  -83 -119  -91
  -19   57  100  114  100   64   26    0  -17999989999899998
9999899998999989999899998 -410 -480 -584 -687 -789 -828 -757 -663
 -524 -380 -285 -244 -209 -161 -125  -77  -81 -126 -178 -189 -156
  -86  -13   39   69   65   25   -3  -23  -37999989999899998
999989999899998999989999899998 -635 -763 -938-1048-1083 -980 -795
 -604 -499 -482 -470 -415 -324 -239 -198 -196 -234 -270 -264 -210
 -136  -69  -10   30   30   -9  -25  -28  -31999989999899998
9999899998999989999899998999989999899998-1130-1224-1249-1102 -892
 -724 -653 -684 -690 -604 -465 -335 -286 -309 -351 -369 -346 -275
 -181 -104  -44  -10    2  -21  -24   -6   15999989999899998
9999899998999989999899998999989999899998999989999899998-1075 -853
 -721 -710 -812 -828 -733 -556 -411 -362 -429 -493 -498 -453 -362
 -245 -163 -122  -94  -81  -60  -27   27   71  1209999899998
999989999899998999989999899998999989999899998999989999899998 -668
 -602 -684 -833 -861 -790 -624 -483 -457 -556 -638 -629 -555 -448
 -338 -275 -263 -278 -270 -186  -97    3   88  147  18799998
999989999899998999989999899998999989999899998999989999899998 -486
 -488 -622 -787 -847 -802 -680 -578 -584 -668 -731 -704 -620 -509
 -439 -400 -418 -449 -443 -341 -199  -56   64  149  19599998
9999899998999989999899998999989999899998999989999899998 -518 -460
 -475 -566 -726 -810 -782 -705 -683 -707 -760 -785 -735 -649 -571
 -535 -516 -531 -562 -553 -451 -296 -127   32  146  21099998
99998999989999899998999989999899998999989999899998 -613 -526 -464
 -470 -552 -687 -762 -756 -722 -713 -754 -775 -768 -719 -662 -613
 -605 -592 -594 -590 -579 -493 -355 -178   -8  110  18699998
99998999989999899998999989999899998999989999899998 -508 -439 -400
 -413 -489 -610 -682 -688 -663 -669 -711 -722 -700 -667 -629 -620
 -600 -576 -556 -547 -522 -461 -362 -211  -72   35  11699998
99998999989999899998999989999899998999989999899998 -365 -309 -288
 -310 -377 -497 -572 -589 -562 -580 -627 -629 -608 -582 -571 -578
 -541 -507 -468 -440 -427 -395 -333 -234 -146  -839999899998
99998999989999899998999989999899998999989999899998 -231 -201 -191
 -221 -293 -413 -475 -510 -488 -500 -542 -557 -539 -509 -500 -515
 -477 -432 -386 -355 -354 -342 -301 -258 -204 -186 -19299998
