tauX_total_01_2018_moy.22
 -250 -319 -388 -435 -464 -487 -462 -448 -451 -476 -517 -585 -662
 -780 -889 -978 -977 -909 -676 -470 -298 -299 -297 -3189999899998
999989999899998999989999899998999989999899998999989999899998
 -363 -437 -510 -555 -577 -581 -539 -515 -526 -557 -606 -666 -743
 -836 -919 -971 -928 -843 -684 -528 -402 -389 -390999989999899998
999989999899998999989999899998999989999899998999989999899998
 -437 -533 -607 -665 -717 -717 -678 -643 -654 -682 -739 -796 -856
 -917 -971 -983 -910 -831 -733 -605 -508 -473 -484999989999899998
999989999899998999989999899998999989999899998999989999899998
 -492 -591 -665 -741 -806 -838 -806 -772 -787 -821 -865 -920 -942
 -953 -953 -961 -905 -838 -779 -686 -570 -51299998999989999899998
999989999899998999989999899998999989999899998999989999899998
 -534 -607 -671 -750 -812 -856 -851 -858 -891 -913 -945 -958 -937
 -902 -873 -871 -903 -877 -805 -696 -562 -44999998999989999899998
999989999899998999989999899998999989999899998999989999899998
 -575 -604 -642 -688 -719 -747 -795 -848 -909 -958 -972 -920 -892
 -853 -808 -774 -842 -896 -823 -675 -480 -31399998999989999899998
999989999899998999989999899998999989999899998999989999899998
 -641 -628 -628 -618 -626 -649 -730 -815 -889 -945 -947 -887 -866
 -830 -773 -720 -772 -851 -794 -629 -397 -19299998999989999899998
999989999899998999989999899998999989999899998999989999899998
 -732 -676 -644 -603 -601 -644 -751 -835 -878 -890 -871 -843 -836
 -818 -749 -666 -685 -730 -698 -557 -324 -12599998999989999899998
999989999899998999989999899998999989999899998999989999899998
 -784 -718 -697 -689 -705 -756 -858 -918 -896 -835 -767 -779 -792
 -786 -717 -606 -557 -549 -551 -441 -245  -6999998999989999899998
999989999899998999989999899998999989999899998999989999899998
 -781 -765 -775 -830 -889 -937 -984 -978 -879 -748 -643 -672 -706
 -702 -634 -507 -396 -353 -367 -309 -164  -17   83999989999899998
999989999899998999989999899998999989999899998999989999899998
 -776 -818 -862 -952-1036-1069-1027 -930 -773 -606 -503 -525 -569
 -565 -496 -362 -242 -204 -208 -176  -80   29   99  1349999899998
999989999899998999989999899998999989999899998999989999899998
99998 -853 -925-1008-1064-1063 -938 -774 -604 -446 -368 -372 -405
 -399 -339 -237 -168 -137 -124  -90  -31   40  100  134  13399998
999989999899998999989999899998999989999899998999989999899998
99998999989999899998-1008 -956 -776 -619 -481 -357 -269 -255 -258
 -241 -214 -179 -155 -133 -106  -84  -57  -11   37   72   74   59
   98  155  205  205  160   95   51   47   45999989999899998
9999899998999989999899998 -799 -670 -586 -492 -403 -312 -208 -154
 -129 -135 -141 -151 -150 -137 -129 -131 -104  -66  -30  -11   -3
   46  104  152  162  126   80   56   66   78999989999899998
9999899998999989999899998 -657 -683 -672 -633 -574 -489 -339 -182
 -112 -116 -146 -162 -170 -176 -189 -210 -209 -178 -136  -98  -73
  -22   39   83   92   68   44   48   76  103999989999899998
999989999899998999989999899998 -793 -838 -846 -822 -736 -544 -329
 -199 -163 -198 -218 -214 -213 -238 -276 -288 -261 -211 -160 -130
  -85  -37   -9   -1   -8    6   38   85  126999989999899998
9999899998999989999899998999989999899998-1078-1021 -900 -674 -455
 -300 -230 -251 -293 -275 -251 -268 -302 -318 -299 -249 -199 -168
 -143 -125 -115 -110  -92  -28   31   88  126999989999899998
9999899998999989999899998999989999899998999989999899998 -707 -507
 -358 -293 -337 -378 -328 -256 -249 -293 -317 -311 -274 -227 -186
 -185 -190 -196 -185 -147  -61   24   81  113  1289999899998
999989999899998999989999899998999989999899998999989999899998 -462
 -359 -354 -436 -428 -350 -253 -211 -250 -314 -331 -308 -260 -212
 -216 -213 -211 -199 -158  -80    1   54  103  140  16299998
999989999899998999989999899998999989999899998999989999899998 -387
 -347 -398 -509 -473 -394 -294 -238 -259 -330 -378 -347 -311 -295
 -274 -238 -201 -178 -142  -97  -49    8   80  149  19799998
9999899998999989999899998999989999899998999989999899998 -459 -365
 -350 -421 -540 -531 -467 -382 -342 -359 -398 -438 -403 -404 -417
 -372 -321 -252 -182 -130 -118 -121  -68   24  135  22699998
99998999989999899998999989999899998999989999899998 -527 -436 -357
 -343 -395 -491 -525 -510 -480 -468 -500 -518 -466 -427 -463 -532
 -512 -463 -369 -243 -157 -165 -201 -168  -73   84  21599998
99998999989999899998999989999899998999989999899998 -444 -361 -296
 -264 -283 -345 -439 -484 -522 -572 -611 -563 -419 -386 -437 -563
 -654 -642 -522 -367 -249 -267 -305 -294 -202  -42  13299998
99998999989999899998999989999899998999989999899998 -336 -264 -206
 -155 -143 -192 -313 -401 -498 -609 -664 -519 -345 -287 -344 -524
 -729 -814 -681 -495 -354 -376 -411 -418 -345 -2109999899998
99998999989999899998999989999899998999989999899998 -241 -184 -132
  -73  -58  -86 -173 -288 -438 -579 -636 -437 -270 -167 -219 -420
 -734 -911 -780 -580 -425 -442 -492 -515 -455 -319 -17499998
