tauY_total_12_2016_ano.22
  240  180  111   36  -32  -85 -148 -201 -205 -199 -199 -394 -512
 -459 -338 -138  -32   33   28    2   25  127  207  2569999899998
999989999899998999989999899998999989999899998999989999899998
  230  156   86   11  -53 -103 -147 -183 -193 -191 -201 -332 -364
 -279 -172  -38   40  104   62   14   10   50   91999989999899998
999989999899998999989999899998999989999899998999989999899998
  203  126   59  -10  -70 -114 -139 -123 -125 -158 -184 -177 -131
  -37   70  145  155  142   77   34   22    0  -22999989999899998
999989999899998999989999899998999989999899998999989999899998
  159   94   36  -26  -85 -118  -75  -10  -18  -60 -108    4  100
  201  273  271  204  107   71   54   43  -2599998999989999899998
999989999899998999989999899998999989999899998999989999899998
  104   62   18  -38  -91 -113  -14   67   67   29  -22  111  237
  342  335  206   63  -16   26   34  -30 -10699998999989999899998
999989999899998999989999899998999989999899998999989999899998
   23   14   -7  -44  -87 -105  -30   37   62   42    8  131  245
  287  206   27 -107 -168 -113 -122 -214 -31999998999989999899998
999989999899998999989999899998999989999899998999989999899998
  -85  -62  -58  -73  -93 -111  -79  -37   -4    2    0   63  154
  138   27 -163 -253 -246 -242 -298 -439 -61399998999989999899998
999989999899998999989999899998999989999899998999989999899998
 -170 -138 -114 -104 -107 -124 -139 -121  -82  -34  -12   -3   60
   10 -127 -278 -293 -252 -295 -402 -585 -77899998999989999899998
999989999899998999989999899998999989999899998999989999899998
 -202 -167 -138 -113 -103 -118 -188 -195 -140  -83  -32    8   19
  -47 -149 -238 -224 -190 -242 -369 -549 -70799998999989999899998
999989999899998999989999899998999989999899998999989999899998
 -171 -142 -121 -104  -97  -96 -143 -197 -164  -89  -34   -2  -13
  -46 -121 -176 -154 -111 -114 -224 -380 -490 -529999989999899998
999989999899998999989999899998999989999899998999989999899998
 -106  -94  -87  -84  -72  -73  -71 -106 -111 -105  -79  -81  -90
 -103 -120 -144 -105  -57  -24  -62 -154 -245 -259 -2069999899998
999989999899998999989999899998999989999899998999989999899998
99998  -39  -52  -60  -65  -61  -55  -62 -112 -166 -191 -195 -184
 -170 -158 -137  -96  -44    1   22   -4  -66 -107 -111  -9699998
999989999899998999989999899998999989999899998999989999899998
99998999989999899998  -80  -71  -67  -68 -122 -201 -260 -268 -246
 -200 -144 -120  -71  -18   32   65   41   -8  -39  -45  -45  -19
   33   55   87  131  176  185  172  145  102999989999899998
9999899998999989999899998  -91  -72  -57  -85 -142 -210 -234 -191
 -119  -71  -50  -14   27   54   44   12  -15  -19   -4    7    8
    7   -6   -5   26   66   95   93   73   47999989999899998
9999899998999989999899998 -117  -65  -27  -18  -61 -103 -106  -58
   14   56   39   39   67   67   11  -35  -33   34   87  104   65
   -1  -52  -82  -76  -37    6   32   25   21999989999899998
999989999899998999989999899998  -56   10   48   47   12   36   90
  145  146  113   75   73   61   17  -33   42  157  241  260  200
   53  -48 -104 -104  -55    2   28   11    1999989999899998
9999899998999989999899998999989999899998  132  113   83  131  188
  226  208  143  100   84   81   57   36  150  276  381  411  347
  176   32  -23   -9   40   81   77   32   -6999989999899998
9999899998999989999899998999989999899998999989999899998  189  252
  275  241  154   93   84  112  111  110  218  325  420  466  414
  284  143  114  132  168  175  137   71    4  -259999899998
999989999899998999989999899998999989999899998999989999899998  269
  271  218  121   60   50   94  135  146  205  274  343  362  338
  282  214  209  222  245  207  157   92   23  -25  -4599998
999989999899998999989999899998999989999899998999989999899998  213
  209  145   66   10   -8   30   74   97  105  130  155  163  160
  165  199  219  228  219  184  148  101   37  -18  -4999998
9999899998999989999899998999989999899998999989999899998  107  128
  118   86   38  -14  -41  -32   -6   30    4   -7  -28  -38  -23
   67  153  173  179  161  151  130   96   50   -3  -5099998
99998999989999899998999989999899998999989999899998   18   24   38
   39   38   33   -7  -35  -51  -29   11    6  -27  -89 -129  -87
   40  132  152  151  136  135  126  100   71   24  -3299998
99998999989999899998999989999899998999989999899998  -72  -79  -66
  -34   -3   25   25   13    1   23   57   68   37  -32  -87  -68
   34  118  160  165  143  142  138  126   97   48    299998
99998999989999899998999989999899998999989999899998 -178 -173 -156
 -103  -35   35   85  104  117  126  155  151  107   43  -19  -41
   34  109  169  192  182  169  159  150  120   869999899998
99998999989999899998999989999899998999989999899998 -269 -242 -214
 -151  -61   43  142  211  241  267  285  211  151   88    9  -28
   22   97  170  201  210  186  169  160  133  118  12999998
