tauY_total_03_2017_ano.22
 -422 -330 -250 -118  -15   46  -78 -186 -320 -430 -480 -313 -162
 -112 -108 -143 -271 -403 -421 -419 -404 -451 -501 -5699999899998
999989999899998999989999899998999989999899998999989999899998
 -266 -198 -135  -45   37   81  -17 -139 -271 -352 -362 -242 -100
  -17    4  -24 -172 -300 -376 -396 -401 -414 -440999989999899998
999989999899998999989999899998999989999899998999989999899998
 -114  -67  -22   42  115  138   55  -60 -183 -275 -270 -145   -7
  104  177  164   23 -109 -217 -281 -306 -326 -342999989999899998
999989999899998999989999899998999989999899998999989999899998
   -6   22   57  116  164  190  126    9 -114 -201 -215  -88   42
  179  280  281  158   30  -64 -164 -222 -23299998999989999899998
999989999899998999989999899998999989999899998999989999899998
   37   49   90  153  207  222  164   48  -86 -183 -223 -131  -28
  109  177  196  123   33  -29 -103 -160 -19999998999989999899998
999989999899998999989999899998999989999899998999989999899998
   22   54  111  186  239  241  139   26 -118 -250 -310 -270 -197
 -115  -57  -47  -53  -81  -98 -112 -142 -18499998999989999899998
999989999899998999989999899998999989999899998999989999899998
  -30   45  117  192  249  233  106  -47 -202 -320 -353 -348 -334
 -335 -297 -274 -248 -201 -175 -146 -142 -19499998999989999899998
999989999899998999989999899998999989999899998999989999899998
 -118   -7   74  144  187  181   50 -114 -242 -280 -286 -320 -357
 -423 -463 -445 -374 -272 -192 -134 -107 -13199998999989999899998
999989999899998999989999899998999989999899998999989999899998
 -212 -122  -46   23   78   76  -28 -147 -199 -202 -175 -206 -272
 -370 -461 -468 -358 -236 -115  -33  -13  -1599998999989999899998
999989999899998999989999899998999989999899998999989999899998
 -298 -254 -189 -121  -61  -38 -101 -157 -152 -114  -57  -68 -136
 -253 -360 -381 -270 -153  -42   44   67   58   18999989999899998
999989999899998999989999899998999989999899998999989999899998
 -368 -358 -310 -246 -188 -156 -158 -151 -102  -23   46   50  -21
 -162 -277 -297 -218 -112  -14   43   76   43  -15  -729999899998
999989999899998999989999899998999989999899998999989999899998
99998 -391 -358 -303 -271 -237 -188 -145  -82   23  101   91    2
 -141 -258 -282 -221 -129  -37   35   60   26  -17  -53  -8099998
999989999899998999989999899998999989999899998999989999899998
99998999989999899998 -301 -281 -204 -146  -74   14   86   52  -34
 -139 -232 -259 -221 -143  -51   36   57   48   21   -9  -29  -30
  -33  -37   -7   59  131   97   33  -66 -164999989999899998
9999899998999989999899998 -315 -258 -189 -102  -33    3   -6  -50
 -106 -159 -193 -162  -89   -3   57   85   81   64   39   22   14
    1  -24  -15   30   82   86   42  -29 -105999989999899998
9999899998999989999899998 -355 -305 -231 -154  -89  -58  -45  -36
  -54  -78  -81  -48    5   66  117  139  132  107   78   74   78
   47    3  -26   -7   38   70   58   15  -32999989999899998
999989999899998999989999899998 -330 -259 -191 -145 -112  -61  -14
   19   40   62  102  134  163  189  183  158  109   83   96  127
   90   34  -24  -47    2   60   70   38   11999989999899998
9999899998999989999899998999989999899998 -208 -180 -121  -37   31
   99  166  208  236  256  255  226  195  128   44   22   46   97
   93   43  -15  -32    1   54   76   46   13999989999899998
9999899998999989999899998999989999899998999989999899998   21   77
  150  226  274  306  311  286  237  195   83  -16  -53  -25   38
   60   51   20   15   43   79   74   33   -3  -149999899998
999989999899998999989999899998999989999899998999989999899998  118
  155  198  254  275  268  241  220  200   91  -17  -84  -66   -1
   59   81   68   82  120   97   63   23   -4   -6   1299998
999989999899998999989999899998999989999899998999989999899998  100
  107  142  182  205  198  184  209  242  176   74  -20  -39    3
   62   91   98  123  154  119   56   15    0   21   4799998
9999899998999989999899998999989999899998999989999899998   62   54
   55   73  116  135  130  144  200  290  293  221  122   50   38
   66   66   78  116  144  117   33  -20  -13   42   9399998
99998999989999899998999989999899998999989999899998   56   18    0
    1   27   67   77   75  107  181  272  357  348  252  153  100
   55   33   43   73  105   66    9  -30  -17   37  10099998
99998999989999899998999989999899998999989999899998   21  -14  -38
  -31   -4   43   42   33   58  118  209  297  328  257  175  110
   41    4    6   33   71   46   25    5   14   51   9499998
99998999989999899998999989999899998999989999899998    2  -30  -54
  -50  -16   26   18   -3   -4   45  127  210  247  204  146  101
   36   -7   -8   18   60   70   65   54   61   929999899998
99998999989999899998999989999899998999989999899998   10  -28  -53
  -56  -32    8   -5  -34  -54  -24   53  136  175  159  132  100
   56   12    2   29   70  108  115  112  116  137  17499998
