tauY_total_06_2014_ano.22
   15  114  181  259  307  310  195   85    0  -61  -87  -42   -4
   32   39   23 -129 -260 -287 -270 -217 -153 -103 -1029999899998
999989999899998999989999899998999989999899998999989999899998
   24  101  165  226  259  263  181   80    7  -36  -60  -26    3
   22   19   -7 -149 -257 -297 -304 -276 -226 -178999989999899998
999989999899998999989999899998999989999899998999989999899998
   30   85  147  199  261  293  241  144   39  -25  -44  -35  -15
   -7    7  -22 -109 -191 -258 -299 -297 -310 -300999989999899998
999989999899998999989999899998999989999899998999989999899998
   45   85  146  229  343  413  390  303  145    2  -41  -49  -44
  -28  -16  -24  -57 -116 -199 -266 -302 -36599998999989999899998
999989999899998999989999899998999989999899998999989999899998
   68   97  152  291  427  520  531  468  273   66  -35  -60  -66
  -47  -40  -44  -49  -92 -165 -229 -296 -40999998999989999899998
999989999899998999989999899998999989999899998999989999899998
   82  105  145  285  399  484  515  446  270  102  -18  -34  -54
  -62  -68  -76  -98 -143 -196 -248 -287 -40899998999989999899998
999989999899998999989999899998999989999899998999989999899998
   80   93  114  186  272  320  307  236  127   12  -25  -23  -40
  -76 -109 -137 -192 -240 -261 -266 -259 -34499998999989999899998
999989999899998999989999899998999989999899998999989999899998
   80   71   69   49   75   90   42  -30  -89 -105  -64  -55  -48
  -88 -137 -187 -266 -286 -271 -232 -190 -19599998999989999899998
999989999899998999989999899998999989999899998999989999899998
   85   54   22  -42  -89 -102 -153 -213 -229 -168 -108  -83  -63
  -83 -128 -176 -210 -220 -191 -131  -68  -3399998999989999899998
999989999899998999989999899998999989999899998999989999899998
   87   39  -22  -81 -146 -182 -220 -256 -253 -191 -134  -76  -38
  -31  -62 -101 -115 -108  -66  -19   24   62   74999989999899998
999989999899998999989999899998999989999899998999989999899998
   96   16  -59 -120 -164 -187 -200 -216 -218 -202 -141  -45   11
   33   19  -28  -45  -34   11   48   61   72   99  1569999899998
999989999899998999989999899998999989999899998999989999899998
99998  -23 -101 -173 -199 -181 -166 -167 -175 -166 -124  -17   54
   79   58    7  -12    2   45   71   70   74   96  176  27399998
999989999899998999989999899998999989999899998999989999899998
99998999989999899998 -203 -150 -121 -107 -116 -114  -90  -17   54
   74   47   10    2   32   74   98   79   71   85  158  202  227
  192  147   91   31   -9  -11   47  115  162999989999899998
9999899998999989999899998  -52  -28  -33  -56  -68  -55  -30    7
   23   23   14   36   78  124  153  119   86   85  106  126  140
  127  117   97   71   57   79  135  204  264999989999899998
9999899998999989999899998  122   78   42    6  -30  -55  -58  -33
    4   25   41   74  130  184  214  204  127   98   50   60   65
   96  119  127  136  151  188  232  283  336999989999899998
999989999899998999989999899998  173   97   28  -56  -97 -105  -75
  -11   37   58   92  145  204  272  240  166  134   78   34   45
  103  150  190  242  267  302  301  302  319999989999899998
9999899998999989999899998999989999899998  -24 -115 -162 -142  -93
  -22   33   32   36   78  170  153  108   88   82  109   88   79
  124  188  275  338  365  355  298  246  209999989999899998
9999899998999989999899998999989999899998999989999899998 -148  -72
  -15   -8  -47  -76  -62    3   46   50   40   24   37   73   88
  114  169  274  356  410  332  238  150   77   399999899998
999989999899998999989999899998999989999899998999989999899998   -3
   -9  -49 -120 -174 -163  -82   14   40   26    1  -18  -16   12
   46   86  173  297  401  301  191   85    8  -22  -2099998
999989999899998999989999899998999989999899998999989999899998   62
    5  -86 -182 -208 -178  -71   34   71   44    8  -37  -65  -60
  -33   11   86  202  310  292  223  123   47   11   -799998
9999899998999989999899998999989999899998999989999899998  144   98
   11 -103 -168 -160 -110   -5   83  112   77   26  -34  -77  -89
  -62  -18   40  120  214  306  313  248  194  145   9599998
99998999989999899998999989999899998999989999899998  218  129   57
  -16  -77  -86  -46   14   86  139  143   97   28  -40  -91  -79
  -43    4   54  103  149  291  375  388  365  346  29799998
99998999989999899998999989999899998999989999899998  116   40  -20
  -45  -31   19   97  163  168  160  144   72  -19  -85 -100  -50
   17   72  107  119  141  233  342  435  508  518  50199998
99998999989999899998999989999899998999989999899998   16  -32  -73
  -64   -2  100  230  300  233  165  121    9  -89 -127  -95  -26
   69  143  159  155  152  180  261  416  563  6609999899998
99998999989999899998999989999899998999989999899998  -50  -62  -86
  -58   19  140  271  395  333  198  103  -44 -131 -141  -98  -20
  106  200  208  190  156  133  174  380  591  767  92399998
