tauY_total_12_2015_ano.22
  170  135  101  100  104  105   10  -80 -126 -136 -103 -121 -127
  -68   13  122  186  218  203  191  200  226  253  2649999899998
999989999899998999989999899998999989999899998999989999899998
  189  130   89   82   81   72  -12  -92 -144 -160 -132 -141 -144
 -123  -60   33   81  107  101   99  128  173  206999989999899998
999989999899998999989999899998999989999899998999989999899998
  188  125   81   64   51   26  -52 -122 -169 -178 -147 -139 -147
 -175 -170  -88  -44  -26  -26   -4   59  111  149999989999899998
999989999899998999989999899998999989999899998999989999899998
  175  126   83   47    4  -33 -103 -174 -208 -192 -146 -112 -111
 -177 -255 -239 -186 -153 -120  -41   17   6699998999989999899998
999989999899998999989999899998999989999899998999989999899998
  151  134   88   24  -32  -81 -157 -224 -230 -194 -141  -89  -69
  -96 -159 -229 -213 -167  -89  -28   19   4199998999989999899998
999989999899998999989999899998999989999899998999989999899998
  133  123   86   21  -43 -105 -169 -218 -209 -173 -123  -82  -59
  -86 -129 -158 -158 -124  -60   -3   34   4499998999989999899998
999989999899998999989999899998999989999899998999989999899998
  126  102   67   10  -52 -108 -160 -185 -178 -141  -97  -69  -78
 -127 -145 -135 -101  -67  -18   27   55   5099998999989999899998
999989999899998999989999899998999989999899998999989999899998
  118   79   39   -3  -54  -94 -122 -133 -122  -74  -40  -49  -92
 -145 -168 -138  -67  -19   14   44   60   5599998999989999899998
999989999899998999989999899998999989999899998999989999899998
   93   54   14  -20  -46  -61  -72  -87  -66  -22   17  -29 -100
 -157 -181 -136  -53    6   22   34   44   4499998999989999899998
999989999899998999989999899998999989999899998999989999899998
   55   23  -23  -57  -56  -46  -61 -103  -85  -37   25  -26 -118
 -194 -203 -137  -51   10   17   11   12   18   17999989999899998
999989999899998999989999899998999989999899998999989999899998
   16  -32  -85 -110 -115 -105 -150 -197 -171  -91  -20  -53 -138
 -223 -225 -130  -34    9   -1  -16  -10  -11  -11  -359999899998
999989999899998999989999899998999989999899998999989999899998
99998 -105 -153 -185 -199 -183 -215 -242 -229 -140  -65  -81 -149
 -217 -208  -99  -12   15   -7  -30  -35  -36  -44  -68  -9999998
999989999899998999989999899998999989999899998999989999899998
99998999989999899998 -254 -221 -216 -214 -200 -155  -84  -92 -145
 -183 -142  -57   17   32   -2  -32  -43  -47  -53  -58  -58  -49
  -27   -3    7  -17  -72 -125 -139 -128 -118999989999899998
9999899998999989999899998 -220 -177 -158 -135 -100  -52  -59 -103
 -117  -82  -16   37   38   -5  -43  -52  -46  -15   18   32   27
   46   65   53   11  -47  -98 -123 -114  -84999989999899998
9999899998999989999899998 -172 -107  -87  -68  -17   20   14  -25
  -45  -22   32   46   28  -20  -63  -68  -15   66  129  153  142
  133  130  102   59    5  -39  -62  -56  -36999989999899998
999989999899998999989999899998  -44  -20    9   38   72   69   46
   24   35   62   45    7  -44  -86  -85   19  116  191  229  222
  189  157  133   94   55   26    5    5   14999989999899998
9999899998999989999899998999989999899998   51   67   99  110   91
   67   56   59   38   -2  -54  -90  -84   11   94  164  206  201
  169  130  122  110  101   86   69   54   43999989999899998
9999899998999989999899998999989999899998999989999899998  140  102
   65   42   41   34   11  -31  -61  -65  -16   24   65   98  112
   85   63   73   91  120  132  114   74   45   439999899998
999989999899998999989999899998999989999899998999989999899998   71
   38   24   25   36   39   20   -7  -28  -57  -64  -52  -28   -7
    0    4    6   42   90  102  105   74   40   24   1999998
999989999899998999989999899998999989999899998999989999899998   23
   20   19   25   48   71   73   54   16  -74 -123 -136 -122  -92
  -54  -34  -36  -39   -9   36   51   45   33   16    399998
9999899998999989999899998999989999899998999989999899998  -24   -1
   22   25   17   43   79  105   96   55  -44 -125 -157 -153 -113
  -68  -38  -38  -52  -60  -12   39   56   54   58   4899998
99998999989999899998999989999899998999989999899998 -109  -59   15
   63   49   -6    0   40   91  109   75   -7  -83 -122 -131 -105
  -64  -18   -6  -18  -22   20   59   80  127  158  16399998
99998999989999899998999989999899998999989999899998 -165  -44   68
  121  110   21  -44  -33   43   93   82   22  -40  -81 -106  -99
  -48    8   46   73   78   80   90  133  194  251  29999998
99998999989999899998999989999899998999989999899998 -215  -20  129
  194  178   69  -51 -112  -19   65   78   41   -4  -56  -92  -97
  -37   33  116  177  197  156  128  189  264  3549999899998
99998999989999899998999989999899998999989999899998 -259    4  185
  268  257  132  -41 -170  -79   35   52   35   12  -46  -93 -110
  -36   51  173  274  318  220  154  216  308  429  58299998
