tauY_total_03_2015_ano.22
  -75 -174 -179 -151 -111  -56  120  261  327  332  298  278  255
  289  278  198 -166 -480 -483 -359 -134  -78  -53 -1789999899998
999989999899998999989999899998999989999899998999989999899998
  -95  -97  -71  -34    5   54  169  264  295  286  236  213  193
  213  178   75 -290 -544 -577 -504 -334 -208 -128999989999899998
999989999899998999989999899998999989999899998999989999899998
  -97  -20   34   82  124  158  217  255  249  205  139  109   88
   79   45  -73 -352 -543 -598 -556 -425 -306 -207999989999899998
999989999899998999989999899998999989999899998999989999899998
  -80   42  110  168  211  231  228  216  178  109   33   -1  -16
  -40 -107 -216 -365 -473 -523 -485 -420 -33299998999989999899998
999989999899998999989999899998999989999899998999989999899998
  -26   60  127  183  222  212  179  140   84   24  -34  -58  -64
  -94 -175 -302 -331 -357 -349 -327 -304 -33099998999989999899998
999989999899998999989999899998999989999899998999989999899998
   50   75  110  140  142  124   75   39    1  -32  -57  -34  -29
  -87 -201 -326 -352 -337 -273 -219 -214 -25499998999989999899998
999989999899998999989999899998999989999899998999989999899998
   60   49   57   60   51   34  -15  -57  -71  -64  -32   20   30
  -54 -197 -352 -419 -389 -277 -192 -184 -22899998999989999899998
999989999899998999989999899998999989999899998999989999899998
    4  -11  -22  -31  -28  -34  -79 -127 -123  -62   10   74   85
  -23 -206 -376 -458 -418 -291 -194 -169 -19199998999989999899998
999989999899998999989999899998999989999899998999989999899998
  -57  -72  -96 -111  -99  -76 -114 -166 -152  -83    9   85   95
  -26 -221 -392 -425 -369 -257 -165 -121 -12499998999989999899998
999989999899998999989999899998999989999899998999989999899998
  -99 -137 -177 -188 -166 -117 -130 -169 -167 -114  -34   32   45
  -68 -278 -428 -400 -298 -179  -86  -68  -75 -116999989999899998
999989999899998999989999899998999989999899998999989999899998
 -103 -190 -252 -267 -227 -155 -129 -141 -161 -135  -76  -39  -43
 -164 -354 -467 -369 -239 -104  -24  -23  -68 -106 -1139999899998
999989999899998999989999899998999989999899998999989999899998
99998 -229 -303 -319 -271 -193 -127 -102 -127 -126  -88  -78 -106
 -231 -389 -469 -366 -228  -83   -8  -20  -75 -102 -105 -11399998
999989999899998999989999899998999989999899998999989999899998
99998999989999899998 -315 -217 -125  -80  -86  -79  -54  -43  -71
 -175 -311 -398 -357 -241 -109  -24  -43  -84 -104  -96  -90  -82
  -45  -12   34   79  111   78   33  -16  -68999989999899998
9999899998999989999899998 -226 -126  -84  -59  -31    0   15    1
  -72 -199 -296 -289 -202  -92  -19  -66 -111 -116  -88  -65  -46
  -31  -18    8   39   62   54   30    1  -32999989999899998
9999899998999989999899998 -228 -171 -129  -74  -18   29   62   67
   13  -94 -192 -187 -104    2   39  -50 -153 -130  -68  -22   -2
  -11  -15  -12    1   20   32   41   36   22999989999899998
999989999899998999989999899998 -239 -188 -114  -38   28   87  107
   63  -29 -112 -104  -28   75   79  -46 -137 -141  -52   14   34
   10   -7  -20  -27  -10   31   65   82   98999989999899998
9999899998999989999899998999989999899998 -157  -59   26   97  121
   80    2  -66  -54    5   63   60  -27 -110 -140  -74  -10   21
   22    8   -9  -18   -4   51   98  129  151999989999899998
9999899998999989999899998999989999899998999989999899998   98  116
   76   17  -36  -26    9   31   24  -34  -95 -113  -80  -42  -13
    6   26   33   30   31   79  121  148  143  1059999899998
999989999899998999989999899998999989999899998999989999899998  114
   89   57   33   22   38   42   23  -22  -65  -61  -53  -39  -35
   -3   49   85   97   99  110  134  139  116   62    899998
999989999899998999989999899998999989999899998999989999899998  111
  118  118  113   97  101   99   65   19    4    5   -5  -28  -40
   -2   45   94  139  154  148  142  123   79   22  -2899998
9999899998999989999899998999989999899998999989999899998   74   90
  126  134  115  121  149  177  140   92   71   53   28   -8  -34
  -11   24   84  141  173  176  151  102   46   20   -599998
99998999989999899998999989999899998999989999899998   37   56   63
   70   33    4   39  100  160  185  140   90   46   28   -1  -28
  -23   -5   47  106  149  153  141  106   82  111  13799998
99998999989999899998999989999899998999989999899998   28   30   18
  -54 -142 -197 -116  -12   87  151  145   76   18   12    5  -18
  -49  -53  -25   10   56   74   90  121  193  263  33399998
99998999989999899998999989999899998999989999899998    4   -2  -34
 -204 -373 -456 -319 -154    3  111  131   68   17   18   13   -7
  -76 -115 -127 -109  -67  -32   22  143  292  4449999899998
99998999989999899998999989999899998999989999899998   -8  -35  -77
 -328 -612 -734 -495 -271  -55   99  126   80   39   40   44   24
  -80 -164 -227 -232 -186 -131  -57  146  372  608  83299998
