tauY_total_07_2017_ano.22
   56   91   92  111  126  135   54  -54 -242 -393 -512 -489 -441
 -375 -278 -212 -509 -743 -589 -379 -192 -186 -202 -3189999899998
999989999899998999989999899998999989999899998999989999899998
   81   78   54   56   73   80   17  -76 -219 -351 -429 -416 -366
 -274 -165 -120 -364 -534 -480 -367 -233 -209 -206999989999899998
999989999899998999989999899998999989999899998999989999899998
   92   32  -10  -20  -14    0  -26  -79 -171 -264 -316 -296 -245
 -151  -47  -13 -192 -339 -368 -339 -263 -235 -228999989999899998
999989999899998999989999899998999989999899998999989999899998
   73  -23  -75  -95 -100  -72  -60  -66 -110 -156 -189 -169 -137
  -63  -13   -1  -99 -207 -277 -308 -284 -25499998999989999899998
999989999899998999989999899998999989999899998999989999899998
   25  -65 -115 -137 -131  -96  -31  -16  -40  -50  -46  -58  -76
  -65  -63  -64  -95 -160 -231 -261 -272 -30099998999989999899998
999989999899998999989999899998999989999899998999989999899998
   -2  -48  -78  -97  -70  -31   11   42   44   39   37    2  -36
  -89 -128 -149 -169 -189 -223 -244 -252 -30799998999989999899998
999989999899998999989999899998999989999899998999989999899998
   31   36   22   15   22   54   75   85  101  112   99   44  -13
 -104 -175 -216 -233 -233 -225 -218 -212 -25799998999989999899998
999989999899998999989999899998999989999899998999989999899998
   86  109  111  115  108  109  116  118  139  143  125   64  -10
  -92 -166 -210 -212 -213 -192 -152 -128 -14099998999989999899998
999989999899998999989999899998999989999899998999989999899998
  113  121  129  132  128  113  123  128  134  130  104   51   -6
  -50  -91 -107 -115 -126 -120  -80  -40  -1499998999989999899998
999989999899998999989999899998999989999899998999989999899998
   97   94   98   94   90   87   90   97   89   67   39    9  -17
  -15   12   33   16  -11  -30  -22   22   69   90999989999899998
999989999899998999989999899998999989999899998999989999899998
   30   26   30   36   44   58   63   68   51   18  -20  -37  -38
    3   84  155  151   95   41   28   65  106  141  1569999899998
999989999899998999989999899998999989999899998999989999899998
99998  -46  -32    0   32   52   63   90   89   55   22   -3  -28
   13  127  226  235  176   99   49   67  110  155  193  21699998
999989999899998999989999899998999989999899998999989999899998
99998999989999899998   32   52   98  147  176  208  208  126   46
   46  118  213  239  200  107   21   16   72  123  164  155  128
  128  142  139  117   72   66   88  163  258999989999899998
9999899998999989999899998   30  107  145  208  305  396  311  168
   84   75  126  158  147   67  -11  -36   12   72  103   98   56
   40   41   53   61   57   71  102  160  227999989999899998
9999899998999989999899998  -29    8   27  141  307  456  456  315
  149   32    5   36   56   28  -15  -26   10   54   63   60   10
  -32  -38  -10   26   56   82  125  162  192999989999899998
999989999899998999989999899998 -173 -151   12  237  452  520  442
  225   10  -83  -76  -43   -5   41   52   75  114  120   81   25
  -36  -67  -49   15   62  109  140  150  141999989999899998
9999899998999989999899998999989999899998 -195  122  410  544  527
  308   68  -76 -108  -83    5  107  145  175  215  256  213  143
   44  -23  -41  -13   51  109  123  111   77999989999899998
9999899998999989999899998999989999899998999989999899998  575  582
  411  222   73  -11  -18   58  154  201  238  267  310  315  262
  148   41  -20  -36   32   89  116   94   28  -709999899998
999989999899998999989999899998999989999899998999989999899998  585
  485  371  265  170  108  119  147  183  209  221  237  253  245
  149   53  -14  -14   39  111  159  125   43  -61 -19499998
999989999899998999989999899998999989999899998999989999899998  493
  469  421  365  282  189  127   97   95  115  121  121  122  119
   72   33   14   21   67  149  209  184  100  -14 -12699998
9999899998999989999899998999989999899998999989999899998  401  397
  400  388  352  274  198  107   32   22   32   37   17    7   -7
   -1    0   15   39   83  176  234  234  178   85    399998
99998999989999899998999989999899998999989999899998  372  340  342
  331  319  301  223  150   59   18   35   41   48    9  -40  -84
  -58  -33   -6   40   96  186  249  277  260  204  14599998
99998999989999899998999989999899998999989999899998  269  275  293
  290  287  256  184   98   42   50  100  148  153   91    3  -69
  -86  -66  -23   43  109  186  267  319  327  301  26399998
99998999989999899998999989999899998999989999899998  138  219  266
  298  305  278  187   83   66  106  176  254  275  211  106   -3
  -77  -89  -22   63  151  226  314  369  386  3839999899998
99998999989999899998999989999899998999989999899998    9  163  254
  335  370  348  210   94   94  145  239  331  364  313  208   74
  -66 -108    5  110  217  325  427  450  450  438  48599998
