tauY_total_02_2017_ano.22
  383  147   68  232  416  622  728  735  559  287   16  -93 -192
 -116   -4  128   35 -113 -309 -427 -451 -287 -155  -709999899998
999989999899998999989999899998999989999899998999989999899998
  228   90   45  152  298  458  496  463  310  139   32  -93 -174
 -135  -25   92   54  -38 -227 -385 -415 -284 -168999989999899998
999989999899998999989999899998999989999899998999989999899998
   87   40   21   62  161  274  268  208  117   44   48  -55 -128
 -115  -33   84  102   48 -130 -280 -333 -266 -186999989999899998
999989999899998999989999899998999989999899998999989999899998
   -5   19   18   15   67  127   96   30    9   40   61  -13  -84
  -87  -33   84  145  100  -57 -188 -257 -24899998999989999899998
999989999899998999989999899998999989999899998999989999899998
  -21    7   37   57   61   53   22   -6   15   55   83   31  -51
  -79  -39   45   97   61  -46 -157 -229 -27799998999989999899998
999989999899998999989999899998999989999899998999989999899998
  -12   13   47   70   68   54   36   16   32   70  104   65  -24
  -92  -96  -50  -30  -66 -142 -216 -273 -32999998999989999899998
999989999899998999989999899998999989999899998999989999899998
  -58  -17   19   46   56   46   27    9   30   73  109   78   -9
 -118 -184 -188 -199 -217 -267 -313 -367 -43499998999989999899998
999989999899998999989999899998999989999899998999989999899998
 -150 -100  -49   -8    8    1  -20  -28    9   67  108   67   -7
 -127 -239 -314 -337 -333 -352 -392 -445 -50099998999989999899998
999989999899998999989999899998999989999899998999989999899998
 -252 -191 -124  -73  -43  -39  -62  -61  -10   53  100   74    9
 -116 -246 -338 -370 -373 -383 -393 -422 -45299998999989999899998
999989999899998999989999899998999989999899998999989999899998
 -346 -266 -216 -170 -114  -64  -72  -80  -47   19   70   67   15
  -96 -227 -317 -356 -354 -331 -311 -319 -318 -295999989999899998
999989999899998999989999899998999989999899998999989999899998
 -411 -381 -365 -312 -230 -157 -100 -104  -93  -65  -13   17  -14
  -95 -184 -267 -297 -280 -223 -189 -181 -175 -144  -899999899998
999989999899998999989999899998999989999899998999989999899998
99998 -499 -512 -459 -379 -277 -186 -148 -152 -144 -117  -78  -71
 -105 -164 -209 -216 -183 -110  -60  -65  -61  -32    3   1199998
999989999899998999989999899998999989999899998999989999899998
99998999989999899998 -523 -382 -272 -186 -184 -207 -212 -173 -145
 -139 -143 -157 -129  -74  -11   13    2   -4   15   36   39   33
   17    1  -12  -28  -43  -70  -87  -97 -107999989999899998
9999899998999989999899998 -461 -297 -171 -153 -174 -192 -205 -201
 -183 -154 -129  -57    1   33   30   -3  -12   -1   30   48   46
   31    8   -9  -26  -44  -62  -78  -80  -82999989999899998
9999899998999989999899998 -478 -218 -101  -57  -44  -66 -124 -174
 -176 -141  -66   22   62   48   20  -17  -31  -21   17   57   62
   47   26    1  -24  -42  -54  -54  -48  -39999989999899998
999989999899998999989999899998 -113   -2   78  103   79  -10  -76
  -77  -10   73  135  146   85   34    8    0   13   38   70   81
   69   53   24   -9  -34  -34  -19   -5   12999989999899998
9999899998999989999899998999989999899998  198  197  180  109   48
   64  145  240  259  220  140   75   61   67   74   76   83  100
   95   89   65   25  -14  -10   14   38   61999989999899998
9999899998999989999899998999989999899998999989999899998  211  162
  185  257  357  348  263  167  109  116  136  129  102   89   99
  127  127  108   61    3    2   20   57   84   999999899998
999989999899998999989999899998999989999899998999989999899998  230
  227  285  378  361  265  162  103  138  175  155  105   82  104
  149  163  133   79   22  -12  -13   27   65   81   8599998
999989999899998999989999899998999989999899998999989999899998  202
  178  229  304  305  237  135   78  107  128  122   86   81  112
  157  180  146   93   36  -18  -22   16   45   45   5199998
9999899998999989999899998999989999899998999989999899998  187  133
  109  128  194  223  202  125   71   58   53   59   74  105  128
  161  178  148  104   60   30   36   56   55   38   1999998
99998999989999899998999989999899998999989999899998  207  122   66
   40   50  104  165  191  161  113   82   75   82  116  137  128
  129  134  131  104   89  104  134  138  106   52   1299998
99998999989999899998999989999899998999989999899998  119   62   14
  -13   -5   42  117  170  173  163  143  156  158  158  129   90
   51   39   62   83  103  173  230  225  166   89   2399998
99998999989999899998999989999899998999989999899998   51   17  -18
  -45  -46  -19   56  120  163  190  197  215  218  175  106   26
  -34  -56  -20   36   97  208  289  278  213  1339999899998
99998999989999899998999989999899998999989999899998   22    5  -23
  -56  -70  -63  -15   55  147  206  228  257  264  186   80  -27
 -103 -133  -89  -11   72  212  314  311  246  164   8099998
