tauY_total_05_2014_ano.22
 -229 -189 -134  -51   12   51   29   -3   12   48  106  195  214
  229  235  248  137    8 -117 -218 -293 -302 -317 -3459999899998
999989999899998999989999899998999989999899998999989999899998
 -205 -140  -82  -21   40   80   15  -53  -71  -33   37   93  113
  103   88   73   13  -45 -120 -200 -269 -296 -308999989999899998
999989999899998999989999899998999989999899998999989999899998
 -161  -91  -36   28  103  136   46  -67 -122 -120  -35   -7   -4
  -52  -93 -102  -84  -78 -113 -159 -203 -262 -299999989999899998
999989999899998999989999899998999989999899998999989999899998
 -110  -50   -1   80  159  199   72  -66 -151 -161 -107  -85  -87
 -163 -224 -235 -149  -97  -96 -113 -155 -21899998999989999899998
999989999899998999989999899998999989999899998999989999899998
  -60  -36    9  105  181  207   89  -40 -134 -165 -123  -96  -94
 -165 -218 -238 -149  -88  -81  -97 -157 -23199998999989999899998
999989999899998999989999899998999989999899998999989999899998
  -24  -16   10   75  125  140   57  -33  -96 -118  -87  -34  -17
  -57  -94 -105  -78  -77  -99 -147 -209 -28799998999989999899998
999989999899998999989999899998999989999899998999989999899998
   -2    8   22   30   48   48    5  -41  -67  -56   -7   55   70
   46   35   29  -22  -69 -120 -186 -252 -32999998999989999899998
999989999899998999989999899998999989999899998999989999899998
   20   37   45   23    1  -11  -23  -38  -23   29   69   85   73
   68   56   43  -14  -62 -120 -184 -240 -27999998999989999899998
999989999899998999989999899998999989999899998999989999899998
   49   59   57   34    8   -9    5   10   41   80   98   61   17
    0   -9   -9  -19  -40  -83 -123 -153 -17099998999989999899998
999989999899998999989999899998999989999899998999989999899998
   75   64   49   38   28   23   37   46   59   68   55   -4  -61
  -97 -103  -95  -61  -27  -19  -41  -61  -87 -121999989999899998
999989999899998999989999899998999989999899998999989999899998
   92   50   22   19   26   35   38   38   23   -1  -22  -75 -123
 -166 -186 -172 -106  -45   -4   20   -4  -60 -110 -1389999899998
999989999899998999989999899998999989999899998999989999899998
99998   21  -17  -27  -17   -5  -13  -21  -50  -77  -92 -110 -136
 -172 -202 -195 -133  -71  -16   18    9  -58 -107 -115 -11199998
999989999899998999989999899998999989999899998999989999899998
99998999989999899998 -103  -97 -102 -112 -126 -132 -121 -106 -122
 -155 -167 -166 -130  -88  -48   -7   40   28  -10  -38  -41  -53
  -60  -49  -41  -23   -8   13   43   76  102999989999899998
9999899998999989999899998 -220 -209 -200 -179 -143 -111 -100 -105
 -124 -138 -131 -114  -99  -62   31  130  196  194  121   42   -6
  -44  -66  -59  -39  -19   13   40   63   76999989999899998
9999899998999989999899998 -365 -312 -273 -213 -134  -71  -54  -71
  -92  -93  -73  -85  -85  -23  100  246  385  430  312  163   63
  -15  -64  -72  -59  -42  -12   16   32   33999989999899998
999989999899998999989999899998 -383 -299 -197  -91  -10    9   -8
  -30  -29   -2  -31  -42   27  153  315  484  546  431  250  120
   14  -34  -45  -48  -38  -13  -17  -31   -9999989999899998
9999899998999989999899998999989999899998 -159  -47   50   74   63
   41   31   45   30    3   46  150  288  404  424  347  201  110
   52   40   36   50   55   20  -23  -54  -39999989999899998
9999899998999989999899998999989999899998999989999899998  146  135
  110   87   90   77   31   16   89  179  214  187  123   60   39
   62   94  128  159  175   96    2  -44  -42    79999899998
999989999899998999989999899998999989999899998999989999899998  192
  168  156  142   97   51    7    5   54   44   -7  -62  -62  -53
    7   71  153  225  271  166   48  -13  -33   11   8499998
999989999899998999989999899998999989999899998999989999899998  163
  160  156  151   96   45    8   -1    9  -11  -56 -113 -155 -155
 -100  -24   89  209  273  210  116   43   29   90  15699998
9999899998999989999899998999989999899998999989999899998   53   55
   67   82   90   66   24   16   26   44   43   12  -83 -186 -233
 -197 -115   -2  132  212  211  194  167  199  290  37899998
99998999989999899998999989999899998999989999899998   51   13  -23
  -41  -32  -13   -5   -7   14   49   76  108  115   12 -152 -258
 -260 -150   -7   92  136  202  261  339  432  515  58399998
99998999989999899998999989999899998999989999899998  150   40  -41
 -107 -134 -117  -89  -50  -22    4   47  101  126   43 -116 -238
 -201  -81   75  173  183  226  309  448  545  600  64899998
99998999989999899998999989999899998999989999899998  273  102  -19
 -117 -181 -184 -150 -108 -108  -73  -41   47   91   32  -96 -196
 -109   40  200  286  269  288  341  459  553  5949999899998
99998999989999899998999989999899998999989999899998  408  183   27
  -92 -170 -193 -163 -134 -169 -182 -156  -17   47    5  -81 -174
  -44  139  305  370  332  323  357  436  506  524  50199998
