tauY_total_08_2014_ano.22
  -21   45   99  152  184  189  156  113   36  -31  -97  -89  -86
  -40   30  116  116   76   59   32    8  -72 -134 -2009999899998
999989999899998999989999899998999989999899998999989999899998
  -14   55  107  149  173  171  134   85   29  -19  -55  -79  -96
  -67  -17   40   42   41    0  -46  -93 -127 -162999989999899998
999989999899998999989999899998999989999899998999989999899998
   -3   60  106  142  163  148   97   42   14  -12  -25  -72 -105
 -100  -70  -26    2   15  -33  -85 -128 -166 -203999989999899998
999989999899998999989999899998999989999899998999989999899998
   11   60  101  131  137  113   46  -11  -19  -12  -12  -66 -106
 -126 -133  -94  -31   13  -25  -63  -96 -13599998999989999899998
999989999899998999989999899998999989999899998999989999899998
   16   48   87  116  108   63   -8  -52  -52  -35  -14  -44  -83
 -152 -178 -141  -38   -3   -2   -8  -17  -7599998999989999899998
999989999899998999989999899998999989999899998999989999899998
   -2   31   68   82   63   15  -48  -78  -70  -38   -6   28    0
  -84 -126  -96  -53  -35    4   30   48   1699998999989999899998
999989999899998999989999899998999989999899998999989999899998
  -28   15   29   20    7  -15  -51  -81  -62  -13   26   42   31
  -19  -83 -108  -99  -79  -29   21   54   5299998999989999899998
999989999899998999989999899998999989999899998999989999899998
  -30  -16  -21  -34  -38  -39  -37  -45  -15   28   60   52   35
   -8  -61 -102 -117 -102  -70  -21   14   4299998999989999899998
999989999899998999989999899998999989999899998999989999899998
    4  -26  -50  -62  -56  -37   -6   23   44   65   77   64   53
   24  -23  -69  -92  -90  -75  -51  -15   1399998999989999899998
999989999899998999989999899998999989999899998999989999899998
   60   -6  -48  -63  -54  -18   33   74   60   53   52   61   72
   66   33   -9  -43  -55  -50  -34  -15   11   51999989999899998
999989999899998999989999899998999989999899998999989999899998
  114   29  -24  -45  -35    4   47   68   34  -12  -15   34   69
   91   87   52   10  -27  -30  -22   -3   44  115  1989999899998
999989999899998999989999899998999989999899998999989999899998
99998   75   13  -24  -15   19   40   35   -7  -55  -65   -9   48
   95  119   94   40   -2  -14  -16    9   89  175  254  30999998
999989999899998999989999899998999989999899998999989999899998
99998999989999899998   -6   11    8    5  -22  -47  -64  -39   23
   80  107   89   44   10   -7   -4   30  136  222  264  226  158
  107   97  121  124  100  106  137  193  253999989999899998
9999899998999989999899998  -38  -20   -2   -1  -10  -22  -18   27
   78   99   69   26    1  -12   -5   42  180  258  218  135   55
   26   36   73  101   94  102  136  194  247999989999899998
9999899998999989999899998  -98  -24    8   36   29  -10   -2   56
  121  117   76   14  -25  -37  -23   53  210  267  141   45  -33
  -44  -10   37   68   66   77  120  185  239999989999899998
999989999899998999989999899998  -30   20   34  -33  -90  -56   29
  120  147   97   11  -42  -34   18   95  188  207   65  -45  -94
  -65  -17   26   39   19   35   88  161  224999989999899998
9999899998999989999899998999989999899998  -67 -163 -237 -161  -44
   78  152  111   23  -16   26   85  138  138   88   10  -78  -83
  -29   24   47   23  -30  -10   50  127  184999989999899998
9999899998999989999899998999989999899998999989999899998 -263 -112
   30  120  117   63   54  105  148  160  104   13  -53  -58  -30
   42  103   95   29  -42  -46   13   86  112   919999899998
999989999899998999989999899998999989999899998999989999899998  -97
   33  133  139  142  161  186  202  188   90  -21  -89  -88  -21
   77  149  142   81   -8  -40   -2   49   64   34   -999998
999989999899998999989999899998999989999899998999989999899998    8
  107  187  195  221  242  240  232  204   99  -18  -92 -105  -38
   88  174  194  155   73   13   24   53   58   32   -199998
9999899998999989999899998999989999899998999989999899998   64  127
  200  236  259  274  273  263  240  207  120   23  -48  -71  -40
   95  185  205  179  111   60   67   98  105   93   7599998
99998999989999899998999989999899998999989999899998   72  118  157
  211  258  299  284  268  261  242  216  165  104   39   -4   -2
   72  136  131  100   66   64   98  154  185  195  19299998
99998999989999899998999989999899998999989999899998   21   50   85
  139  207  257  252  239  239  238  232  205  168  108   46   13
    2   -1  -16  -31  -33   32  105  188  249  274  28999998
99998999989999899998999989999899998999989999899998  -46  -35   -8
   29   84  148  159  178  203  227  237  237  203  141   78   18
  -60 -115 -136 -138 -110  -10   99  191  266  3069999899998
99998999989999899998999989999899998999989999899998 -104 -105  -83
  -53  -18   20   79  133  190  230  249  260  227  164   95   24
  -92 -174 -202 -202 -164  -43   87  182  256  297  32899998
