tauY_total_09_2015_ano.22
 -104  -71  -53    9   66  101  -67 -185 -196 -156  -55   56  127
   88   24  -28  -24    0   78  135  173  119   84   479999899998
999989999899998999989999899998999989999899998999989999899998
  -86  -67  -50   -4   43   71  -39 -136 -145 -106  -18   75  145
  125   70   17   28   62  101  115  105   60   32999989999899998
999989999899998999989999899998999989999899998999989999899998
  -67  -61  -50  -23   17   47   -1  -62  -80  -52   20  108  164
  169  143  104  119  138  113   75   20  -31  -73999989999899998
999989999899998999989999899998999989999899998999989999899998
  -47  -51  -48  -37  -14   22   48   32    4   17   58  127  171
  202  218  197  204  189  110   23  -54 -12599998999989999899998
999989999899998999989999899998999989999899998999989999899998
  -32  -43  -45  -43  -34  -11   45   95   92   82   79  126  153
  176  190  195  173  136   66   -7  -93 -19399998999989999899998
999989999899998999989999899998999989999899998999989999899998
  -21  -31  -40  -44  -47  -27   45  101  121  124  111  108  101
   98   95   76   73   54   16  -32  -90 -16299998999989999899998
999989999899998999989999899998999989999899998999989999899998
   -5  -11  -19  -30  -35  -20   37   95  137  153  139   92   58
   35   11  -12  -20  -17  -29  -44  -53  -8199998999989999899998
999989999899998999989999899998999989999899998999989999899998
    6    2    6    1   -6    1   41   90  136  160  148   85   36
    0  -36  -56  -75  -71  -58  -30    0   3499998999989999899998
999989999899998999989999899998999989999899998999989999899998
    7   18   36   43   45   39   60   88  119  137  129   83   34
  -10  -40  -39  -60  -78  -58   -1   64  12699998999989999899998
999989999899998999989999899998999989999899998999989999899998
   11   51   85  108  113   98   88   86   93   95   82   59   28
    5    4   21   10  -28  -20   32  118  177  192999989999899998
999989999899998999989999899998999989999899998999989999899998
    9   92  141  172  173  147  105   72   55   32   18   13    8
   20   62  108   92   49   33   71  136  176  156  1009999899998
999989999899998999989999899998999989999899998999989999899998
99998  126  182  206  191  145   82   37    7  -27  -48  -58  -46
    9  100  185  185  133   78   82  130  140  105   48   1499998
999989999899998999989999899998999989999899998999989999899998
99998999989999899998  165  100   36    0  -27  -58  -85 -107 -101
  -19  120  240  268  193   97   56  102  100   65   14    3   45
  119  166  170  172  176  151  129  105   74999989999899998
9999899998999989999899998   26   -7  -15  -28  -45  -68 -104 -102
  -10  139  264  264  186   79   20   48   71   65   30   19   49
  100  134  142  148  154  157  153  148  140999989999899998
9999899998999989999899998  -65  -26    0   13   11   -1  -33  -38
   29  145  251  227  156   58    6   12   56   89   75   63   76
   85  102  111  114  118  138  147  148  153999989999899998
999989999899998999989999899998  -19   39   84  106   96   72   50
   69  129  207  202  156   83   18   -1   26   74   92  100   84
   67   73   90   94   87   95  103  105  105999989999899998
9999899998999989999899998999989999899998  180  189  183  149  102
   72   87  147  208  190  132   65  -13  -29   -6   44   47   29
   22   37   72   80   63   52   43   36   29999989999899998
9999899998999989999899998999989999899998999989999899998  180  109
   55   59  116  215  246  191   82  -41 -107 -118  -67  -30  -32
  -14   19   63   80   55    8  -17  -26  -44  -699999899998
999989999899998999989999899998999989999899998999989999899998   50
   15   27   92  211  274  203   67  -89 -187 -182 -117  -66  -66
  -40   33   99   97   40  -22  -47  -49  -58  -66  -6899998
999989999899998999989999899998999989999899998999989999899998  -15
  -26    6   88  186  243  166   20 -131 -193 -157  -93  -54  -54
  -20   76  155  127   33  -32  -39  -23  -11  -25  -3199998
9999899998999989999899998999989999899998999989999899998    6  -17
   -7   38  110  171  189  117    4 -105 -109  -60  -15  -11  -18
   36  137  209  179   68    8    5   36   51   30    399998
99998999989999899998999989999899998999989999899998  -52  -26   10
   58  121  189  187  166  117   42  -13    7   24   23   15    2
   86  185  245  222  134   80   69  100  101   70   2999998
99998999989999899998999989999899998999989999899998 -213 -120  -20
   98  214  275  241  186  158  129   84   61   36   -3  -38  -46
   67  176  240  237  177  148  137  149  130   83   3899998
99998999989999899998999989999899998999989999899998 -411 -253  -95
   94  317  447  330  240  213  179  137   64   -3  -68 -126 -140
  -19  126  214  232  187  187  211  196  149   889999899998
99998999989999899998999989999899998999989999899998 -599 -398 -188
   63  413  774  393  272  236  204  158   36  -59 -139 -221 -263
 -124   62  165  196  155  190  285  243  147   83   4199998
