tauY_total_07_2014_ano.22
 -119  -77  -37   55  109  116  -22 -142 -232 -296 -319 -366 -376
 -354 -300 -220  -74   41  156  202  230  136   73   119999899998
999989999899998999989999899998999989999899998999989999899998
  -71  -19   15   57   71   45  -97 -212 -281 -313 -307 -285 -253
 -219 -177 -122  -49   30   75   75   53  -20  -68999989999899998
999989999899998999989999899998999989999899998999989999899998
  -11   38   59   51   33  -23 -151 -246 -274 -271 -229 -163 -113
  -88  -78  -59  -26    0  -16  -50 -119 -198 -253999989999899998
999989999899998999989999899998999989999899998999989999899998
   51   83   93   53  -12  -82 -163 -203 -180 -130  -92  -20    3
  -16  -35  -40  -32  -34  -79 -150 -240 -33699998999989999899998
999989999899998999989999899998999989999899998999989999899998
   88   98  107   64  -18 -110 -107  -67   12   63   74   63   33
  -21  -67 -107  -73  -53  -78 -152 -250 -38599998999989999899998
999989999899998999989999899998999989999899998999989999899998
   75   89  105   74   -3  -74  -12   71  163  221  200  109   30
  -40 -117 -162 -113  -53  -51  -94 -192 -32699998999989999899998
999989999899998999989999899998999989999899998999989999899998
   12   52   77   60   13  -40   23  116  215  247  198   95   11
  -46 -116 -148 -106  -51  -38  -66 -138 -24999998999989999899998
999989999899998999989999899998999989999899998999989999899998
  -65    4   36   34    2  -32    6   78  158  171  122   39  -30
  -63  -92 -130 -112  -80  -54  -75 -120 -17799998999989999899998
999989999899998999989999899998999989999899998999989999899998
  -98  -38   -1    4  -23  -59  -45    9   64   73   31  -15  -54
  -75 -103 -134 -137 -134 -111  -96 -101 -11799998999989999899998
999989999899998999989999899998999989999899998999989999899998
  -80  -49  -18  -19  -50  -91  -95  -49  -14    5  -10  -25  -44
  -75 -104 -127 -161 -161 -137 -100  -84  -78  -81999989999899998
999989999899998999989999899998999989999899998999989999899998
  -43  -32  -11  -21  -56  -97  -97  -67  -33    3   14   12   13
  -11  -33  -66 -104 -108  -96  -73  -47  -39  -20    59999899998
999989999899998999989999899998999989999899998999989999899998
99998    8   13   -3  -30  -47  -52  -37   17   58   79   96  107
  103   85   64   36    5   -5    1   20   37   54   97  15599998
999989999899998999989999899998999989999899998999989999899998
99998999989999899998   22   10    1   11   64  107  128  163  172
  184  174  175  155  132  122  113  126  142  149  161  147  141
  147  163  189  202  183   99    4  -97 -214999989999899998
9999899998999989999899998   59   48   28   31   62  120  132  127
  138  153  167  183  199  216  220  232  268  261  193  125   77
   65   79  115  145  143   78   14  -52 -118999989999899998
9999899998999989999899998   78   16  -42  -72  -45  -10   14   35
   52   67  108  147  179  194  247  310  402  358  189   66  -12
  -31    5   60  103  106   73   49   25    3999989999899998
999989999899998999989999899998  -77 -160 -206 -223 -183 -122  -63
  -22   34   70   93  109  106  145  329  389  305  104  -45 -128
  -98  -25   54   99   86   88   98  116  131999989999899998
9999899998999989999899998999989999899998 -381 -368 -325 -224 -121
  -30   42   73   87   64   63  153  248  256  167   30 -120 -169
  -91   22  109  129   93  114  142  179  205999989999899998
9999899998999989999899998999989999899998999989999899998 -268 -131
  -12   74  125  114   88  110  169  212  178   99  -18 -104 -124
  -11  115  176  166  119  110  134  176  191  1649999899998
999989999899998999989999899998999989999899998999989999899998 -106
    3  117  178  160  137  141  168  212  162   84  -22  -88  -75
   43  155  198  191  140   95   89  114  116   73   3499998
999989999899998999989999899998999989999899998999989999899998  -63
   24  136  188  185  163  150  169  216  188  107    7  -51  -43
   49  149  206  204  161   99   63   52   23  -30  -7999998
9999899998999989999899998999989999899998999989999899998  -17    8
   63  121  179  191  165  147  164  194  198  136   56  -21  -35
   20   90  164  194  172  116   63    7  -53  -67  -9699998
99998999989999899998999989999899998999989999899998  115   91   60
   68  101  157  158  145  127  111  145  166  192  134   41  -46
  -55    4   96  171  171  115   64    7   -6   -1   2099998
99998999989999899998999989999899998999989999899998  158  104   58
   30   22   47   60   72   64   79  127  246  369  308  162   14
  -69  -37   71  170  198  128   77   63   80  117  16499998
99998999989999899998999989999899998999989999899998  177  101   33
  -32  -68  -66  -56  -30    1   64  157  372  510  471  326  132
   26    5  113  219  251  163   93  126  178  2619999899998
99998999989999899998999989999899998999989999899998  180   93   17
  -63 -121 -134 -125 -100  -30   81  216  475  615  610  481  260
  139   98  201  302  311  198  101  162  257  377  52499998
