tauY_total_08_2016_ano.22
  -53   -1   54  182  289  375  322  241  100  -37 -154 -190 -215
 -191 -158 -133 -258 -369 -412 -403 -330 -340 -402 -5519999899998
999989999899998999989999899998999989999899998999989999899998
  -20   16   62  147  228  285  245  178   68  -36 -104 -142 -175
 -165 -132 -116 -274 -374 -389 -348 -258 -224 -244999989999899998
999989999899998999989999899998999989999899998999989999899998
    0   23   51   95  154  195  175  140   85   25  -15  -56  -82
  -95  -79  -67 -227 -317 -301 -224 -104  -62  -60999989999899998
999989999899998999989999899998999989999899998999989999899998
   12   16   30   45   69  106  143  154  147  133   97   56   -1
  -37  -35    8 -107 -210 -191  -89   33  10299998999989999899998
999989999899998999989999899998999989999899998999989999899998
    7   -6    2   15   20   41  142  200  228  203  136   45  -51
  -66  -32   18  -11  -88  -88  -51   59  11999998999989999899998
999989999899998999989999899998999989999899998999989999899998
  -16  -21  -16   -9    6   31  129  196  205  144   46  -91 -199
 -183 -107  -29   -4  -50  -98  -77   -2   2799998999989999899998
999989999899998999989999899998999989999899998999989999899998
  -26  -24  -25  -25  -12   15   86  128   92   17  -90 -231 -323
 -275 -177  -80  -84  -98 -153 -152 -110  -8899998999989999899998
999989999899998999989999899998999989999899998999989999899998
  -17  -23  -36  -42  -34   -9   31   52    1  -80 -182 -294 -341
 -290 -189 -101 -126 -143 -181 -189 -143  -9299998999989999899998
999989999899998999989999899998999989999899998999989999899998
    2  -22  -42  -51  -45  -23   -5    9  -25  -95 -181 -234 -252
 -221 -154 -104 -101 -127 -126 -101  -36   3199998999989999899998
999989999899998999989999899998999989999899998999989999899998
   24  -17  -42  -52  -43  -23    2   23   15  -32  -74  -89  -97
  -94  -86  -79  -56  -69  -36   37  102  135  122999989999899998
999989999899998999989999899998999989999899998999989999899998
   49   -4  -30  -39  -32   -4   41   71   81   80   60   48   55
   46   10  -12  -15   -5   31   91  138  134   99   659999899998
999989999899998999989999899998999989999899998999989999899998
99998   18  -13  -22   -5   26   68   93  107  123  130  134  115
   87   74   74   56   45   50   68   97   89   77   75   8799998
999989999899998999989999899998999989999899998999989999899998
99998999989999899998   26   44   65   69   81  104  129  121   89
   77   88  112  110   78   48   33   39   55   69   76   65   54
   29   14   30   49   71   87   91   75   47999989999899998
9999899998999989999899998   34   17    4   15   50  100   96   59
   49   79  127  134  107   55   13    7   41   63   57   42   17
   -4  -22  -13   13   40   53   56   49   44999989999899998
9999899998999989999899998   -2  -59  -80  -61   18   98   99   66
   32   55  125  149  134   66   14    6   42   61   42   27    7
  -18  -35  -35    3   36   51   58   58   63999989999899998
999989999899998999989999899998 -149 -161  -98   16  132  145  103
   43   47  114  164  147   73   24   16   27   43   40   30   20
    0   -7   -1   27   51   76   74   73   95999989999899998
9999899998999989999899998999989999899998 -100   55  203  224  165
   95   83  151  203  155   77   31   18   12   17   38   51   64
   64   72   90   92   95   96   89   88  134999989999899998
9999899998999989999899998999989999899998999989999899998  283  204
  144  161  253  267  202   96   29    8    2   -4   18   65  111
  145  162  168  157  148  116   87   90  128  2039999899998
999989999899998999989999899998999989999899998999989999899998  140
  119  195  319  345  272  134   23   -3  -14  -18   -2   46  111
  173  198  191  185  175  115   67   67   96  154  21899998
999989999899998999989999899998999989999899998999989999899998    1
   36  156  316  379  305  146   20   -7  -12  -19  -18   26   85
  152  185  187  180  169  115   58   45   71  117  16499998
9999899998999989999899998999989999899998999989999899998  -26  -80
  -38   95  281  351  295  137   29    2    9    5   -2   19   77
  133  160  163  167  162  126   80   47   58   90  12299998
99998999989999899998999989999899998999989999899998   78  -34 -108
  -96   42  235  309  276  142   29   18   25   22   16   51  124
  162  139  105  120  157  164  144   92   68   73   7599998
99998999989999899998999989999899998999989999899998   64  -52 -127
 -122  -19  159  269  257  138   46   30   22   17   41  131  224
  212  148   82   77  147  218  237  194  122   85   5599998
99998999989999899998999989999899998999989999899998   43  -70 -143
 -136  -56  105  233  251  141   56   23   -3   -7   74  204  325
  276  185  103   82  160  271  323  266  189  1279999899998
99998999989999899998999989999899998999989999899998   15  -84 -155
 -147  -64   88  223  280  153   44    5  -33  -38   88  254  409
  344  229  124  103  184  309  379  303  209  141  10599998
