tauY_total_09_2016_ano.22
  -11   37   39   12  -16  -40  -57  -85 -102 -113 -122 -122 -113
 -100  -96 -115 -184 -237 -283 -312 -332 -406 -485 -5869999899998
999989999899998999989999899998999989999899998999989999899998
    2   25   33   22   -3  -35  -64  -92 -119 -146 -160 -140 -122
  -96  -83  -85 -136 -192 -217 -209 -210 -254 -317999989999899998
999989999899998999989999899998999989999899998999989999899998
   -5   10   13   10   -7  -40  -82 -111 -140 -165 -181 -161 -120
  -75  -42  -40  -84 -129 -129 -115  -91  -99 -132999989999899998
999989999899998999989999899998999989999899998999989999899998
  -27  -21  -21  -24  -40  -65 -110 -133 -148 -167 -175 -140  -81
  -19   27   19  -35  -83  -72  -52  -13   2499998999989999899998
999989999899998999989999899998999989999899998999989999899998
  -55  -62  -60  -70  -96 -128 -146  -93  -58  -77 -118  -83   -8
   68   93   73   -6  -69  -74  -47  -13   1099998999989999899998
999989999899998999989999899998999989999899998999989999899998
  -67  -63  -74 -106 -142 -164  -94   24  103   88   19    5   59
  130  166  126   21  -55  -86  -80  -67  -6099998999989999899998
999989999899998999989999899998999989999899998999989999899998
  -35  -34  -51  -99 -148 -154  -18  131  211  207  120   88  108
  181  219  176   70  -17  -62  -93  -90 -10799998999989999899998
999989999899998999989999899998999989999899998999989999899998
   26   -4  -28  -73 -115 -121   34  175  241  214  129   98  106
  182  219  182   96   17  -24  -45  -44  -5999998999989999899998
999989999899998999989999899998999989999899998999989999899998
   68   31   -4  -42  -67  -58   65  165  194  160   84   45   63
  139  170  132   72   22    9   19   20   2599998999989999899998
999989999899998999989999899998999989999899998999989999899998
   86   47   17    2   -6    8   62  117  119   71    4  -20   30
   98  126   78   29   13   35   50   65   61   45999989999899998
999989999899998999989999899998999989999899998999989999899998
   88   53   30   30   45   64   49   52   25  -36  -95  -56   32
   89   81   30  -19  -19   23   59   76   63   60   369999899998
999989999899998999989999899998999989999899998999989999899998
99998   54   37   42   73   92   66   20  -43 -113 -122  -40   42
   75   59    1  -40  -44   -3   45   67   66   64   48   1999998
999989999899998999989999899998999989999899998999989999899998
99998999989999899998   85   90   60    6  -57  -94  -86   -6   62
   80   51    7  -15  -19    7   45   56   83   83   68   28   -8
   16   92  178  183  107   62   95  215  361999989999899998
9999899998999989999899998   75   29  -31  -76  -79  -28   45   89
   91   80   53   51   68   83   88   84   96  115   95   53    8
   36  101  157  165  108   81  104  195  305999989999899998
9999899998999989999899998   46  -37  -98 -110  -60   30  104  140
  138  122  111  121  148  158  147  121  123  151  137   85   33
   58  108  145  148  110   93  114  180  254999989999899998
999989999899998999989999899998 -124 -172 -132  -35   90  173  202
  185  162  160  183  195  187  163  138  145  161  153  116   81
   89  118  138  133  102  101  112  143  179999989999899998
9999899998999989999899998999989999899998 -171  -16  144  235  246
  206  169  182  207  188  157  134  121  122  122  141  145  151
  137  142  149  131  107  101   99   87   61999989999899998
9999899998999989999899998999989999899998999989999899998  249  225
  169  148  166  166  142  100   73   72   56   58  102  166  205
  207  195  177  147  115   77   75   48  -11  -539999899998
999989999899998999989999899998999989999899998999989999899998  121
   90   89  114  103   83   44   22   18   18   24   64  139  211
  239  231  186  119   78   47   34   21    2  -25  -4599998
999989999899998999989999899998999989999899998999989999899998   -1
   11   41   78   80   50   12    4   38   45   33   41   98  171
  234  249  179   91   46   37   30   44   47   20   -399998
9999899998999989999899998999989999899998999989999899998  -75  -62
  -31   20   77   78   36   -1   16   65   86   75   54   74  130
  207  244  182  104   57   71   85  102   91   62   2799998
99998999989999899998999989999899998999989999899998  -87  -77  -81
  -59    5   75   64   19   -4    7   53   91  112   99   76   99
  151  186  171  141  106  136  173  175  147   93   4299998
99998999989999899998999989999899998999989999899998  -59  -83 -101
  -88  -44   23   32   -8  -38  -36    8   69  113  116  112  107
  114  133  168  168  174  221  269  261  217  139   6899998
99998999989999899998999989999899998999989999899998  -34  -92 -129
 -129  -98  -34  -12  -28  -86 -101  -63   20   83  110  124  123
  115  118  164  208  241  303  361  354  288  2209999899998
99998999989999899998999989999899998999989999899998  -20 -108 -157
 -170 -144  -84  -38  -28 -138 -178 -145  -29   46   91  123  138
  121  121  160  215  269  356  422  422  368  316  27899998
