tauY_total_10_2017_ano.22
  -51 -104 -113 -103 -100  -87  -45   -2   18    0  -33  -73 -105
  -80  -77  -79 -146 -191 -157 -100  -36   15   65   949999899998
999989999899998999989999899998999989999899998999989999899998
    6   -4   -6   -8  -23  -33    2   28   39   27  -21  -68  -91
  -90  -75  -78 -116 -149 -141 -115  -59  -15   15999989999899998
999989999899998999989999899998999989999899998999989999899998
   45   71   78   65   41    6   22   23   16  -10  -53  -90 -103
  -71  -36  -36  -65 -100 -125 -126  -98  -74  -59999989999899998
999989999899998999989999899998999989999899998999989999899998
   63  109  120  102   62   15    1  -21  -42  -65  -90 -100  -76
  -16   28   37    0  -50 -103 -129 -141 -15499998999989999899998
999989999899998999989999899998999989999899998999989999899998
   58   94  113   94   57    9  -62  -92 -112 -112 -121  -73  -21
   42   84   97   38  -19  -74 -129 -170 -22399998999989999899998
999989999899998999989999899998999989999899998999989999899998
   32   50   75   84   67   27  -38  -94 -123 -122  -88  -25   11
   42   63   59   20  -28  -72 -129 -168 -22099998999989999899998
999989999899998999989999899998999989999899998999989999899998
   18   38   46   65   89   78   18  -58  -95 -100  -58  -17   14
    7  -16  -41  -44  -54  -73  -89 -117 -16499998999989999899998
999989999899998999989999899998999989999899998999989999899998
   49   53   46   61   92  117   56  -37  -96 -108  -75  -38   -9
  -43  -91 -118 -101  -68  -58  -56  -69 -10299998999989999899998
999989999899998999989999899998999989999899998999989999899998
  103   77   59   70   98  119   58  -28 -110 -140  -98  -60  -40
  -81 -120 -140 -107  -70  -41  -25  -39  -6499998999989999899998
999989999899998999989999899998999989999899998999989999899998
  159  112   84   78   94  107   53  -24 -110 -139 -115  -60  -37
  -57  -91 -101  -79  -62  -29  -12  -19  -40  -70999989999899998
999989999899998999989999899998999989999899998999989999899998
  206  153  123  102   99  109   77    5  -71 -113 -108  -62  -29
  -15  -19  -38  -44  -43  -24   -6    2  -19  -22  -129999899998
999989999899998999989999899998999989999899998999989999899998
99998  194  163  138  135  139  115   67    7  -54  -75  -61  -29
    4   31   18  -14  -22  -26   -5   21   38   66  100  13899998
999989999899998999989999899998999989999899998999989999899998
99998999989999899998  176  176  159  126   77   32   -6  -38  -33
    1   37   58   41   -4  -26  -14   19   82  133  173  181  185
  191  168  136  113   93   61   30   23   22999989999899998
9999899998999989999899998  188  178  165  134  112   83   55   18
   28   77  115   86   14  -42  -57  -15   67  133  171  183  164
  128   67   40   35   42   52   38   28   15999989999899998
9999899998999989999899998  171  184  193  204  195  195  154  109
  104  142  160  109   24  -66 -107  -78    7   81  120  149  135
   51  -23  -58  -57  -20   14   32   17    2999989999899998
999989999899998999989999899998  163  192  247  295  307  262  223
  202  191  199  130   35  -81 -137 -133  -76   -5   51   92  102
    7  -67 -116 -116  -70  -10   18   -1   -2999989999899998
9999899998999989999899998999989999899998  261  339  378  346  309
  270  240  215  143   57  -48 -134 -165 -146  -96  -20   53   84
   38  -17  -75  -91  -42   -4   -6  -24    6999989999899998
9999899998999989999899998999989999899998999989999899998  398  365
  320  268  216  151   82   11  -72 -135 -165 -153  -82   10   66
   89   71   47   30   59   50  -16  -26   17   899999899998
999989999899998999989999899998999989999899998999989999899998  382
  328  259  184  133   95   62    7  -74 -138 -181 -153  -92  -18
   67  112  144  166  171   81    6    0   22   75  13999998
999989999899998999989999899998999989999899998999989999899998  329
  284  211  141  122  112  104   76   -2 -123 -209 -237 -225 -170
  -45   71  158  208  196  113   37    9   31   75  11699998
9999899998999989999899998999989999899998999989999899998  222  243
  222  170  120  117  138  153  132   52  -90 -198 -268 -306 -287
 -140   10  117  180  180  114   50   21   36   95  14599998
99998999989999899998999989999899998999989999899998   96  111  141
  153  137  119  134  170  197  180  111  -19  -89 -157 -237 -286
 -191  -51   59  138  161  118   57   34   74  155  22099998
99998999989999899998999989999899998999989999899998  -39  -15   26
   72  110  130  164  208  232  209  160  130  106   47  -55 -154
 -173 -113   -5  100  142  109   61   64  116  205  29799998
99998999989999899998999989999899998999989999899998 -197 -142  -81
   -5   73  141  205  248  238  214  196  290  315  259  145    3
 -119 -158  -55   56  130  100   72   92  152  2499999899998
99998999989999899998999989999899998999989999899998 -337 -240 -159
  -63   52  150  213  268  228  172  169  416  496  432  306  122
  -83 -189 -100   21  129  110   86  102  160  279  44199998
