tauY_total_09_2017_ano.22
 -150  -93  -51  -15    7   31   92  163  240  274  262  128   29
   -3   -9  -11  -92 -154 -181 -191 -185 -279 -368 -5029999899998
999989999899998999989999899998999989999899998999989999899998
  -46    0   26   37   24    4   54  118  181  200  176   74  -15
  -22   -3   10  -50 -108 -151 -168 -159 -221 -293999989999899998
999989999899998999989999899998999989999899998999989999899998
   37   69   73   42  -15  -77  -43  -10   40   86   78   16  -56
  -42  -11   13  -28  -88 -131 -142 -121 -139 -194999989999899998
999989999899998999989999899998999989999899998999989999899998
   93   99   84   10  -93 -176 -195 -165  -98  -42  -25  -39  -69
  -60  -39  -19  -61 -123 -151 -140 -111  -6999998999989999899998
999989999899998999989999899998999989999899998999989999899998
   97   78   55  -40 -146 -238 -270 -246 -175 -105  -68  -72  -60
  -55  -59  -86 -138 -191 -199 -182 -140 -11599998999989999899998
999989999899998999989999899998999989999899998999989999899998
   65   48   25  -38 -114 -184 -225 -209 -155 -100  -61  -42  -14
  -29  -63 -121 -204 -265 -281 -257 -207 -18899998999989999899998
999989999899998999989999899998999989999899998999989999899998
   31   27   17    0  -36  -74  -99  -97  -71  -38  -25   17   45
   24  -27  -97 -213 -293 -324 -303 -265 -24099998999989999899998
999989999899998999989999899998999989999899998999989999899998
   -9   10   19   41   48   39   43   35   27    7   -1   42   68
   78   36  -36 -147 -244 -285 -280 -232 -19699998999989999899998
999989999899998999989999899998999989999899998999989999899998
  -25   10   38   71  100  106  112  100   63    4  -30   -7   42
   90   89   13  -93 -175 -197 -183 -129  -6599998999989999899998
999989999899998999989999899998999989999899998999989999899998
    1   41   76  104  127  122   93   86   46  -32  -98  -66  -10
   48   59    7  -89 -144 -131  -84  -15   74  160999989999899998
999989999899998999989999899998999989999899998999989999899998
   51   91  122  138  132  113   96   79   31  -23  -63  -70  -41
  -12   -7  -47  -97 -116  -76   -5   74  165  236  2629999899998
999989999899998999989999899998999989999899998999989999899998
99998  143  160  157  135  113  109  105   88   80   76   55   35
    3  -16  -40  -55  -49   -9   59  134  198  242  248  23799998
999989999899998999989999899998999989999899998999989999899998
99998999989999899998  141  122  124  131  165  225  275  261  205
  125   66   57   66   72   82  127  169  202  208  199  179  154
  121   76   51   65  104  117  108   87   58999989999899998
9999899998999989999899998  127  119  115  184  301  427  443  375
  278  209  209  240  249  231  209  184  166  146  130  117   96
   53   -3  -27  -11   32   71   67   52   20999989999899998
9999899998999989999899998  136   72   47  129  290  467  530  488
  401  346  368  430  446  390  297  220  141   91   64   59   42
  -20  -74 -102  -89  -44    5   35   26   -4999989999899998
999989999899998999989999899998  -13  -55   38  233  446  554  553
  485  452  499  562  571  474  359  263  153   67   21    5    6
  -48  -94 -128 -125  -86  -37   17   21    9999989999899998
9999899998999989999899998999989999899998  -65  166  419  550  573
  534  514  538  577  538  435  341  269  162   57   -1  -15   10
   -2  -38  -81  -93  -75  -19   25   36   35999989999899998
9999899998999989999899998999989999899998999989999899998  555  570
  540  529  519  474  385  308  262  233  160   78   28   32   66
  103   89   35   -6   -4   35   47   60   67   709999899998
999989999899998999989999899998999989999899998999989999899998  539
  515  485  456  348  252  211  199  193  160  124   90  100  147
  208  211  152   99   81   70   68   79   95  121  13199998
999989999899998999989999899998999989999899998999989999899998  474
  487  478  441  330  243  188  185  187  183  166  143  151  196
  234  249  213  156  115   83   72   82  125  179  22899998
9999899998999989999899998999989999899998999989999899998  349  430
  487  535  532  443  353  268  216  213  204  164  138  151  200
  237  221  184  157  137  103   73   82  143  247  34499998
99998999989999899998999989999899998999989999899998  208  309  397
  508  600  638  606  509  399  309  255  206  137   99  129  191
  215  192  152  133  145  112   89  116  185  284  39799998
99998999989999899998999989999899998999989999899998  169  256  355
  504  640  727  738  655  517  387  289  169   83   57   91  156
  181  167  126  113  133  132  137  170  221  296  37099998
99998999989999899998999989999899998999989999899998  111  179  271
  429  620  760  790  743  593  412  278  118   37   36   80  151
  174  161  111   87  105  154  200  221  250  2819999899998
99998999989999899998999989999899998999989999899998   47   79  169
  307  531  717  773  779  592  367  251  110   24   32   92  188
  203  170   95   58   72  183  272  279  272  270  25899998
