tauY_total_12_2017_ano.22
 -546 -250  -56  190  340  414  212   56  -68 -131 -161 -210 -183
 -157  -98  -45  -24  -37  -93 -162 -147 -167 -173 -2009999899998
999989999899998999989999899998999989999899998999989999899998
 -331 -132   -2  120  194  204   57  -58  -98  -88  -56   -1   62
  139  194  227  128   18  -91 -181 -197 -178 -163999989999899998
999989999899998999989999899998999989999899998999989999899998
 -122  -34   18   19   16  -26  -95 -141  -95  -27   78  217  292
  366  409  408  219   -8 -164 -246 -274 -214 -167999989999899998
999989999899998999989999899998999989999899998999989999899998
   34   13    5  -70 -152 -214 -190 -149  -49   76  187  339  392
  436  443  410  174  -97 -274 -346 -341 -26199998999989999899998
999989999899998999989999899998999989999899998999989999899998
   98   14  -28 -109 -207 -251 -158  -58   50  156  206  253  282
  292  291  226    9 -204 -342 -414 -354 -29899998999989999899998
999989999899998999989999899998999989999899998999989999899998
   72    1  -43  -87 -114 -120  -41   58  120  143  128   75   63
   63   50    7 -133 -260 -349 -353 -317 -28299998999989999899998
999989999899998999989999899998999989999899998999989999899998
   44   18  -14  -25  -16   14   67  117  127   98   53  -46  -83
  -64  -67 -115 -175 -239 -280 -284 -275 -24999998999989999899998
999989999899998999989999899998999989999899998999989999899998
   28   33   14   19   36   68  100  116  109   85   44   -2  -56
  -73  -89 -108 -146 -221 -265 -285 -259 -24099998999989999899998
999989999899998999989999899998999989999899998999989999899998
   -1    3    0    9   19   32   47   64   81   79   56   38    0
  -46  -88 -123 -188 -268 -315 -305 -272 -24499998999989999899998
999989999899998999989999899998999989999899998999989999899998
  -47  -57  -52  -54  -54  -53  -41   -6   33   45   42   21    8
  -28  -80 -150 -233 -300 -333 -306 -257 -210 -173999989999899998
999989999899998999989999899998999989999899998999989999899998
 -113 -122 -112 -116 -124 -122  -96  -64  -31   -1    7    1    3
   -7  -37  -85 -179 -237 -254 -236 -182 -134 -117 -1399999899998
999989999899998999989999899998999989999899998999989999899998
99998 -153 -141 -134 -125 -123 -106  -79  -59  -41  -39  -22   -2
   27   40   27  -46 -111 -129 -101  -40  -18  -43  -90 -11699998
999989999899998999989999899998999989999899998999989999899998
99998999989999899998  -97  -99  -84  -62  -50  -57  -63  -37    3
   65  114  114   72    7   -7   44  117  108   55  -15  -60  -27
   46   91   92   85   62   26   -7  -19  -34999989999899998
9999899998999989999899998  -89  -74  -49  -29  -41  -57  -22   30
   97  151  162  126   79   79  133  218  216  166   90   46   47
   70   83   71   65   61   49   34   20   14999989999899998
9999899998999989999899998 -104  -80  -50  -30  -28  -34  -10   41
  100  139  142  113   92  109  170  253  291  276  220  176  165
  138  102   70   61   68   73   78   69   57999989999899998
999989999899998999989999899998  -97  -64  -47  -32  -23   -8   30
   76   96   93   73   57   84  152  232  313  329  306  290  286
  224  148   95   71   78  100  113  103   86999989999899998
9999899998999989999899998999989999899998  -48  -39  -33   -2   34
   63   72   65   27   10   32   93  168  255  285  301  314  309
  255  183  131   84   80  105  108   95   73999989999899998
9999899998999989999899998999989999899998999989999899998   15   36
   41   49   45   15  -13   -5   42  104  151  172  191  204  205
  186  150  109   64   48   49   46   43   32   189999899998
999989999899998999989999899998999989999899998999989999899998   18
   10   23   36   31   13   11   35   78   78   69   53   56   75
   90   98   71   50   22   -2   14   32   38   22   1099998
999989999899998999989999899998999989999899998999989999899998  -32
  -17   -5   31   51   60   65   76   83   60   27  -15  -12   14
   63  102   98   74   52   37   62   92  101   76   4299998
9999899998999989999899998999989999899998999989999899998  -74  -86
  -60  -25   13   62  106  123  113   96   58   23    2   -8   20
   90  136  149  137  110  129  164  201  196  153  10699998
99998999989999899998999989999899998999989999899998  -55  -97 -105
  -90  -65  -37   33   90  114  112   97   60   26   26   34   57
  118  169  196  184  160  218  260  292  285  238  18999998
99998999989999899998999989999899998999989999899998  -53  -54  -54
  -70  -78  -64  -10   45   81  102   97   61   31   38   58   85
  127  173  197  191  188  248  303  332  329  295  25099998
99998999989999899998999989999899998999989999899998  -39    1   17
   -8  -42  -64  -38   -1   52   96   95   67   41   37   53   79
   94  117  131  145  174  208  269  308  321  3199999899998
99998999989999899998999989999899998999989999899998   -7   53   82
   66   22  -43  -49  -20   51   96  100   78   60   46   48   55
   39   34   45   88  128  153  203  261  298  332  38899998
