tauY_total_01_2017_ano.22
  221  396  499  561  576  496  240   53    8   10    6 -151 -281
 -307 -198   34  268  383  230   54  -12  -13  -16  -209999899998
999989999899998999989999899998999989999899998999989999899998
   42  204  310  368  382  331  165   30   27   52   55 -170 -346
 -346 -213   55  292  412  261   75  -49  -54  -46999989999899998
999989999899998999989999899998999989999899998999989999899998
 -101   27  127  178  203  194  122   60   82  122  128 -132 -359
 -381 -256   69  305  395  223   16 -113 -136 -138999989999899998
999989999899998999989999899998999989999899998999989999899998
 -162  -82    6   64  110  117  143  136  157  200  191  -44 -305
 -392 -278   40  259  285   83  -86 -178 -22099998999989999899998
999989999899998999989999899998999989999899998999989999899998
 -132  -72  -12   63  119  132  179  175  188  201  205   67 -152
 -289 -250  -38   93   58  -88 -196 -227 -27999998999989999899998
999989999899998999989999899998999989999899998999989999899998
  -61  -30   16   77  111  136  114   91   88  112  135  112   20
 -126 -182 -109  -88 -129 -194 -207 -223 -27699998999989999899998
999989999899998999989999899998999989999899998999989999899998
  -42  -21    5   42   75   98   27  -25  -33    1   63  111  107
    6  -73 -103 -125 -144 -146 -161 -179 -22599998999989999899998
999989999899998999989999899998999989999899998999989999899998
  -61  -44  -29  -10   28   52   -5  -64  -70  -22   78  139  143
   70    4  -33  -54  -80  -91 -105 -132 -15199998999989999899998
999989999899998999989999899998999989999899998999989999899998
  -58  -58  -53  -41  -15   25   13  -14   -7   59  138  177  161
  104   52   21    3  -24  -64 -106 -127 -12999998999989999899998
999989999899998999989999899998999989999899998999989999899998
  -37  -62  -66  -50  -19   19   66   74   83  129  185  195  148
   85   39   25    5   -9  -50 -103 -145 -144 -122999989999899998
999989999899998999989999899998999989999899998999989999899998
   -7  -47  -59  -43  -15   23   72   88   98  122  161  151   89
   19  -26  -42  -36  -20  -30  -72 -123 -134  -91  -289999899998
999989999899998999989999899998999989999899998999989999899998
99998  -15  -34  -32  -11   17   29   26   29   57   87   68   19
  -55 -116 -122  -77  -32  -11  -24  -70  -81  -56   -1   4699998
999989999899998999989999899998999989999899998999989999899998
99998999989999899998   -1    8  -24  -53  -61  -41   -6  -22  -53
 -120 -169 -172 -100  -25   21   26   -8  -31  -27   14   44   49
   61   63   66   81  101   55   -7  -68 -127999989999899998
9999899998999989999899998   -2  -61 -125 -151 -139  -92  -86 -108
 -149 -181 -181 -101  -16   38   55   25   -9  -10   19   39   46
   38   18   17   35   63   60   14  -41  -88999989999899998
9999899998999989999899998    2 -121 -207 -240 -211 -129  -69  -81
 -115 -138 -146  -86  -25   19   37   18   -6   -2   20   45   62
   29  -12  -28   -7   32   52   39   -7  -53999989999899998
999989999899998999989999899998 -202 -288 -302 -210  -79   24   65
   31  -23  -54  -65  -44  -16   -6  -16  -13   -3   23   64   90
   44  -13  -48  -43    9   53   58   16  -20999989999899998
9999899998999989999899998999989999899998 -344 -192    6  169  241
  202  133   71    5  -29  -36  -31  -28  -26  -12   26   76  118
   78   21  -30  -42    4   59   63   24    7999989999899998
9999899998999989999899998999989999899998999989999899998  321  376
  341  268  201  118   27  -26  -41  -38  -38  -23   19   82  138
  131   81   27    2   31   75   46   13    6   189999899998
999989999899998999989999899998999989999899998999989999899998  399
  362  334  326  243  120   17  -49  -73  -59  -34   13   77  149
  176  139   86   69  103   63   22    2   -3    8   2699998
999989999899998999989999899998999989999899998999989999899998  257
  270  316  374  338  225   77  -57 -107  -87  -68  -34   46  120
  143  132  112   98  102   70   36   12   13   29   3899998
9999899998999989999899998999989999899998999989999899998   69   79
  137  243  356  376  308  133  -12  -72  -82  -90  -80  -27   35
   80   80   76   80   95   91   67   45   54   80  10199998
99998999989999899998999989999899998999989999899998   30  -16  -24
   28  143  298  374  357  212  107   62    9  -40  -73  -70  -37
   -3   24   35   57   88  107   93   83  109  162  20399998
99998999989999899998999989999899998999989999899998   21  -38  -63
  -45   44  206  346  384  327  294  273  185   87   -3  -64  -71
  -59  -27   -5   35   78   91   87  107  153  223  30199998
99998999989999899998999989999899998999989999899998    6  -54  -85
  -87  -40  102  300  400  487  524  527  395  248   95  -21  -81
  -81  -64  -33   20   79   74   67  104  178  2809999899998
99998999989999899998999989999899998999989999899998  -21  -60  -97
 -111  -77   44  232  395  646  757  762  583  395  191   14  -72
  -83  -86  -47   20   87   56   34   73  161  299  49299998
