tauY_total_11_2014_ano.22
  110   28    3   84  162  250  302  285  122  -78 -313 -650 -942
 -954 -849 -608 -537 -510 -588 -624 -592 -375 -201  -899999899998
999989999899998999989999899998999989999899998999989999899998
  159  100   75  105  137  177  193  164   73  -55 -233 -610 -925
-1014 -946 -755 -622 -512 -540 -579 -561 -399 -261999989999899998
999989999899998999989999899998999989999899998999989999899998
  183  149  115   90   89   96   84   55   36  -26 -139 -520 -821
 -968 -959 -807 -590 -428 -436 -473 -454 -386 -312999989999899998
999989999899998999989999899998999989999899998999989999899998
  179  153  113   56   23   20   12   -3   24   31  -37 -360 -618
 -788 -830 -694 -440 -285 -310 -327 -324 -32999998999989999899998
999989999899998999989999899998999989999899998999989999899998
  139  100   67   22  -16  -38  -11   15   48   68   31 -142 -363
 -506 -525 -421 -245 -184 -193 -211 -232 -27399998999989999899998
999989999899998999989999899998999989999899998999989999899998
   91   48   21   -2  -37  -56  -12   34   71   86   47  -17 -141
 -209 -211 -164 -140 -144 -161 -198 -230 -26199998999989999899998
999989999899998999989999899998999989999899998999989999899998
   57   30    3  -24  -48  -59  -28    6   44   59   35   -6  -45
  -58  -63  -65 -115 -167 -215 -252 -270 -29199998999989999899998
999989999899998999989999899998999989999899998999989999899998
   30   21    0  -32  -53  -65  -63  -53  -21   -2    2  -15  -40
  -58  -55  -57 -141 -211 -266 -295 -295 -28599998999989999899998
999989999899998999989999899998999989999899998999989999899998
    8   12   -1  -25  -47  -61  -92 -104  -85  -49  -30  -47  -67
  -98 -109 -114 -145 -198 -246 -258 -234 -20399998999989999899998
999989999899998999989999899998999989999899998999989999899998
    0   -2   -2   -5  -21  -43  -72  -97 -103  -57  -24  -38  -66
 -111 -139 -124 -115 -122 -142 -139 -123 -102  -82999989999899998
999989999899998999989999899998999989999899998999989999899998
    8    5   10   15   11   -4  -21  -49  -65  -43   -5  -10  -40
  -74  -88  -73  -41  -26  -23  -18   -7   -5    5   349999899998
999989999899998999989999899998999989999899998999989999899998
99998   35   36   37   41   34    8  -26  -31  -18   18   26    8
  -13  -14   12   44   63   77   87   90   87   88  115  17299998
999989999899998999989999899998999989999899998999989999899998
99998999989999899998   61   48    6  -33  -34    0   36   52   43
   30   36   80  128  152  174  190  195  170  158  180  221  263
  218  132   57   42   84   79   30  -76 -185999989999899998
9999899998999989999899998   45   -1  -35  -36   -5   30   47   50
   49   73  122  175  228  265  293  303  256  211  219  238  252
  203  127   86   98  147  144   82  -29 -142999989999899998
9999899998999989999899998   34  -10  -34  -32  -14   16   27   42
   62   91  123  191  266  324  369  378  336  250  221  209  206
  152   99   95  151  223  223  158   47  -61999989999899998
999989999899998999989999899998  -17  -31  -26  -12   11   35   52
   72   83   98  162  237  323  380  386  321  227  156  123  112
   79   55   88  187  278  278  224  137   68999989999899998
9999899998999989999899998999989999899998  -34  -10    2   39   60
   64   45   32   68  133  238  323  324  246  163   85   23    6
    0   13   87  188  273  287  264  223  195999989999899998
9999899998999989999899998999989999899998999989999899998   14   37
   23  -11  -51  -58  -11  104  207  230  169  117   59    6  -24
  -13   27   93  171  210  255  276  277  237  1969999899998
999989999899998999989999899998999989999899998999989999899998  -16
  -20  -44  -80 -104  -85   -8   86  100   87   81   65   33   19
   42  100  141  144  129  186  234  248  232  175  10199998
999989999899998999989999899998999989999899998999989999899998  -30
   -5    8   -2  -14  -20  -26  -34  -34   -4   31   61   76   67
  111  174  199  170  107  125  172  196  187  137   6999998
9999899998999989999899998999989999899998999989999899998  -56   -5
   64  116  139  112   70   -2  -86 -118  -67   -9   53   87   90
  144  193  218  190  117   87  103  136  147  145  12199998
99998999989999899998999989999899998999989999899998  -96  -29   26
  120  221  266  214  140   32  -61 -104  -72   -7   49   79   80
  124  164  192  174  106   46   31   89  168  245  28899998
99998999989999899998999989999899998999989999899998  -55   -5   54
  153  266  333  269  176   67   -9  -38  -18   27   55   62   42
   66  101  121   91   42  -45  -72   33  195  337  48899998
99998999989999899998999989999899998999989999899998  -17   10   62
  146  264  356  293  194  114   58   51   58   77   77   53    6
    5   19   15   -5  -50 -138 -157  -15  189  4219999899998
99998999989999899998999989999899998999989999899998    8   16   54
  107  235  388  297  183  146  144  141  137  132  115   58    7
  -36  -49  -75 -106 -144 -212 -231  -72  185  471  74899998
