tauY_total_08_2017_ano.22
  -61  -38  -10   21   41   45   12  -25  -50  -52  -31   26   52
   62   50   26  -86 -182 -147  -64   25  -86 -183 -3329999899998
999989999899998999989999899998999989999899998999989999899998
  -51  -12   22   57   70   59    3  -45  -64  -67  -37   17   39
   29    3  -35 -132 -225 -197 -126  -48 -108 -184999989999899998
999989999899998999989999899998999989999899998999989999899998
  -56    0   40   74   82   46  -32  -91 -101  -93  -61  -15    8
  -23  -56  -97 -189 -265 -252 -213 -149 -175 -228999989999899998
999989999899998999989999899998999989999899998999989999899998
  -68    0   45   69   52    3  -88 -166 -183 -155 -103  -65  -47
  -76 -115 -135 -191 -238 -259 -234 -204 -23899998999989999899998
999989999899998999989999899998999989999899998999989999899998
  -83  -18   24   29    4  -53 -150 -235 -274 -260 -190 -137  -98
  -98  -97 -110 -122 -127 -153 -171 -190 -26499998999989999899998
999989999899998999989999899998999989999899998999989999899998
  -89  -43   -5   -4  -21  -75 -165 -235 -274 -284 -222 -114  -44
  -30  -27  -29  -10   12   -5  -44  -95 -18899998999989999899998
999989999899998999989999899998999989999899998999989999899998
  -76  -44   -3   19   14  -30 -104 -167 -203 -192 -129   -5   66
   61   28   -8   34   93  135   98   35  -4499998999989999899998
999989999899998999989999899998999989999899998999989999899998
  -49   -5   44   91  105   81    0  -62  -91  -82  -34   67  129
   87  -10  -75  -17   64  155  192  129   5699998999989999899998
999989999899998999989999899998999989999899998999989999899998
  -10   54  105  158  197  191  114   42   12    4   39  114  142
   52  -58 -139  -96   -2  102  157  127   7499998999989999899998
999989999899998999989999899998999989999899998999989999899998
   37  105  150  194  231  235  193  124   85   70   81  101  110
   25  -72 -129  -91  -17   59  107   92   50   36999989999899998
999989999899998999989999899998999989999899998999989999899998
   81  132  162  188  204  205  186  155  121   86   52   25   31
   25    5  -19   10   62   98  100   68   62   82  1419999899998
999989999899998999989999899998999989999899998999989999899998
99998  122  136  143  140  135  145  149  112   58   20  -16  -31
   56  122  151  167  182  175  131   71   66  110  193  27599998
999989999899998999989999899998999989999899998999989999899998
99998999989999899998   72   71   97  114   88   73   44   12   -8
   76  190  257  277  260  209  101   37   47   98  179  205  188
  141   88   55   49   52    6  -55 -121 -187999989999899998
9999899998999989999899998   23   50   36   29   56  106   91   65
   79  141  210  239  208  120   25  -28  -10   44  102  131  113
   64   10   -9    4   23   15  -16  -63 -110999989999899998
9999899998999989999899998   -6  -63 -111  -78    9  138  205  177
  115   89   94  110   88   11  -64 -110  -89  -28   29   87   91
   28  -28  -52  -41   -6   14   13  -14  -37999989999899998
999989999899998999989999899998 -217 -273 -193   -5  204  319  327
  216   96   54   21    2  -64 -114 -165 -164  -84   15  102  139
   88   18  -37  -41  -18   26   40   23    6999989999899998
9999899998999989999899998999989999899998 -309  -21  289  454  464
  322  182  107   46   -2  -53 -117 -162 -146  -88   51  198  273
  240  170   82   25   20   52   59   36   19999989999899998
9999899998999989999899998999989999899998999989999899998  616  577
  414  286  211  146   75   14  -38  -69  -83  -57   73  240  346
  377  331  230  121   86   81   60   33   15   -49999899998
999989999899998999989999899998999989999899998999989999899998  597
  427  298  267  221  150   84   42   23  -12  -20   44  147  256
  327  348  303  218  161   98   50   25    1  -18  -2099998
999989999899998999989999899998999989999899998999989999899998  394
  266  186  198  212  166   97   45   36   15    5    7   16   65
  147  254  317  313  233  133   49    3  -19  -25  -1799998
9999899998999989999899998999989999899998999989999899998  309  159
   59   29   70  121  118   49   -5  -12    6   12  -36  -82  -83
   43  212  345  420  378  206   66  -20  -45  -17    799998
99998999989999899998999989999899998999989999899998  374  161   46
  -41  -69  -20   28   46  -33  -86  -81  -43  -21  -74 -126 -130
   52  205  353  477  492  308  106   -4  -16   36   8999998
99998999989999899998999989999899998999989999899998  217  123   48
  -13  -32    6   10  -25 -120 -143 -129  -87  -55  -69  -80  -50
   80  196  325  425  454  332  159   77   70  124  19899998
99998999989999899998999989999899998999989999899998  102  140  127
  120  144  170  120  -71 -157 -171 -150 -119  -86  -35   14   64
  105  163  246  314  346  282  195  154  169  2469999899998
99998999989999899998999989999899998999989999899998   50  206  250
  298  370  458  332  -80 -132 -136 -118 -111  -86    7  111  180
  116  116  140  174  219  211  205  199  234  359  52899998
