tauY_total_02_2016_ano.22
   20   14   53  127  205  280  296  299  292  285  313  316  272
  140   -2 -108 -278 -387 -338 -289 -220 -297 -365 -4779999899998
999989999899998999989999899998999989999899998999989999899998
  128  149  187  263  325  373  354  327  314  310  315  298  249
  135    0 -113 -241 -323 -341 -343 -338 -406 -469999989999899998
999989999899998999989999899998999989999899998999989999899998
  197  249  285  353  416  437  394  314  274  260  266  246  190
   89  -25 -132 -189 -258 -350 -401 -444 -517 -605999989999899998
999989999899998999989999899998999989999899998999989999899998
  223  285  318  372  419  438  350  236  170  139  154  150  106
   18  -82 -137 -125 -212 -367 -453 -496 -56399998999989999899998
999989999899998999989999899998999989999899998999989999899998
  215  244  273  301  330  329  215  105   22   -4   16   14    2
  -59 -100  -90 -154 -251 -363 -437 -484 -53899998999989999899998
999989999899998999989999899998999989999899998999989999899998
  209  206  216  222  216  189   79   -5  -74  -99  -93  -79  -81
  -78   -5   -7 -182 -308 -375 -411 -415 -41899998999989999899998
999989999899998999989999899998999989999899998999989999899998
  220  202  196  181  150   97   22  -38  -75  -91  -77  -72  -69
  -34   49    8 -193 -327 -383 -388 -351 -31299998999989999899998
999989999899998999989999899998999989999899998999989999899998
  210  201  182  141   84   30  -17  -41  -29   -6    8   15  -10
  -16  -10  -29 -205 -322 -373 -363 -301 -23599998999989999899998
999989999899998999989999899998999989999899998999989999899998
  130  129   99   43  -25  -72  -65  -42   19   68   81   56    3
  -53  -93 -122 -208 -294 -340 -309 -236 -16099998999989999899998
999989999899998999989999899998999989999899998999989999899998
    4  -16  -50 -104 -166 -202 -140  -57   40   98  102   57  -19
 -111 -179 -200 -220 -241 -244 -215 -167 -115  -72999989999899998
999989999899998999989999899998999989999899998999989999899998
 -109 -170 -214 -263 -297 -296 -187  -83   11   79   98   35  -57
 -157 -231 -242 -209 -172 -141 -117 -105  -86  -59  -259999899998
999989999899998999989999899998999989999899998999989999899998
99998 -290 -332 -361 -349 -304 -209 -120  -53   15   46   -5  -91
 -175 -230 -226 -162 -106  -74  -55  -53  -61  -56  -28    199998
999989999899998999989999899998999989999899998999989999899998
99998999989999899998 -335 -262 -194 -141 -102  -68  -34  -50  -99
 -155 -179 -175 -117  -74  -55  -44  -48  -61  -67  -33    6   42
   46   36   13   -4    6   28   51   68   86999989999899998
9999899998999989999899998 -174 -152 -135 -121 -104  -66  -45  -58
  -96 -119 -121 -101  -85  -79  -94 -115 -118  -99  -40   11   45
   54   39   17    7   12   31   48   62   72999989999899998
9999899998999989999899998  -79 -111 -119 -117  -78  -25   15   16
  -21  -63  -81 -102 -103 -103 -134 -189 -190 -112  -33   25   55
   60   43   20    3    1   13   31   45   55999989999899998
999989999899998999989999899998  -84  -98  -72  -22   42   91   91
   49    3  -35  -75  -77  -83 -110 -153 -138  -74  -13   46   76
   74   55   22  -13  -32  -26  -10   11   26999989999899998
9999899998999989999899998999989999899998  -23   36  100  138  146
  116   64   17    3   10    7    0  -20  -22   -7   31   74  105
  101   88   43  -21  -75  -82  -65  -39  -15999989999899998
9999899998999989999899998999989999899998999989999899998  155  170
  156  117   77   95  127  154  155  126   95   71   85  112  136
  153  153  100    9  -79 -121 -107  -71  -35  -209999899998
999989999899998999989999899998999989999899998999989999899998  164
  153  134  119  157  210  268  280  245  179  133  126  133  145
  179  200  168   74  -25  -84 -104  -74  -23    9   2399998
999989999899998999989999899998999989999899998999989999899998  130
  124  115  112  148  208  281  309  274  198  152  128  106  112
  158  199  203  158   72   -4  -52  -39    1   52   8299998
9999899998999989999899998999989999899998999989999899998  111  101
   86   72   71  102  155  206  230  208  152  103   67   49   62
  113  164  203  204  148   57   -4  -11   40  191  32999998
99998999989999899998999989999899998999989999899998  144   95   67
   42   24   30   68  109  124  126  114   69   32    7   13   25
   66  115  165  188  166   72    9   24  181  438  71399998
99998999989999899998999989999899998999989999899998   78   33    6
  -10  -17    0   42   78   74   62   45   29   23   20   24   31
   42   69  108  132  122   34  -15   67  261  556  91599998
99998999989999899998999989999899998999989999899998  -28  -48  -65
  -66  -51  -15   24   57   54   35   22   46   64   75   73   64
   57   55   67   83   77   -8  -49   69  292  5949999899998
99998999989999899998999989999899998999989999899998 -135 -122 -124
 -108  -69  -22   19   51   54   38   39   86  112  127  128  100
   75   60   53   43   39  -42  -87   41  286  592  91099998
