tauY_total_10_2016_ano.22
  313  165   58  -24  -81  -97 -127 -138 -133  -97  -48  -56  -32
   16   67  131  169  190  164  121  110  125  132  1319999899998
999989999899998999989999899998999989999899998999989999899998
  336  206  103   17  -43  -73  -98  -98  -66  -23   33   86  116
  169  207  247  229  192  148  119  110  132  143999989999899998
999989999899998999989999899998999989999899998999989999899998
  322  219  128   46  -18  -55  -61  -48    7   48   99  160  189
  230  261  266  219  151  105  103  108  132  159999989999899998
999989999899998999989999899998999989999899998999989999899998
  260  195  125   52  -20  -50  -34   12   73  125  134  168  168
  178  197  208  138   60   42   26   70   9699998999989999899998
999989999899998999989999899998999989999899998999989999899998
  154  117   74   15  -44  -79  -10   84  151  169  136   67   46
   43   51   57    6  -35  -52  -37   -8   -399998999989999899998
999989999899998999989999899998999989999899998999989999899998
   33   27    9  -33  -80 -103   -5  112  185  187  105  -25  -73
  -49  -33  -49  -54  -55  -76  -84 -101 -14799998999989999899998
999989999899998999989999899998999989999899998999989999899998
  -30  -15  -13  -42  -70  -87   13  129  196  189   98  -10  -76
  -57  -32  -28  -25  -44  -89 -131 -181 -25599998999989999899998
999989999899998999989999899998999989999899998999989999899998
    1   25   33   17    0   -6   55  149  198  185   96   28   -9
    1   16   19   -1  -24  -67 -137 -197 -26299998999989999899998
999989999899998999989999899998999989999899998999989999899998
   94  106  104   99   91   84  115  158  177  146   78   29   20
   29   36   30   18   -2  -34  -83 -136 -18299998999989999899998
999989999899998999989999899998999989999899998999989999899998
  210  195  178  173  158  142  137  139  138   94   45   25   18
   27   35   26   27   15   -7  -30  -61  -95 -121999989999899998
999989999899998999989999899998999989999899998999989999899998
  302  264  234  208  180  154  124  101   78   48   29   16    8
   12   17   21   18    9   -3  -13   -7  -23  -42  -599999899998
999989999899998999989999899998999989999899998999989999899998
99998  288  255  194  142  113   71   45   15    9   13    4  -13
  -26  -11   18   15   -9  -24    6   54   67   59   53   7199998
999989999899998999989999899998999989999899998999989999899998
99998999989999899998   96   52   16    3    2   12   14   -8  -20
  -24   -5   15    5  -34  -43    6   89  143  153  142  125  131
  113   50  -17  -43  -33  -87 -114 -144 -210999989999899998
9999899998999989999899998   13    0   -9   10   40   76   58   51
   56   72   76   18  -39  -55    0  106  193  224  196  163  136
   78   -7  -63  -72  -44  -26  -16  -16  -29999989999899998
9999899998999989999899998  -20  -38  -43   -5   61  128  180  194
  202  200  184   88   -3  -41   12  114  218  267  238  194  147
   44  -56 -113 -114  -54   37   96  124  141999989999899998
999989999899998999989999899998  -94  -86  -25   64  167  276  335
  346  330  281  164   44  -11    8  103  210  279  280  241  170
   37  -71 -134 -131  -59  106  191  219  249999989999899998
9999899998999989999899998999989999899998  -75   47  190  344  416
  415  378  321  199   67    3    3   81  215  309  345  317  235
   91  -16  -79  -81  -27  131  210  225  250999989999899998
9999899998999989999899998999989999899998999989999899998  363  411
  385  350  320  213   93   10   19  108  262  372  409  391  303
  179   86   48   35   90  135  139  136  145  1499999899998
999989999899998999989999899998999989999899998999989999899998  276
  255  279  293  228  140   61   73  176  346  452  448  383  302
  227  164  161  217  285  189  111   70   51   58   9199998
999989999899998999989999899998999989999899998999989999899998   76
  117  191  273  259  192  140  144  237  380  463  426  331  234
  182  165  216  299  351  271  154   69   28   36   6499998
9999899998999989999899998999989999899998999989999899998  -64  -60
   20  137  264  292  244  187  187  256  349  399  345  240  136
   98  118  194  275  325  273  183   94   29    5   1799998
99998999989999899998999989999899998999989999899998  -41  -87 -109
  -47   96  251  303  263  182  153  210  256  264  198  103   37
   28   65  137  211  246  232  165   69    3   -3  -1399998
99998999989999899998999989999899998999989999899998  -22  -70  -99
  -69   44  197  261  228  124   88  121  143  130   68    6   -5
   19   60  102  154  175  142   91   19  -10   -3    699998
99998999989999899998999989999899998999989999899998   26  -38  -74
  -65   -2  125  192  168   67   30   47   55   34   -3  -13  -10
   34   83  112  125  125   69    7  -15    4   449999899998
99998999989999899998999989999899998999989999899998   78   -2  -52
  -55   -8   77  129  130   80   27   24   23    8   -7  -10    2
   63  116  143  147  124   43  -34   -8   41  127  23499998
