tauY_total_05_2015_ano.22
   69   50   62  104  146  178  259  291  226  115  -36 -141 -192
 -149  -37  118  478  656  568  411  236   37 -113 -1849999899998
999989999899998999989999899998999989999899998999989999899998
   -5   13   35   69  107  141  189  197  116    0 -125 -213 -253
 -191  -64   97  311  417  331  198   41 -122 -241999989999899998
999989999899998999989999899998999989999899998999989999899998
  -49  -14   12   39   68   96   99   75   -9 -112 -207 -280 -300
 -224  -96   39  132  185  105  -13 -151 -290 -382999989999899998
999989999899998999989999899998999989999899998999989999899998
  -53  -16    6   25   48   58    3  -45 -102 -164 -242 -305 -326
 -268 -167  -81  -55  -11  -60 -156 -270 -37899998999989999899998
999989999899998999989999899998999989999899998999989999899998
  -11    3   21   41   51   29  -22  -63  -90 -129 -172 -235 -361
 -447 -409 -283 -180 -139 -141 -173 -228 -29599998999989999899998
999989999899998999989999899998999989999899998999989999899998
   38   38   39   37   21    0  -25  -37  -32  -32  -66 -220 -435
 -651 -708 -533 -305 -198 -151 -118 -115 -14799998999989999899998
999989999899998999989999899998999989999899998999989999899998
   55   46   26   -5  -38  -67  -62  -61  -17   27   32 -180 -441
 -689 -761 -607 -355 -182 -111  -52  -11  -1499998999989999899998
999989999899998999989999899998999989999899998999989999899998
   41   15  -16  -61 -111 -136 -132 -126  -55   48   87 -110 -344
 -536 -589 -457 -255  -86  -31    7   41   6199998999989999899998
999989999899998999989999899998999989999899998999989999899998
   -3  -42  -87 -139 -176 -187 -197 -197 -116   -1   67  -62 -259
 -396 -412 -259  -79   31   39   33   46   6699998999989999899998
999989999899998999989999899998999989999899998999989999899998
  -67 -126 -176 -214 -230 -224 -241 -250 -195  -89   -9  -93 -252
 -349 -325 -160   36   98   70   22   12   21   20999989999899998
999989999899998999989999899998999989999899998999989999899998
 -134 -207 -250 -266 -252 -222 -240 -253 -238 -177 -105 -169 -307
 -384 -309 -122   41  115   73   14  -12  -21  -14    39999899998
999989999899998999989999899998999989999899998999989999899998
99998 -260 -290 -278 -238 -189 -181 -191 -210 -183 -144 -278 -401
 -436 -330 -130   42  130   81   20  -20  -37  -37    2   5999998
999989999899998999989999899998999989999899998999989999899998
99998999989999899998 -197 -145 -107 -104 -116 -113  -88 -269 -403
 -399 -249  -56  124  171   98    7  -49  -75  -71   -8   47   96
   96   70   43   33   43   58   76   68   53999989999899998
9999899998999989999899998 -107  -61  -64  -52  -22   10  -86 -183
 -148  -25  130  230  194   82  -58 -134 -145 -101  -20   45   82
   96   89   73   63   72   81   82   75   66999989999899998
9999899998999989999899998  -82 -100 -100  -59    6   73  122  111
  145  233  332  284  176   20 -127 -182 -146  -66   -1   62   90
  101   92   72   73   91   98   78   63   53999989999899998
999989999899998999989999899998 -191 -179 -109   -7   97  206  260
  290  339  381  269  130  -18 -124 -145  -61   19   59   88   98
   85   54   36   50   95  104   68   33   37999989999899998
9999899998999989999899998999989999899998 -187  -48   92  219  267
  268  284  299  231  115   19  -23   -9   58  108  124  111   70
    4  -34  -15   43  117  130  103   58   60999989999899998
9999899998999989999899998999989999899998999989999899998  194  208
  178  171  186  177  129   97   91  107  145  159  146   77  -16
 -126 -173  -92   43  165  196  166  115  100  1489999899998
999989999899998999989999899998999989999899998999989999899998  106
   65   63   89  130  147  143  143  152  162  162  112    4 -120
 -246 -281 -154   48  233  271  225  154  112  132  18299998
999989999899998999989999899998999989999899998999989999899998   17
  -16  -19   18   82  121  111   98   89  107  116   50  -68 -199
 -293 -310 -175   46  250  313  246  152   85   75   9499998
9999899998999989999899998999989999899998999989999899998   83   -1
  -50  -61  -21   40   62   36   11   -1   20   57   12  -87 -191
 -257 -263 -164   37  203  256  233  138   52   24    499998
99998999989999899998999989999899998999989999899998  173   87    4
  -60  -82  -55  -32  -16  -33  -58  -69  -24   18   14  -29  -89
 -134 -136  -85   -1   82  151  197  154  101   47   -199998
99998999989999899998999989999899998999989999899998  137   54  -14
  -77 -120 -119  -87  -71  -72  -75  -69  -44  -18   24   53   44
   29   24   21    6   26  113  201  232  219  163   9399998
99998999989999899998999989999899998999989999899998  101   27  -40
 -102 -154 -169 -130 -107  -89  -67  -57  -63  -50   18   86  145
  166  163  103   46   27  125  234  324  359  3439999899998
99998999989999899998999989999899998999989999899998   83   16  -50
 -106 -146 -173 -178 -140  -99  -79  -64  -88  -84   -1  102  199
  251  261  169   76   26  142  266  402  484  509  50799998
