tauY_total_06_2015_ano.22
  241  279  284  223  142   38   55   93  156  179  165   99   33
  -11  -63 -107 -159 -192 -192 -166 -152 -119  -93  -829999899998
999989999899998999989999899998999989999899998999989999899998
  180  227  234  178   89   -3    1   29   93  130   96   24  -56
 -116 -170 -205 -245 -249 -221 -191 -166 -141 -123999989999899998
999989999899998999989999899998999989999899998999989999899998
  117  163  174  120   33  -66  -82  -54   14   41    1  -96 -179
 -249 -293 -315 -292 -256 -213 -183 -156 -173 -177999989999899998
999989999899998999989999899998999989999899998999989999899998
   75  111  122   72  -22 -130 -179 -144  -57  -36  -87 -197 -278
 -345 -370 -348 -256 -209 -198 -171 -159 -20199998999989999899998
999989999899998999989999899998999989999899998999989999899998
   75   95   93   40  -36 -158 -211 -110   11    7  -90 -216 -300
 -331 -301 -237 -145 -133 -167 -193 -203 -28099998999989999899998
999989999899998999989999899998999989999899998999989999899998
  115  104   93   52  -46 -128  -70   99  198  176   32 -143 -241
 -232 -167  -81  -64 -101 -191 -262 -285 -37399998999989999899998
999989999899998999989999899998999989999899998999989999899998
  114   92   75   33  -41  -98   34  201  301  261  136  -33 -152
 -131  -60    8  -47 -134 -245 -316 -330 -40099998999989999899998
999989999899998999989999899998999989999899998999989999899998
   45   36   20  -22  -76 -111   16  149  235  236  156   33  -72
  -63  -24    3 -101 -187 -260 -302 -285 -29099998999989999899998
999989999899998999989999899998999989999899998999989999899998
  -54  -50  -60  -94 -142 -170  -79   21  102  132   97   27  -35
  -54  -60  -81 -147 -210 -229 -208 -141  -9299998999989999899998
999989999899998999989999899998999989999899998999989999899998
 -147 -138 -129 -146 -189 -223 -198 -135  -70  -23  -14  -26  -29
  -68 -130 -165 -178 -190 -146  -61    4   57   84999989999899998
999989999899998999989999899998999989999899998999989999899998
 -208 -176 -150 -155 -176 -221 -285 -285 -254 -211 -166  -88  -30
  -67 -109 -135 -110  -80  -23   53   98  120  165  2159999899998
999989999899998999989999899998999989999899998999989999899998
99998 -153 -116 -106 -127 -179 -275 -334 -344 -315 -224 -106  -25
  -27    5   36   72   82   84   94  100  130  178  238  26499998
999989999899998999989999899998999989999899998999989999899998
99998999989999899998  -81 -139 -234 -302 -309 -260 -165  -73  -15
   49  130  204  242  214  147   54   16   71  132  195  190  143
  160  199  238  208  128   92  101  192  300999989999899998
9999899998999989999899998 -104 -193 -249 -235 -178  -96  -50  -22
   65  170  278  291  244  123   -9  -62   -3   72  109  102   59
   57   88  131  135  100   94  127  206  286999989999899998
9999899998999989999899998 -115 -192 -212 -181 -134  -73  -51  -46
   13  121  231  240  200   88  -23  -74  -47   24   38   22  -23
  -38    6   55   80   62   71  128  193  241999989999899998
999989999899998999989999899998 -200 -191 -156 -110  -65  -66  -75
  -58   10  103  140  138   84   24  -11  -30    8   16  -24  -84
  -77  -16   44   58   33   48   89  137  178999989999899998
9999899998999989999899998999989999899998 -153 -107  -77  -82  -92
 -106  -88  -29   60   99  111  107   80   49   27   33  -22  -71
  -37   30   92   96   51   32   41   82  121999989999899998
9999899998999989999899998999989999899998999989999899998  -62  -75
 -101 -108  -85   15   90  145  180  143   96   52   44    9  -21
   34  106  158  152   88   21   14   59   92  1089999899998
999989999899998999989999899998999989999899998999989999899998  -22
  -56  -78  -75    4   68  113  128  114   61   41   33   38   57
  120  157  162  144   92   30   15   61   99   97   9099998
999989999899998999989999899998999989999899998999989999899998   16
  -19  -43  -31  -15    3    2  -10  -28  -24   29   74  149  189
  214  213  176  116   71   52   66  102  107   79   5499998
9999899998999989999899998999989999899998999989999899998   11  -11
  -15    4   51   22  -22  -74 -106 -126  -70   39  190  296  355
  319  276  206  125   75  107  149  151  128   87   4299998
99998999989999899998999989999899998999989999899998  -88  -88  -50
    8  102  183  177   97  -23 -115 -119  -61   45  235  398  433
  364  301  226  145  120  165  213  198  161  119   7999998
99998999989999899998999989999899998999989999899998 -181 -115  -31
   88  234  359  373  293  111  -42  -91  -44   40  168  263  300
  257  207  173  144  150  205  245  239  212  172  14199998
99998999989999899998999989999899998999989999899998 -223  -95   32
  200  377  519  568  482  247   30  -76  -34   22   52   86   99
   85   62   77  117  182  231  264  280  261  2499999899998
99998999989999899998999989999899998999989999899998 -241  -44  117
  315  509  648  717  641  357   43  -86  -39    3  -29  -52  -68
  -68  -78  -28   89  196  235  261  290  308  326  36099998
