tauY_total_01_2015_ano.22
  616  496  444  481  522  559  484  425  414  427  453  452  421
  342  249  175   -2 -159 -299 -405 -458 -469 -468 -4659999899998
999989999899998999989999899998999989999899998999989999899998
  471  406  371  392  420  446  409  355  328  321  344  330  262
  195   97    3 -110 -187 -276 -409 -497 -527 -539999989999899998
999989999899998999989999899998999989999899998999989999899998
  328  299  277  284  289  273  235  171  129  105  133  104   25
  -65 -197 -284 -291 -298 -343 -398 -510 -590 -643999989999899998
999989999899998999989999899998999989999899998999989999899998
  216  217  204  179  131   74  -17 -110 -163 -145 -118 -126 -159
 -272 -379 -460 -418 -376 -394 -424 -505 -63299998999989999899998
999989999899998999989999899998999989999899998999989999899998
  143  164  164  114   29  -75 -232 -323 -347 -311 -255 -202 -169
 -274 -351 -437 -419 -362 -348 -392 -478 -63699998999989999899998
999989999899998999989999899998999989999899998999989999899998
  106  150  158   93    7 -111 -269 -348 -343 -280 -185  -89  -28
  -97 -195 -281 -278 -249 -235 -290 -416 -58799998999989999899998
999989999899998999989999899998999989999899998999989999899998
  104  153  166  120   36  -73 -182 -258 -227 -137  -28   86  118
   89  -17 -110 -119 -126 -132 -192 -363 -52999998999989999899998
999989999899998999989999899998999989999899998999989999899998
  128  161  181  174   98    3  -78 -142 -105  -17   77  181  180
  146   66  -29  -67  -68  -82 -194 -325 -44299998999989999899998
999989999899998999989999899998999989999899998999989999899998
  133  158  169  170  140   68  -18  -87  -78  -21   68  108  112
   33  -59 -132 -146 -124 -146 -197 -258 -32099998999989999899998
999989999899998999989999899998999989999899998999989999899998
  115  125  119  107   97   67  -43 -131 -165 -129  -66  -38  -22
 -111 -225 -279 -264 -217 -186 -157 -177 -194 -187999989999899998
999989999899998999989999899998999989999899998999989999899998
   88   62   45   31   29   23  -81 -169 -235 -259 -225 -163 -144
 -194 -246 -292 -280 -234 -157 -103  -87  -81  -64  -439999899998
999989999899998999989999899998999989999899998999989999899998
99998   -7  -31  -34  -11   10  -22  -76 -165 -225 -215 -173 -162
 -178 -192 -218 -213 -175  -97  -27   16   34   31   22   1599998
999989999899998999989999899998999989999899998999989999899998
99998999989999899998  -16   33   82   85   24  -13  -32  -56  -77
 -100 -123 -131 -124  -82  -15   66  122  123  101   66   38   28
   -9  -46  -46  -14   38   64   59   18  -32999989999899998
9999899998999989999899998   68  161  152  123  115  133   90   46
   15  -15  -34  -13   37   93  154  203  186  142   95   68   49
    8  -28  -36  -10   32   50   44   12  -26999989999899998
9999899998999989999899998  107   92   32   42   81  153  194  176
  143   97   74  104  144  189  240  269  244  167  119   88   64
   25  -11  -21   -4   29   46   41   21    1999989999899998
999989999899998999989999899998 -126 -197 -162  -44   94  218  264
  226  169  159  182  209  248  287  308  268  159  107   79   63
   32    8    3   12   34   46   43   31   29999989999899998
9999899998999989999899998999989999899998 -428 -215    3  181  256
  218  173  163  182  202  227  241  227  146   70   45   27   17
   16   11   15   26   38   46   35   27   30999989999899998
9999899998999989999899998999989999899998999989999899998  130  193
  151  126  110  116  130  136  117   52  -18  -21  -13  -12  -20
  -14    6   24   35   35   26    5   -2    3   229999899998
999989999899998999989999899998999989999899998999989999899998  144
  107   69   50   37   44   33  -14  -94 -103  -71  -41  -28  -29
  -17    6   26   47   60   15  -22  -37  -18   10   3999998
999989999899998999989999899998999989999899998999989999899998  122
   92   55   28   10   15   -6  -56 -121 -120  -82  -42  -19  -22
  -15   -4   24   56   69   34  -12  -30  -21   13   4499998
9999899998999989999899998999989999899998999989999899998  113  110
   91   68   45   45   39   13  -37  -97 -101  -71  -20    1   -7
  -18  -19   13   46   71   47   18    1    2   23   6099998
99998999989999899998999989999899998999989999899998   46   78   84
   84   81   74   83   83   56    0  -57  -72  -46   10   31    6
  -29  -39  -12   31   67   80   68   50   43   45   5399998
99998999989999899998999989999899998999989999899998   -4   11   23
   36   44   52   85  102   80   30  -21  -35  -11   35   53   20
  -29  -50  -30   15   62   94  101   80   50   30   1999998
99998999989999899998999989999899998999989999899998  -56  -55  -48
  -38  -23   -6   47   92   77   43    4   -1   24   58   60   35
  -21  -62  -46    2   50  112  124   85   32  -119999899998
99998999989999899998999989999899998999989999899998  -98 -108 -103
  -95  -83  -71    3   67   59   37    9   26   51   74   83   64
   22  -52  -48   -5   70  129  131   75    7  -66 -12899998
