tauY_total_06_2016_ano.22
  196  180  165  149  125  100   52   16  -12  -33  -51  -85 -123
 -197 -261 -299 -291 -264 -110   32  133    1 -120 -2699999899998
999989999899998999989999899998999989999899998999989999899998
  176  167  156  138  106   71   30    0   -9  -13  -19  -38  -58
 -110 -169 -217 -230 -197  -92   -1   48  -48 -146999989999899998
999989999899998999989999899998999989999899998999989999899998
  130  131  127  108   81   35    1  -28  -23   -9   10   24   26
   -2  -54 -106 -123 -110  -67  -23  -23 -111 -212999989999899998
999989999899998999989999899998999989999899998999989999899998
   74   90   95   79   50    7  -38  -65  -48  -16   14   70   98
   90   54    7  -13  -23  -30  -45  -71 -15499998999989999899998
999989999899998999989999899998999989999899998999989999899998
   37   60   69   57   30   -9  -59  -80  -60  -30    1   65  123
  139  119   79   60   32   -1  -36  -79 -19899998999989999899998
999989999899998999989999899998999989999899998999989999899998
   30   48   55   44   20  -12  -51  -55  -39  -25  -11   54  113
  147  157  127   90   49   13  -20  -55 -17799998999989999899998
999989999899998999989999899998999989999899998999989999899998
   38   42   44   34   16    0   -1    8   12   14   12   47   92
  138  160  139   82   39   17   -5  -32 -13299998999989999899998
999989999899998999989999899998999989999899998999989999899998
   40   27   12    0    4   17   52   81   84   67   51   51   75
  122  140  111   47    0  -18  -29  -30  -7399998999989999899998
999989999899998999989999899998999989999899998999989999899998
   13  -25  -52  -54  -35    6   85  134  136  117   90   76   89
  116  119   81    5  -55  -81  -74  -42  -4499998999989999899998
999989999899998999989999899998999989999899998999989999899998
  -28  -78 -110 -107  -79  -26   56  125  145  123   97  101  117
  126  108   45  -42  -98 -107  -82  -50  -33  -45999989999899998
999989999899998999989999899998999989999899998999989999899998
  -44 -105 -140 -145 -122  -75   -2   58   82   86   79  101  133
  138   89   17  -62 -106  -96  -62  -36  -27   -8    59999899998
999989999899998999989999899998999989999899998999989999899998
99998  -97 -133 -157 -140 -105  -62  -28   -8    5   18   66   98
   97   59    0  -55  -79  -55  -27   -5   11   25   54   9799998
999989999899998999989999899998999989999899998999989999899998
99998999989999899998 -131 -104  -83  -81  -79  -65  -38   -9   22
   32   16  -20  -34  -40  -23    9   42   66   79  102   98   89
   77   61   56   42   28    8   -7  -22  -49999989999899998
9999899998999989999899998  -62  -91 -116 -128 -116  -66  -39  -24
  -17   -3   11   23    0  -25    9   54  106  134  129  104   70
   19  -12  -16    0   19   20   19   10    4999989999899998
9999899998999989999899998  -13 -105 -162 -181 -130  -44   17   39
   41   85  128  101   46  -16  -39    4   87  149  142  110   54
  -14  -62  -66  -27   15   43   57   56   53999989999899998
999989999899998999989999899998 -149 -225 -211 -134    1  103  133
  150  196  245  185   87  -13  -82  -64   31  105  115   94   51
  -21  -73  -67  -30   12   71   80   68   66999989999899998
9999899998999989999899998999989999899998 -257 -118   64  173  189
  199  227  284  245  147   29  -62  -91  -42   -2   25   33   29
   -7  -35  -24   -5   23   57   56   34   21999989999899998
9999899998999989999899998999989999899998999989999899998  199  177
  154  178  247  269  240  138   36  -38 -103 -122 -103  -52   -9
    8   31   39   39   49   25   -9  -43  -55  -449999899998
999989999899998999989999899998999989999899998999989999899998   87
   24   71  161  272  317  261  152   34 -119 -216 -210 -149  -66
   30   91   96  101   92   14  -58  -94  -94  -70  -3799998
999989999899998999989999899998999989999899998999989999899998    0
  -52  -31   74  250  357  344  243   76 -116 -238 -243 -182  -92
   61  148  167  158  136   45  -31  -58  -62  -64  -4899998
9999899998999989999899998999989999899998999989999899998  102   -9
  -61  -57   30  221  373  373  247   53 -117 -217 -210 -149  -40
  124  200  219  208  175  119   77   55   20  -24  -5499998
99998999989999899998999989999899998999989999899998  300  142   12
  -70  -75    2  176  351  319  158  -40 -164 -197 -160  -77   49
  162  224  233  203  170  181  197  187  126   37  -4899998
99998999989999899998999989999899998999989999899998  278  137   14
  -85 -129  -75   53  241  170  -44 -219 -216 -193 -137  -44   42
  132  203  179  149  132  209  275  277  217  102  -1999998
99998999989999899998999989999899998999989999899998  247  123    4
 -104 -186 -171  -75   67 -201 -284 -340 -233 -192 -138  -72   -3
   64  146  105   72   75  215  310  321  272  1649999899998
99998999989999899998999989999899998999989999899998  222  115   -2
 -113 -185 -221 -199 -174  -74 -337 -376 -227 -187 -151 -107  -48
    3  110   30   23   30  194  318  358  301  192   6999998
