tauY_total_05_2016_ano.22
  140  114   94   59   21  -17  -10  -14  -36  -76 -133 -225 -284
 -273 -227 -174 -152 -142  -53   20   82   15  -42 -1299999899998
999989999899998999989999899998999989999899998999989999899998
   83   75   66   44   12  -16  -23  -36  -63  -96 -142 -210 -255
 -238 -181 -124 -119 -109  -86  -70  -54  -84 -114999989999899998
999989999899998999989999899998999989999899998999989999899998
   16   26   35   31   17  -10  -30  -43  -62  -86 -120 -167 -193
 -163 -101  -35  -29  -38  -89 -123 -146 -174 -200999989999899998
999989999899998999989999899998999989999899998999989999899998
  -20   14   33   38   39   21  -14  -20  -22  -34  -59  -88 -101
  -56   15   68   70   42  -41 -122 -180 -21699998999989999899998
999989999899998999989999899998999989999899998999989999899998
    0   40   63   74   72   56   39   36   53   49   29    5    3
   60  110  129  127   94   29  -54 -138 -21599998999989999899998
999989999899998999989999899998999989999899998999989999899998
   72   99  105  103   85   62   67   83  115  117   93   72   65
   98  123  119  110   90   53  -13  -78 -14599998999989999899998
999989999899998999989999899998999989999899998999989999899998
  148  137  110   74   39   21   54   88  119  130  114   89   54
   43   41   42   37   28   15  -11  -56 -11599998999989999899998
999989999899998999989999899998999989999899998999989999899998
  165  101   52    1  -51  -65   -5   57   97  116  105   65   18
  -21  -49  -64  -65  -58  -51  -54  -77 -10999998999989999899998
999989999899998999989999899998999989999899998999989999899998
   97   12  -38  -85 -126 -131  -66    8   55   87   83   41   -7
  -65 -121 -151 -145 -127 -106  -93 -103 -12799998999989999899998
999989999899998999989999899998999989999899998999989999899998
  -12  -63  -92 -118 -128 -119  -86  -31   15   49   59   30  -20
  -94 -160 -202 -195 -152 -114  -99  -96 -119 -153999989999899998
999989999899998999989999899998999989999899998999989999899998
 -104  -88  -76  -66  -55  -48  -53  -34    2   41   62   39   -2
  -85 -167 -194 -172 -128  -87  -33  -13  -36  -69  -989999899998
999989999899998999989999899998999989999899998999989999899998
99998  -55  -13   24   43   26    1  -11   21   62   90   83   47
  -29  -93 -112  -90  -52    6   78  134  111   48    0   1099998
999989999899998999989999899998999989999899998999989999899998
99998999989999899998   96   50    9   -2   39   86  118  128   99
   50    9   -7    1   29  106  207  296  275  182   96   58  111
  177  188  131   75   46   11  -23  -66  -94999989999899998
9999899998999989999899998   -5  -31  -31   15   73  131  147  119
   88   57   48   56   89  186  309  421  405  291  146   72  109
  158  172  138  108   86   59   23  -14  -40999989999899998
9999899998999989999899998 -119 -135 -124  -69   24  101  132  119
   85   50   64   88  128  213  344  451  442  317  129   45   85
  137  165  156  141  132  104   68   35   16999989999899998
999989999899998999989999899998 -279 -243 -161  -55   45   99  107
   67   53   73  118  172  226  293  342  293  138  -13  -41   11
   85  139  174  183  178  141   98   63   41999989999899998
9999899998999989999899998999989999899998 -256 -122    6   79   98
   72   54   72  141  204  235  225  175   40 -129 -194 -201 -138
  -24   78  170  224  207  158  102   60   39999989999899998
9999899998999989999899998999989999899998999989999899998   84   95
   75   55   70  142  212  223  187  110  -54 -214 -305 -309 -273
 -130   29  151  225  210  124   64   33   16   199999899998
999989999899998999989999899998999989999899998999989999899998   77
   49   37   55  111  166  190  197  144    2 -134 -266 -350 -336
 -189  -21  100  164  154   60   -6  -16   -3   12   2999998
999989999899998999989999899998999989999899998999989999899998   37
    8    4   21   49   92  163  210  211  118   -2 -149 -276 -307
 -185  -44   57  110   81    5  -56  -51  -22   13   4199998
9999899998999989999899998999989999899998999989999899998   26    2
  -23  -36  -15    9   46  141  236  269  221  119  -17 -150 -192
 -111  -24   41   62   26  -38  -81  -65  -31   12   5399998
99998999989999899998999989999899998999989999899998   61   10  -27
  -50  -54  -30    5   48  135  230  271  243  160   46  -52  -81
  -42   17   47   25   -9  -61  -61  -31    3   31   6399998
99998999989999899998999989999899998999989999899998   38  -18  -55
  -71  -66  -30   24   73  117  179  215  170   97   13  -46  -46
  -21   27   35   11  -20  -23    6   50   89   98   9899998
99998999989999899998999989999899998999989999899998    8  -41  -76
  -90  -78  -29   42   95  100  109  123   75    8  -45  -60  -55
   -9   34   36   20    2   38   88  147  185  1969999899998
99998999989999899998999989999899998999989999899998  -17  -58  -89
 -104  -86  -37   41  116  100   75   53   17  -25  -58  -70  -65
   -6   46   46   29   16   82  151  221  268  278  27299998
