tauY_total_10_2014_ano.22
  173  215  233  207  164  102   36  -14  -94 -174 -259 -329 -347
 -195  -28  141  226  272  258  204  152   99   64   369999899998
999989999899998999989999899998999989999899998999989999899998
  155  197  218  207  170  119   78   35  -23  -88 -161 -243 -273
 -184  -64   48  108  151  143   99   47    8   -9999989999899998
999989999899998999989999899998999989999899998999989999899998
  113  154  176  179  163  124  106   82   51    4  -56 -121 -154
 -132  -76  -32   18   51   31  -14  -54 -106 -137999989999899998
999989999899998999989999899998999989999899998999989999899998
   65   96  119  132  127  108  111  105   96   65   29    1   -9
  -25  -59  -86  -49  -27  -46  -76 -137 -21399998999989999899998
999989999899998999989999899998999989999899998999989999899998
   20   41   61   73   77   72   75   79   78   72   63   84   96
   64   -9  -84  -83  -69  -70 -103 -182 -28699998999989999899998
999989999899998999989999899998999989999899998999989999899998
   -5    4   22   36   40   35   30   30   31   44   59  104  128
   89   13  -70  -88  -94  -89 -114 -177 -28199998999989999899998
999989999899998999989999899998999989999899998999989999899998
  -10    0   10   19   28   31   11  -11  -15    6   40   93  115
   76    4  -73 -115 -122 -104 -113 -155 -23299998999989999899998
999989999899998999989999899998999989999899998999989999899998
   -7    5   15   26   42   45   12  -30  -43  -25   25   60   85
   57    0  -70 -118 -123 -108 -101 -115 -13599998999989999899998
999989999899998999989999899998999989999899998999989999899998
   -8    6   15   33   48   52    6  -46  -61  -47  -10   31   63
   63   24  -26  -69  -80  -73  -59  -49  -3899998999989999899998
999989999899998999989999899998999989999899998999989999899998
  -13   -3    7   25   37   41    2  -40  -64  -65  -41    6   50
   78   74   28   -8  -26  -19   -7    5   16   19999989999899998
999989999899998999989999899998999989999899998999989999899998
  -11   -6    1    8   16   22   13   -2  -31  -53  -46    8   64
  106  119   84   30    0    9   23   34   34   28   199999899998
999989999899998999989999899998999989999899998999989999899998
99998   -4   -2   -9    1   14   42   62   43   12  -13   24   74
  119  133  101   48   13   21   37   45   39   33   36   4499998
999989999899998999989999899998999989999899998999989999899998
99998999989999899998    4   23   79  126  130   97   45   39   60
   96  110   94   62   34   29   43   45   42   43   51   70   95
   90   72   42   19    8   -2  -14  -33  -48999989999899998
9999899998999989999899998   44  121  138  133  114  119   77   60
   78  101  100  101   90   65   48   29   43   35   41   73  114
  115   91   61   36   23    8   -7  -25  -40999989999899998
9999899998999989999899998   70   42    6   10   66  135  162  147
  133  144  178  190  187  125   40  -14  -24  -37  -14   39   98
  133  120   90   60   47   28    8  -11  -23999989999899998
999989999899998999989999899998 -149 -207 -155  -21  138  237  253
  217  218  278  312  264  111  -91 -170 -161 -139  -86  -17   57
  116  141  122   93   76   53   30   13    3999989999899998
9999899998999989999899998999989999899998 -328  -93  157  303  324
  276  270  318  343  229    8 -281 -305 -220 -182 -133  -67    4
   76  132  138  120  101   75   55   42   44999989999899998
9999899998999989999899998999989999899998999989999899998  368  354
  279  254  306  269  132  -89 -241 -229 -170 -140 -126  -86  -30
   42   99  125  130  118   94   75   71   80   899999899998
999989999899998999989999899998999989999899998999989999899998  290
  215  214  274  219   92  -75 -152 -125  -63  -58  -86  -73  -13
   55   87  108  129  124  105   87   85   89   95   9999998
999989999899998999989999899998999989999899998999989999899998  188
  173  231  307  265  163   45  -18  -11   17    4  -33  -18   36
   99  127  131  125  115   97   81   79   75   62   5999998
9999899998999989999899998999989999899998999989999899998  152  148
  191  288  394  399  312  206  138  126   84   36   13   34   93
  156  195  173  129  102   85   75   61   42   19    099998
99998999989999899998999989999899998999989999899998   82  108  115
  191  305  438  484  442  356  283  241  146   56   36   67  146
  213  252  206  140   98   92   85   52   23    6  -1699998
99998999989999899998999989999899998999989999899998   23    4   17
  100  224  357  458  483  432  365  307  201   95   63   93  164
  225  244  191  130  106  104   97   68   46   30   1699998
99998999989999899998999989999899998999989999899998  -45 -107 -111
  -55   63  221  369  445  426  389  351  255  152   97  110  155
  189  186  148  110  112  113  109  101   92   919999899998
99998999989999899998999989999899998999989999899998 -118 -211 -232
 -199  -89   74  255  376  399  394  368  290  206  134  110  134
  142  127  108  111  119  124  121  135  139  163  20399998
