tauY_total_09_2014_ano.22
  115   22  -47 -105 -130 -116  -65  -44  -69 -100 -137 -167 -171
 -128  -74  -30   -8    7   62   90   99   22  -30  -789999899998
999989999899998999989999899998999989999899998999989999899998
  101   11  -41  -76  -86  -70  -24    6  -26  -76 -116 -139 -137
  -88  -35    3   11   19   26    6  -25  -90 -131999989999899998
999989999899998999989999899998999989999899998999989999899998
   69    6  -32  -40  -29   -3   43   70   32  -26  -73  -92  -72
  -13   28   32   29   22  -20  -75 -128 -199 -266999989999899998
999989999899998999989999899998999989999899998999989999899998
   33    3  -20   -6   22   61  101  102   51    2  -33  -13   24
   75   75   39   13  -14  -65 -114 -180 -25799998999989999899998
999989999899998999989999899998999989999899998999989999899998
    3   -1   -2   22   52   83   84   59   14  -22  -19   54  131
  156  118   24  -42  -73  -88 -115 -173 -24399998999989999899998
999989999899998999989999899998999989999899998999989999899998
   -8   12   15   24   46   57   11  -34  -61  -62  -17  108  221
  225  161   47  -54 -105  -88  -77  -85 -13499998999989999899998
999989999899998999989999899998999989999899998999989999899998
   -7   14   23   23   26   23  -47 -106 -126  -90  -21  134  248
  250  193   94  -16  -92  -57    0   32   2299998999989999899998
999989999899998999989999899998999989999899998999989999899998
   -1    1    6   12   19   14  -46 -106 -126 -106  -35   97  195
  224  194  119   31  -31    0   63  113  15899998999989999899998
999989999899998999989999899998999989999899998999989999899998
   -2  -10  -13   -1   20   32    8  -39  -75  -85  -48   26  101
  160  165  130   80   45   57   96  153  20499998999989999899998
999989999899998999989999899998999989999899998999989999899998
   -6  -17  -13    7   29   50   68   61    7  -47  -61  -38   21
   92  145  148  109   84   76  102  161  186  187999989999899998
999989999899998999989999899998999989999899998999989999899998
    4    4   12   27   46   63   92  119   67  -20  -73  -73  -16
   67  147  164  116   65   38   57  114  153  154  1099999899998
999989999899998999989999899998999989999899998999989999899998
99998   39   48   53   62   66   99  130  100   18  -56  -46   -1
   85  172  209  147   52   -2   -2   55  105  114  104  13599998
999989999899998999989999899998999989999899998999989999899998
99998999989999899998   73   62   98  132  126   71  -11  -19   19
  109  193  224  170   79    9  -25   14   72  104  134  179  223
  202  138   78   51   67   79   82   48   -6999989999899998
9999899998999989999899998   43   84   96   91   56   25  -10   11
   92  170  193  165  122   52  -18   -9   78  122  161  199  236
  215  162  115   91   97  105  100   77   44999989999899998
9999899998999989999899998    4  -20  -38  -35  -21  -11   -4   18
   70  115  156  164  151   84    3  -14   93  126  159  194  226
  210  173  131  108  111  117  118  109   88999989999899998
999989999899998999989999899998 -198 -233 -213 -153  -75   -5   35
   53   82  123  154  155  110   29   -6   14   57   90  135  167
  179  161  123   96   93  102  121  129  107999989999899998
9999899998999989999899998999989999899998 -404 -270 -127   -6   51
   47   50   62   91   92  103   84  144  -19  -26   -3   30   79
  108  114   94   61   39   77  118  132  121999989999899998
9999899998999989999899998999989999899998999989999899998   24   72
   40   -3  -16  -19    5   72  219  193  -24  -66  -55  -20   17
   59   93   83   42    7   55  120  144  114   349999899998
999989999899998999989999899998999989999899998999989999899998   79
   16  -53  -92  -89  -31   59  195  267   60  -42  -71  -48  -20
   35   93  104   68   31   79  135  147  107   30  -5899998
999989999899998999989999899998999989999899998999989999899998   93
    6  -73 -125 -107  -51   38  162  222  121   35  -19  -49  -38
   18   79  118  128   98  119  146  147  103   45  -1599998
9999899998999989999899998999989999899998999989999899998  182  124
   41  -53 -113 -101  -66   24  101  108   81   68   47    0  -18
   10   59  120  142  113  101  106  113  101   85   7499998
99998999989999899998999989999899998999989999899998  152  129  110
   71   -4  -78  -97  -84  -35  -38  -51  -23   21   53   59   22
   21   34   70   92  107   71   45   51   93  130  17299998
99998999989999899998999989999899998999989999899998  -17    9   36
   51   42  -15  -86 -113 -163 -212 -232 -153  -56   26   78   67
   16  -17    1   49   84   59   26   36   76  154  22799998
99998999989999899998999989999899998999989999899998 -211 -120  -52
    4   49   48  -42 -179 -383 -445 -442 -280 -135   -6   86  107
    5  -74  -42   23   82   72   50   53   92  1779999899998
99998999989999899998999989999899998999989999899998 -376 -218 -111
  -23   60  104   46 -218 -657 -722 -656 -380 -192  -27  121  145
  -14 -126  -65   10  105  127  115   90  124  200  31499998
