tauY_total_05_2017_ano.22
  204  163  128   95   73   34  -75 -175 -221 -234 -182 -120  -61
   22   94  149  109   38  -30  -61  -44   28   85  1169999899998
999989999899998999989999899998999989999899998999989999899998
  124  103   79   71   61   37  -68 -167 -229 -251 -222 -166 -100
  -25   48  104   27  -58 -122 -141 -110  -20   54999989999899998
999989999899998999989999899998999989999899998999989999899998
   39   30   16   25   27   13  -80 -169 -234 -266 -253 -198 -141
  -81  -10   49  -52 -153 -216 -234 -185  -96   -1999989999899998
999989999899998999989999899998999989999899998999989999899998
  -23  -28  -37  -33  -28  -38 -106 -169 -221 -250 -252 -213 -172
 -133  -70  -30 -124 -226 -289 -299 -255 -18799998999989999899998
999989999899998999989999899998999989999899998999989999899998
  -49  -59  -52  -59  -64  -77 -101 -129 -165 -191 -201 -205 -196
 -157 -132 -109 -163 -241 -297 -301 -282 -26899998999989999899998
999989999899998999989999899998999989999899998999989999899998
  -76  -62  -39  -37  -41  -51  -41  -48  -69  -94 -118 -180 -205
 -178 -145 -140 -166 -209 -255 -273 -267 -28099998999989999899998
999989999899998999989999899998999989999899998999989999899998
 -117  -64  -24    9   26   13   24   33   28   -2  -60 -128 -158
 -140 -121 -126 -148 -168 -193 -209 -213 -24099998999989999899998
999989999899998999989999899998999989999899998999989999899998
 -143  -64   -4   51   66   55   56   61   57   34  -16  -54  -71
  -66  -71  -91 -118 -136 -140 -142 -145 -15999998999989999899998
999989999899998999989999899998999989999899998999989999899998
 -145  -60   -2   40   50   34   13    2   10    5   -8    2    3
   -1  -22  -60  -93 -119 -110  -95  -84  -7199998999989999899998
999989999899998999989999899998999989999899998999989999899998
 -119  -62  -23  -15  -16  -37  -80 -103  -80  -48  -22   18   31
   14  -19  -66 -103 -122 -108  -76  -21    6  -16999989999899998
999989999899998999989999899998999989999899998999989999899998
  -71  -71  -53  -64  -78  -91 -121 -132 -105  -47  -11    8   18
  -17  -64 -104 -138 -140 -106  -17   60   80   66   189999899998
999989999899998999989999899998999989999899998999989999899998
99998  -72  -79  -81  -79  -64  -56  -38  -20   11   27    9   -9
  -51  -98 -126 -152 -145  -75   33  122  143  133  118  11599998
999989999899998999989999899998999989999899998999989999899998
99998999989999899998  -29   11   58   84   88   83   74   34  -15
  -55  -83 -105 -125 -127  -55   37  128  161  156  144  131  147
  126   74    7  -17   -3    4  -19  -67 -115999989999899998
9999899998999989999899998   98  153  141  118  103  110   78   26
   -8  -40  -68  -92 -110  -73   -1   75  120  126  108   93   99
   62    0  -39  -39   -8    6   -7  -50  -95999989999899998
9999899998999989999899998  156  117   65   38   48   85  110   92
   52    5  -37  -83 -110 -116  -73  -21   31   50   35   44   58
   15  -40  -66  -45    0   18    8  -32  -67999989999899998
999989999899998999989999899998  -30  -93 -102  -45   35  113  141
   93   19  -45 -102 -108 -107 -114 -104  -69  -51  -39    3   24
    4  -19  -25    0   26   30   12  -15  -25999989999899998
9999899998999989999899998999989999899998 -243 -130    7  120  156
   89   -6  -82 -100  -73  -38  -38  -64 -102 -108  -72  -33   -4
   43   72   87   86   71   43   10   -4    5999989999899998
9999899998999989999899998999989999899998999989999899998  147  155
   60  -51 -116  -87  -21   52   98   68  -17  -77  -80  -57  -16
   72  149  167  129   77   23  -12   -7   16   519999899998
999989999899998999989999899998999989999899998999989999899998  134
   32  -74 -132  -72   23  126  197  193   94    6  -41  -67  -47
   36  129  154  118   62    3  -25   -5   28   47   7499998
999989999899998999989999899998999989999899998999989999899998  104
   23  -63 -113  -61   27  133  210  225  166   95   25  -48  -76
  -10   80  121  118   79   25   -2   11   28   36   4499998
9999899998999989999899998999989999899998999989999899998  147   96
   35  -32  -74  -60  -14   67  121  118  120  122   77  -14  -62
  -17   51  109  136  116   80   64   62   47   29   1399998
99998999989999899998999989999899998999989999899998  172  139   92
   43    2  -26  -69  -52  -28  -52  -86  -30   30   41   23  -29
  -13   41  120  157  161  164  165  148  109   58   1899998
99998999989999899998999989999899998999989999899998  152  115   72
   30   -2  -14  -13   -9  -76 -152 -217 -195 -124  -51  -21  -36
  -30   14  103  164  191  238  262  244  195  126   6699998
99998999989999899998999989999899998999989999899998  139   88   44
    2  -35  -47   51   89  -31 -158 -278 -299 -259 -154  -84  -70
  -72  -29   61  139  191  263  323  326  268  2119999899998
99998999989999899998999989999899998999989999899998  144   70   21
  -24  -74  -97  126  204   54 -106 -267 -339 -334 -221 -132 -114
 -120  -79    2   84  162  257  329  342  318  279  25599998
