tauY_total_04_2016_ano.22
    0   87  120   87   33  -42 -134 -200 -176 -118  -36   96  183
  215  214  158   60  -32    8   67  141   -3 -134 -2919999899998
999989999899998999989999899998999989999899998999989999899998
   76  127  147  122   76   10  -71 -132 -131  -92  -28   58  126
  152  152  122   20  -35  -13   10    4 -117 -215999989999899998
999989999899998999989999899998999989999899998999989999899998
  126  152  166  160  137   78    1  -64  -83  -62  -22   19   50
   73   58   31  -21  -38  -41  -66 -124 -252 -350999989999899998
999989999899998999989999899998999989999899998999989999899998
  153  163  174  189  177  148   72   -2  -36  -43  -14  -10   -1
  -16  -68 -130 -109  -66  -82 -157 -252 -38499998999989999899998
999989999899998999989999899998999989999899998999989999899998
  143  156  160  175  194  186   86   17  -16  -23  -11    9    7
  -88 -218 -324 -230 -152 -151 -213 -349 -51499998999989999899998
999989999899998999989999899998999989999899998999989999899998
  126  138  143  160  165  152  104   44   22   24   41   67   35
 -104 -303 -453 -366 -255 -206 -249 -406 -60899998999989999899998
999989999899998999989999899998999989999899998999989999899998
  123  126  118  107   96   76   68   58   60   79   97   87   40
 -109 -310 -486 -446 -323 -234 -257 -402 -60599998999989999899998
999989999899998999989999899998999989999899998999989999899998
  109   98   81   49    9  -21  -17   -1   36   85  108   92   53
  -71 -260 -446 -458 -349 -237 -220 -334 -46399998999989999899998
999989999899998999989999899998999989999899998999989999899998
   90   67   44    5  -49 -103 -108  -95  -32   38   82  106   92
    1 -170 -351 -387 -317 -200 -152 -214 -28299998999989999899998
999989999899998999989999899998999989999899998999989999899998
   72   52   32  -10  -72 -136 -186 -191 -129  -41   33  106  128
   61  -82 -253 -320 -277 -160 -113 -142 -189 -236999989999899998
999989999899998999989999899998999989999899998999989999899998
   63   58   45    3  -56 -125 -218 -244 -194 -101  -11   98  163
  113  -25 -179 -257 -241 -155  -86  -74 -121 -174 -2289999899998
999989999899998999989999899998999989999899998999989999899998
99998   73   68   30  -29  -90 -180 -214 -174  -96  -12  108  182
  135   20 -112 -191 -177 -108  -13   27  -11  -70 -140 -18199998
999989999899998999989999899998999989999899998999989999899998
99998999989999899998    1  -49  -96 -115  -81  -22   53  137  175
  136   45  -59 -107  -77   14  109  162  130   65  -11  -57  -49
  -42  -25   28   98  166  172  142   44  -93999989999899998
9999899998999989999899998   -9  -13    2   47  106  167  192  175
  130   58   -1   10   35  118  220  290  267  196  112   44   23
   20   30   50   87  113  111   81   17  -45999989999899998
9999899998999989999899998    8   53  104  168  244  297  279  230
  168  118  109  117  122  161  230  295  325  268  177   97   70
   78   94  100   98   98   77   39    9   20999989999899998
999989999899998999989999899998   77  156  266  349  396  357  298
  238  225  236  218  198  160  176  227  265  216  109   49   45
   86  119  139  137  119   84   34   24   50999989999899998
9999899998999989999899998999989999899998  334  414  460  407  340
  300  298  334  319  247  155  126  158  141   69  -35  -84  -72
   11   65  113  136  124   75   22   14   32999989999899998
9999899998999989999899998999989999899998999989999899998  405  332
  314  342  394  361  266  166  109  109   63   -1  -89 -159 -177
 -113  -45   11   59   78   41    3   -6   10   599999899998
999989999899998999989999899998999989999899998999989999899998  246
  251  319  388  354  258  156   86   87   65   15  -63 -126 -154
 -167 -131  -86  -27   16    5    1   -2   22   78  15599998
999989999899998999989999899998999989999899998999989999899998  122
  152  232  306  305  235  134   77   78   72   61   21  -20  -40
  -90 -116 -102  -58  -11   21   53   72  110  166  21899998
9999899998999989999899998999989999899998999989999899998   59   53
   79  130  197  213  192  119   64   51   89  104  109  117  115
   68    4  -16  -14   24   95  149  203  273  331  38299998
99998999989999899998999989999899998999989999899998   80   45   14
   10   35   88  132  146  115   74   64  115  131  164  207  225
  196  147  115   91  101  182  216  268  359  468  53299998
99998999989999899998999989999899998999989999899998   49    2  -38
  -64  -64  -28   50  104  125  133  131  124  134  170  202  218
  238  245  221  195  182  182  179  208  263  340  43499998
99998999989999899998999989999899998999989999899998    0  -56 -102
 -142 -159 -132  -53   39  122  182  194  142  128  138  158  181
  228  275  274  254  222  129   83   83  117  1869999899998
99998999989999899998999989999899998999989999899998  -56 -108 -156
 -205 -228 -202 -142  -39   91  199  236  174  139  124  136  169
  212  258  276  273  236   65  -21  -38   -7   78  18799998
