tauY_total_02_2018_ano.22
 -379 -354 -320 -200 -134  -90  -61  -45 -132 -286 -430 -402 -383
 -497 -628 -747 -738 -678 -523 -373 -336 -516 -655 -7779999899998
999989999899998999989999899998999989999899998999989999899998
 -272 -241 -224 -199 -214 -234 -234 -232 -266 -320 -402 -364 -333
 -398 -478 -567 -517 -456 -333 -223 -196 -322 -455999989999899998
999989999899998999989999899998999989999899998999989999899998
 -193 -164 -169 -236 -318 -409 -431 -431 -398 -389 -382 -338 -292
 -273 -291 -341 -293 -247 -152  -85  -92 -150 -238999989999899998
999989999899998999989999899998999989999899998999989999899998
 -181 -160 -167 -280 -430 -568 -615 -609 -517 -408 -347 -310 -255
 -170 -121  -88  -74  -71  -47  -61  -92  -7999998999989999899998
999989999899998999989999899998999989999899998999989999899998
 -260 -243 -218 -301 -440 -595 -675 -655 -527 -358 -273 -247 -210
 -127    0  111   94   55  -40 -140 -206 -24499998999989999899998
999989999899998999989999899998999989999899998999989999899998
 -401 -330 -256 -244 -292 -382 -454 -437 -314 -191 -130 -134 -135
  -51   79  192  194  143  -22 -208 -325 -40999998999989999899998
999989999899998999989999899998999989999899998999989999899998
 -525 -376 -254 -151  -90  -94 -113 -115  -46    0   40   -8  -41
    3   87  185  229  176  -19 -214 -350 -44799998999989999899998
999989999899998999989999899998999989999899998999989999899998
 -596 -398 -250  -97   27  108  115   90   97  119  135   80   20
    4   26   88  139  103  -51 -209 -332 -42299998999989999899998
999989999899998999989999899998999989999899998999989999899998
 -629 -456 -293 -112   47  140  168  173  179  164  164  115   39
  -50  -86  -75  -58  -78 -154 -244 -315 -38099998999989999899998
999989999899998999989999899998999989999899998999989999899998
 -672 -540 -375 -199  -59   33   91  146  169  169  159  112   27
 -117 -230 -267 -284 -295 -297 -288 -303 -314 -291999989999899998
999989999899998999989999899998999989999899998999989999899998
 -747 -619 -464 -314 -200 -116  -25   46   94  137  136   93   -6
 -157 -316 -405 -445 -422 -363 -314 -288 -256 -218 -1819999899998
999989999899998999989999899998999989999899998999989999899998
99998 -653 -506 -361 -243 -174  -99  -42   17   75   99   52  -48
 -198 -371 -477 -482 -429 -343 -267 -219 -182 -149 -118  -8699998
999989999899998999989999899998999989999899998999989999899998
99998999989999899998 -196 -149 -109  -88  -45   13   49   14  -71
 -220 -396 -499 -472 -385 -271 -164 -112  -91  -67  -44  -15   20
   58   60   47   37   36    8  -12  -18  -24999989999899998
9999899998999989999899998  -68 -100 -113  -87  -43  -11  -13  -63
 -205 -369 -453 -415 -318 -187  -69  -23    0    9   30   49   67
   64   33   13    7   23   36   23   13   -1999989999899998
9999899998999989999899998   47  -82 -129 -132 -112  -70  -36  -48
 -150 -268 -340 -298 -201  -73   19   52   57   60   81  103  115
   71   10  -34  -35    1   41   65   51   20999989999899998
999989999899998999989999899998  -66 -165 -198 -176 -116  -53  -31
  -69 -137 -185 -147  -63   32   94   93   71   67   91  125  147
   79    4  -60  -80  -29   45  111  107   81999989999899998
9999899998999989999899998999989999899998 -270 -219 -144  -62  -18
   -2  -16  -31   -5   50   99  112   87   54   38   62  109  149
  109   46  -24  -60  -32   49  159  201  147999989999899998
9999899998999989999899998999989999899998999989999899998  -58   -5
   36   67   79  102  122  123   95   64   30   11   34   85  136
  152  121   63    2   -8   66  145  202  188  1169999899998
999989999899998999989999899998999989999899998999989999899998   13
   49  103  145  165  166  137   87   37    8    5   30   71  109
  173  186  131   66   34   63  128  190  200  151   8799998
999989999899998999989999899998999989999899998999989999899998    8
   60  118  181  211  232  200  122   26  -11    3   27   55   77
  126  165  139   87   41   68  122  181  206  176  12699998
9999899998999989999899998999989999899998999989999899998  -79  -30
   49  132  213  297  346  301  182   39  -24  -26    6   28   39
   70  105  110   89   61   86  131  181  203  183  14799998
99998999989999899998999989999899998999989999899998 -124  -95  -59
   13  118  239  397  467  389  234   78  -20  -64  -38   -3    1
   16   49   92  100   95  111  146  182  191  161  14499998
99998999989999899998999989999899998999989999899998  -98  -80  -52
   -2   85  226  444  557  447  295  140   23  -41  -37  -24  -14
  -16   13   79  120  135  148  168  180  167  148  12499998
99998999989999899998999989999899998999989999899998  -40  -41  -27
    4   60  173  408  574  472  334  197   79   18    1   -5  -12
  -20    1   68  122  153  164  175  170  153  1339999899998
99998999989999899998999989999899998999989999899998   32    7    5
   19   59  123  275  499  480  369  245  142   93   64   42    9
    4   18   50   98  128  166  179  173  156  141  12799998
