tauY_total_12_2014_ano.22
   55  256  395  433  376  261  234  222  191  142   27  -29  -65
   -5   92  194  182  128   73   16  -37 -112 -164 -2089999899998
999989999899998999989999899998999989999899998999989999899998
   45  281  409  413  340  218  151  111  111   98   37  -31  -88
  -43   54  159  177  144   56  -34  -99 -142 -172999989999899998
999989999899998999989999899998999989999899998999989999899998
   32  246  357  345  276  139   47   -8   37   58   32  -82 -157
 -122  -26   80  148  155   56  -50 -125 -162 -186999989999899998
999989999899998999989999899998999989999899998999989999899998
   31  182  270  261  198   70  -36  -68    3   47   27 -125 -219
 -202 -136  -11   97  148   65  -35 -119 -15299998999989999899998
999989999899998999989999899998999989999899998999989999899998
   44   97  160  176  117   15  -34  -28   27   75   47 -113 -230
 -251 -197  -85   47  119   68   -6  -69 -11099998999989999899998
999989999899998999989999899998999989999899998999989999899998
   75   73   91  105   83   36   27   63  100  109   81  -26 -131
 -188 -173  -91    7   53   34    5  -16  -4499998999989999899998
999989999899998999989999899998999989999899998999989999899998
  105   89   83   76   66   61   81   99  123  136  125   88   14
  -58  -88  -67  -43  -36  -17   -2   -6  -2199998999989999899998
999989999899998999989999899998999989999899998999989999899998
  113  110  101   85   71   73   86   97  127  148  149  132   87
   26  -33  -68  -93  -94  -59  -35  -36  -4499998999989999899998
999989999899998999989999899998999989999899998999989999899998
   88   94   92   85   81   80   83   76   90  119  132  109   66
    8  -52 -100 -114 -101  -75  -60  -65  -8599998999989999899998
999989999899998999989999899998999989999899998999989999899998
   52   58   66   76   87   95   76   47   29   44   57   44    3
  -54 -111 -141 -122  -85  -59  -53  -81 -109 -131999989999899998
999989999899998999989999899998999989999899998999989999899998
   26   32   43   67   98  112   76   39   -6  -33  -15  -26  -51
 -106 -134 -135  -88  -35  -14  -21  -58 -103 -122  -999999899998
999989999899998999989999899998999989999899998999989999899998
99998   27   35   62   94  110   79   48   14   -4    7  -15  -50
  -97  -98  -71   -6   49   69   45   -7  -57  -75  -45   -599998
999989999899998999989999899998999989999899998999989999899998
99998999989999899998   83   89   82   74   78  104  126   80   17
  -18   -9   38  112  163  169  141   77   21   10   29   37   38
   26   13   26   62   95   79   36  -36 -118999989999899998
9999899998999989999899998   51   79   70   87  136  205  173  103
   85  102  155  228  279  277  233  175  138  125  116  101   76
   38   23   25   59   84   68   34  -24  -86999989999899998
9999899998999989999899998    3    6   -9   18   91  172  200  177
  170  190  245  302  371  397  347  274  256  239  205  163  114
   66   36   41   60   80   72   49   17  -11999989999899998
999989999899998999989999899998 -137 -149 -104  -13   87  171  208
  204  219  268  343  423  470  464  408  355  300  239  184  137
   86   57   69   78   80   80   71   66   67999989999899998
9999899998999989999899998999989999899998 -266 -132   14  139  194
  188  191  230  335  426  499  521  445  346  261  202  140   99
   87   87   99  101   89   85   84   95  109999989999899998
9999899998999989999899998999989999899998999989999899998  112  157
  141  141  174  282  398  481  477  393  259  157  100   57   30
   54  105  119  113   87   68   81  106  126  1369999899998
999989999899998999989999899998999989999899998999989999899998   97
   84   82  109  216  321  374  364  290  147   43   -3  -28  -36
   25   89  112  101   68   51   77  119  140  131  11999998
999989999899998999989999899998999989999899998999989999899998   36
   36   44   67  129  196  217  202  151   56  -19  -58  -60  -42
    7   42   57   43   10   35   82  133  140  116   9399998
9999899998999989999899998999989999899998999989999899998   25   16
   14   21   38   40   51   55   60   47   33    7  -20  -20   -5
    8    8   -8  -39  -54    4   90  142  139   96   5599998
99998999989999899998999989999899998999989999899998    9   -1   -8
   -9   -7    4  -33  -68  -42   -8   36   70   79   65   63   55
   23  -11  -63 -104 -109  -11   76  113  119  107   6399998
99998999989999899998999989999899998999989999899998  -45  -55  -57
  -56  -52  -52 -105 -156  -79   10   83  131  157  154  133  116
   64    4  -78 -130 -129  -54   18   60   94  104  10899998
99998999989999899998999989999899998999989999899998 -109 -114 -114
 -113 -109 -111 -173 -258 -112   39  151  197  199  192  178  171
  127   53  -47 -115 -117  -87  -47   14   67  1099999899998
99998999989999899998999989999899998999989999899998 -167 -164 -159
 -155 -154 -161 -187 -390 -135   93  223  226  218  211  211  215
  217  182   23  -74  -68 -114 -111  -34   45  127  21699998
