tauY_total_01_2018_ano.22
 -237  -75   36  166  257  288  156   61   21   47  108  163  153
   74   -1  -96 -274 -423 -381 -287 -156 -245 -339 -5049999899998
999989999899998999989999899998999989999899998999989999899998
 -217  -87    5   99  176  209  122   48   54  118  201  230  186
   83  -33 -110 -292 -451 -468 -409 -308 -333 -389999989999899998
999989999899998999989999899998999989999899998999989999899998
 -158  -72   -2   60  111  131   73   30   88  182  301  292  207
   72  -39 -124 -291 -453 -538 -516 -424 -404 -423999989999899998
999989999899998999989999899998999989999899998999989999899998
  -79  -33   15   49   65   64   27   -1   94  254  388  349  235
   85  -43 -120 -271 -421 -546 -563 -478 -41999998999989999899998
999989999899998999989999899998999989999899998999989999899998
   -4   21   53   71   70   46   -2  -20   99  262  400  369  250
   99  -21  -95 -237 -387 -488 -507 -446 -38299998999989999899998
999989999899998999989999899998999989999899998999989999899998
   46   64   92  104  102   84   24    0   82  218  346  335  220
   63  -64 -116 -234 -365 -441 -445 -386 -34099998999989999899998
999989999899998999989999899998999989999899998999989999899998
   60   87  113  130  141  148   91   41   66  155  274  249  118
  -45 -134 -183 -244 -351 -411 -406 -349 -31699998999989999899998
999989999899998999989999899998999989999899998999989999899998
   43   83  117  159  199  223  173   99   80  146  232  182   56
  -98 -197 -213 -248 -308 -367 -367 -320 -29299998999989999899998
999989999899998999989999899998999989999899998999989999899998
   28   62  108  177  248  280  223  140   94  109  160   96   -3
 -120 -190 -201 -202 -216 -279 -290 -256 -24199998999989999899998
999989999899998999989999899998999989999899998999989999899998
   14   47   98  177  256  290  227  141   79   46   66   16  -47
 -107 -134 -123 -103 -118 -175 -195 -174 -153 -177999989999899998
999989999899998999989999899998999989999899998999989999899998
  -11   38   93  165  221  248  186  102   24  -10  -10  -20  -49
  -66  -46    0   11  -37  -87  -99  -71  -75 -104 -1599999899998
999989999899998999989999899998999989999899998999989999899998
99998   43   98  148  184  179  129   52  -34  -69  -63  -33  -34
  -21   25   68   32  -17  -36  -33   12    3  -36 -100 -15299998
999989999899998999989999899998999989999899998999989999899998
99998999989999899998  141  111   62   -3  -65 -102  -95  -58  -37
   -6   16   11  -30  -59  -44   11   65   63   25  -35  -73  -54
   39  102  121  115   92   37  -10  -26  -44999989999899998
9999899998999989999899998   49    3  -33  -47  -65  -88  -74  -26
   -3  -35  -80 -108 -106  -59   22   87  105   81   37    7   12
   46   72   76   75   71   51   12  -13  -18999989999899998
9999899998999989999899998    3  -34  -41  -34  -36  -22    5   26
  -14  -72 -143 -159 -137  -69   22   95  124  127  107   86   74
   57   48   46   63   78   79   67   39   16999989999899998
999989999899998999989999899998  -36  -27  -14   46   99  135  119
   20  -88 -160 -183 -153  -72   21   77  127  150  152  143  127
   71   33   42   70  100  117  117   87   52999989999899998
9999899998999989999899998999989999899998   64  149  211  226  180
   83  -51 -134 -160 -134  -61   15   57  104  136  157  160  149
   96   52   66   95  130  144  138  107   77999989999899998
9999899998999989999899998999989999899998999989999899998  284  207
  112   18  -58  -75  -81  -59  -19   27   64   89  112  137  156
  140  101   88  111  142  152  128   97   70   689999899998
999989999899998999989999899998999989999899998999989999899998  194
  114   65   54   21  -31  -68  -70  -47  -15   11   49   99  149
  181  154  102   95  119  114   92   72   64   77   8699998
999989999899998999989999899998999989999899998999989999899998  140
  114  105  145   90   33  -35  -95 -110 -101  -73  -17   73  151
  177  158   98   55   55   61   60   63   80   95  10899998
9999899998999989999899998999989999899998999989999899998   76   57
   77  137  191  165  108   22  -53 -101 -143 -131  -50   69  164
  176  147   86   32   27   47   63   72  100  134  15899998
99998999989999899998999989999899998999989999899998  -31  -17   15
   75  133  171  179  152   86   11  -44  -97 -133  -49   76  173
  175  135   74   35   42   60   82   99  127  164  20399998
99998999989999899998999989999899998999989999899998 -116  -68  -11
   42   84  107  136  140  118   81   38  -15  -71  -20   74  152
  160  117   62   36   58   91  111  135  162  195  22799998
99998999989999899998999989999899998999989999899998 -229 -132  -51
   -5   24   36   69   85  110  122  104   42   -7    9   59  118
  126   91   51   41   75  117  149  174  202  2309999899998
99998999989999899998999989999899998999989999899998 -346 -187  -79
  -22    4   -8   -8   12   76  129  118   54   31   28   43   81
   82   60   36   35   73  135  189  213  230  251  27799998
