tauY_total_10_2015_ano.22
  199  178  179  186  187  165  114   47  -58 -144 -225 -372 -471
 -532 -543 -491 -411 -315 -156   -4  144  146  136   809999899998
999989999899998999989999899998999989999899998999989999899998
  129  153  173  195  202  189  124   46  -29  -97 -158 -262 -328
 -366 -375 -349 -309 -229 -109   -4   84   96   93999989999899998
999989999899998999989999899998999989999899998999989999899998
   76  130  163  197  219  211  138   49   -4  -60  -94 -144 -183
 -201 -200 -182 -146  -93  -39   20   56   50   32999989999899998
999989999899998999989999899998999989999899998999989999899998
   57  119  156  193  221  215  141   46   -3  -38  -57  -60  -84
  -89  -84  -59   -3   33   47   49   56   3399998999989999899998
999989999899998999989999899998999989999899998999989999899998
   67  107  137  169  180  165  107   30  -36  -54  -48  -33  -54
  -71  -65  -17   50   82   91   89   70   1699998999989999899998
999989999899998999989999899998999989999899998999989999899998
   79   81   87   92   81   61   35   -5  -52  -45  -34  -52  -66
  -86  -77  -50   11   71   92   86   56  -1299998999989999899998
999989999899998999989999899998999989999899998999989999899998
   79   58   41   15   -3  -14  -25  -36  -19    9    6  -39  -57
  -71  -84  -86  -38   32   62   48    3  -6699998999989999899998
999989999899998999989999899998999989999899998999989999899998
   89   56   27   -8  -26  -26  -28  -24   10   45   51   20   -3
  -24  -56  -78  -52   -3   19    3  -44  -9899998999989999899998
999989999899998999989999899998999989999899998999989999899998
  109   75   42   17    3    1    8   17   34   52   58   65   54
   31  -12  -49  -44  -18    1   -5  -43  -9099998999989999899998
999989999899998999989999899998999989999899998999989999899998
  139  110   78   61   50   51   63   71   61   52   36   62   74
   59   14  -43  -47  -12   28   28   -9  -59 -101999989999899998
999989999899998999989999899998999989999899998999989999899998
  174  146  117   99   88   88   96  112   98   41   13   31   57
   52   12  -48  -38   -3   50   78   51   -5  -33  -159999899998
999989999899998999989999899998999989999899998999989999899998
99998  155  129   99   78   76   90  112  105   62   16   14   37
   51   25  -23  -21   12   65  107  112   72   41   40   5399998
999989999899998999989999899998999989999899998999989999899998
99998999989999899998   48   37   63   95  103   83   42   19   30
   57   51   19    5   13   44   99  155  168  140  103   82   86
   89   83   88  100  120  138  159  174  177999989999899998
9999899998999989999899998  -13   32   51   56   63   74   60   58
   79   89   74   33    3   12   74  172  260  260  176  114   98
   87   79   79   87  103  127  156  177  193999989999899998
9999899998999989999899998  -61  -51  -53  -29   18   77  127  140
  147  154  142   69   14   16   78  186  297  350  245  148  113
   89   78   64   68   83  111  134  148  164999989999899998
999989999899998999989999899998 -177 -189 -133  -23   93  192  241
  234  218  207  120   50   45   97  190  286  312  217  118   83
   66   68   69   61   62   84   87   91  106999989999899998
9999899998999989999899998999989999899998 -246  -68  121  255  311
  292  257  233  172  110   92  126  188  227  191   89    0   -7
   28   60   89  101   92   58   43   39   50999989999899998
9999899998999989999899998999989999899998999989999899998  309  337
  299  253  233  200  158  131  145  180  155   82  -11  -75  -82
  -27   41  100  146  147   69   26   21   25   229999899998
999989999899998999989999899998999989999899998999989999899998  270
  224  193  181  176  149  128  133  151  106   40  -35  -87 -102
  -57   16   93  161  179  116   65   47   22    5   -499998
999989999899998999989999899998999989999899998999989999899998  139
  124  104   93   83   72   76   89  106   88   51  -10  -66  -95
  -61   -3   75  149  176  161  119   82   43    4  -2199998
9999899998999989999899998999989999899998999989999899998    5   36
   49   33    6  -22  -33  -13   32   71  102   92   41  -20  -58
  -48  -12   56  122  154  169  158  113   64   19  -2499998
99998999989999899998999989999899998999989999899998  -80  -30    4
   12   -1  -41  -96 -117  -89  -22   49  110  119   78   29   -2
  -24  -14   29   76  111  151  170  134   90   47    799998
99998999989999899998999989999899998999989999899998  -81  -22   15
   15  -14  -67 -131 -172 -141  -65   24   88  107   81   47   25
    6    0    4   25   72  135  171  165  135  101   6799998
99998999989999899998999989999899998999989999899998  -57   18   54
   44   -2  -65 -142 -197 -172  -90   10   56   70   54   39   35
   26   21    8    2   33  114  180  204  198  1869999899998
99998999989999899998999989999899998999989999899998  -10   62  100
   85   26  -59 -151 -204 -180 -105  -10   34   39   32   35   56
   49   38   15   -2   11  126  209  238  244  263  29799998
