tauY_total_08_2015_ano.22
  127  154  161  150  130   87   -7  -77 -119 -141 -135   -7   70
   94   74   28  -42  -85  -17   29   41  -81 -177 -2749999899998
999989999899998999989999899998999989999899998999989999899998
   75  106  117  115   97   63   -3  -55  -91 -110 -103  -12   45
   44    8  -45 -101 -118  -75  -50  -70 -167 -253999989999899998
999989999899998999989999899998999989999899998999989999899998
   32   60   74   75   66   43    8  -23  -43  -51  -47   -5   24
   -4  -59 -129 -149 -131 -109 -105 -138 -249 -354999989999899998
999989999899998999989999899998999989999899998999989999899998
   11   35   49   52   47   31   20   14   14   14   12   12   16
  -32 -118 -213 -190 -134 -107 -109 -160 -27899998999989999899998
999989999899998999989999899998999989999899998999989999899998
   21   34   37   37   27   10   12   27   51   56   50   51   37
  -34 -147 -256 -214 -139  -73  -66 -126 -25499998999989999899998
999989999899998999989999899998999989999899998999989999899998
   45   40   27   10  -14  -28  -14   10   43   70   72   79   77
    6 -128 -268 -246 -164  -63  -27  -79 -18699998999989999899998
999989999899998999989999899998999989999899998999989999899998
   64   39   15  -18  -45  -59  -39   -6   33   61   61   86  107
   54  -76 -220 -258 -198  -92  -37  -59 -13499998999989999899998
999989999899998999989999899998999989999899998999989999899998
   75   40   18  -14  -43  -62  -47  -18    9   15   20   68  104
   76  -23 -167 -241 -218 -126  -62  -68  -9899998999989999899998
999989999899998999989999899998999989999899998999989999899998
   77   59   45   23   -5  -27  -30  -23  -20  -19  -13   50   92
   84   13 -111 -180 -185 -118  -64  -66  -8099998999989999899998
999989999899998999989999899998999989999899998999989999899998
   78   87   82   73   57   49   27    4  -19  -12   -3   51   95
   91   39  -45 -104 -111  -68  -48  -54  -53  -42999989999899998
999989999899998999989999899998999989999899998999989999899998
   78  107  113  120  138  140  105   76   53   46   63   90  123
  112   77   29  -10  -19  -19  -18  -19  -10   22   689999899998
999989999899998999989999899998999989999899998999989999899998
99998   99  113  144  174  192  178  171  180  175  170  155  145
  128  121  130  121   81   27   11   25   60  105  139  14799998
999989999899998999989999899998999989999899998999989999899998
99998999989999899998  186  215  248  269  288  288  261  187  137
  141  185  238  237  169   77   26   54  134  188  188  150   98
   55   36   10  -32  -73  -39   12   89  185999989999899998
9999899998999989999899998  206  285  280  248  236  241  167  119
  165  251  305  267  198  110   34   69  190  262  223  153   80
   32   10   30   38   32   54   87  134  182999989999899998
9999899998999989999899998  172  174  126   84   78  105  128  131
  193  259  294  228  141   59   18   57  218  309  235  139   67
   13    1   45   99  110  117  134  141  134999989999899998
999989999899998999989999899998  -64 -109 -121  -69    4  115  185
  207  230  223  138   40  -39  -79  -17  154  229  163   92   32
   -4   10   66  118  136  127  114   94   69999989999899998
9999899998999989999899998999989999899998 -289 -174  -32  135  230
  204  163  114   45  -65 -148 -184 -119  -23   27   30   -4  -37
  -19   21   75  114  119   93   69   46   23999989999899998
9999899998999989999899998999989999899998999989999899998  187  257
  198  115   67    5  -70 -151 -184 -230 -176  -99  -65  -66  -76
  -36   20   64   86   87   64   41   26   18    99999899998
999989999899998999989999899998999989999899998999989999899998  207
  159  115  114  117  132   79 -108 -349 -194 -117  -80  -61  -58
  -30    7   33   55   54   44   40   39   29   17    299998
999989999899998999989999899998999989999899998999989999899998  131
  114  147  222  325  420  344   84 -112 -100  -61  -29   11   22
   25   26   28   26   17   22   30   36   27   15    199998
9999899998999989999899998999989999899998999989999899998  153   93
   99  162  267  406  478  392  222   81   33   35   87  128  150
  121   77   43    4  -27  -21  -11   -2   11   51   6999998
99998999989999899998999989999899998999989999899998  185  127   80
   82  129  219  315  368  332  244  147  117  100  161  239  276
  220  150   70  -18  -70  -89  -63  -18   72  150  21199998
99998999989999899998999989999899998999989999899998  118   74   41
   22   41  100  178  226  231  197  151  107   87  134  213  268
  260  206   92  -18  -89 -113  -70   43  178  293  37999998
99998999989999899998999989999899998999989999899998   36   11  -20
  -72  -81  -40   23   69  102  121  113   56   32   49   97  175
  235  234  123    3  -74  -85  -33  143  329  4889999899998
99998999989999899998999989999899998999989999899998  -41  -43  -70
 -144 -181 -155 -124  -72  -24   37   47    1  -22  -40  -10   88
  210  255  161   46  -41  -30   37  254  477  670  87499998
