tauY_total_11_2015_ano.22
  131   33   -7  -43  -59  -29  278  494  628  665  622  473  316
  268  256  237  113  -16  -65  -74  -71 -129 -195 -2819999899998
999989999899998999989999899998999989999899998999989999899998
  119   80   51   15   -6   14  177  316  392  403  336  197   79
   57   60   71   28  -25  -62  -88 -119 -223 -302999989999899998
999989999899998999989999899998999989999899998999989999899998
  113  108   86   52   23   22   65  130  157  145   70  -78 -146
 -143 -116  -77  -41  -23  -66 -116 -163 -303 -428999989999899998
999989999899998999989999899998999989999899998999989999899998
  107  114   92   56   24    6  -30    3   18  -13  -89 -218 -239
 -220 -174 -134  -55  -28  -90 -151 -192 -33299998999989999899998
999989999899998999989999899998999989999899998999989999899998
   99   77   56   21  -19  -55  -42   -3   15  -15  -73 -129 -151
 -116  -80  -59  -55  -82 -137 -174 -219 -27399998999989999899998
999989999899998999989999899998999989999899998999989999899998
   87   44   12  -33  -90 -119  -39   35   74   59    1    6  -13
   25   54   46  -47 -158 -211 -225 -212 -20699998999989999899998
999989999899998999989999899998999989999899998999989999899998
   67   27  -12  -68 -120 -131  -33   57  103  103   61   57   37
   51   76   59  -85 -225 -266 -259 -201 -15199998999989999899998
999989999899998999989999899998999989999899998999989999899998
   41   14  -19  -65  -92  -96  -36   47  107  126   86   35   -7
  -28  -26  -23 -137 -235 -259 -232 -160  -8299998999989999899998
999989999899998999989999899998999989999899998999989999899998
   17    0  -18  -34  -44  -41  -16   38  102  133   96  -23 -103
 -152 -172 -156 -150 -172 -192 -168 -107  -3499998999989999899998
999989999899998999989999899998999989999899998999989999899998
    2   -4   -6    4   10   21   34   66  131  138   79  -77 -178
 -242 -270 -243 -147  -79  -82  -86  -76  -53  -33999989999899998
999989999899998999989999899998999989999899998999989999899998
   -6    6   14   35   56   64   83  103  122   84   34 -104 -203
 -270 -289 -240 -121  -20   -9  -32  -60  -73  -71  -319999899998
999989999899998999989999899998999989999899998999989999899998
99998   26   39   51   63   64   65   51    3  -26  -48 -113 -188
 -243 -237 -168  -63    1    4   -6  -26  -48  -60  -27   2599998
999989999899998999989999899998999989999899998999989999899998
99998999989999899998   49   34    5  -24  -66  -88 -104 -111 -143
 -156 -121  -65    0    6    3    9   17   10    8   26   42   52
   45   29   30   54   91  104  100   69   27999989999899998
9999899998999989999899998   -2  -38  -61  -70  -80  -84  -74  -67
  -40    1   36   20   -1   -4   12   61  100  133  135  114   88
   57   40   40   66  101  118  114   90   57999989999899998
9999899998999989999899998  -30  -62  -77  -65  -49  -32  -24   -4
   31   57   71   17  -20  -28    8   96  211  292  274  229  183
  118   69   46   70  105  130  124  100   80999989999899998
999989999899998999989999899998  -76  -86  -59  -22   12   24   31
   38   59   80   28  -32  -55  -13  108  314  396  361  315  280
  196  109   66   63   99  116  109   93  103999989999899998
9999899998999989999899998999989999899998  -61  -11   33   56   46
   37   55   81   52    2  -27    3  116  291  328  311  288  281
  227  146  103   83   90  100   95   90   94999989999899998
9999899998999989999899998999989999899998999989999899998   33   28
   28   39   59   72   58   52   81  148  139  125  144  175  202
  199  178  139  109   92   83   82   86   80   829999899998
999989999899998999989999899998999989999899998999989999899998  -20
    1   16   30   67   95  115  140  138  -12  -66  -30   34   93
  156  193  158  107   89   74   78   89   90   65   4399998
999989999899998999989999899998999989999899998999989999899998  -67
  -28    6   26   63   93  106  103   82  -51 -125 -116  -50   42
  145  194  147  104   82   93  121  141  126   66   1699998
9999899998999989999899998999989999899998999989999899998 -161  -94
  -34   18   46   56   55   50   43   32  -20  -87  -96  -32   78
  185  213  155   99   81  144  211  239  193  105    599998
99998999989999899998999989999899998999989999899998 -270 -174 -102
  -22   43   70   41   12    7    9    3  -11  -39  -36   19  124
  218  232  168   90   87  199  305  338  290  176   6399998
99998999989999899998999989999899998999989999899998 -250 -179 -106
  -15   69  100   26  -26  -25  -22  -15  -28  -43  -29   26  113
  176  193  140   84  102  260  387  426  399  297  18299998
99998999989999899998999989999899998999989999899998 -222 -184 -120
  -35   65  111   10  -62  -61  -41  -15  -46  -71  -63  -11   75
  119  131   88   76  128  300  449  513  498  4449999899998
99998999989999899998999989999899998999989999899998 -194 -185 -137
  -69   43  106  -65 -121  -93  -53  -25  -60  -96 -106  -55   44
   74   76   37   44  127  311  467  559  582  569  55199998
