tauY_total_02_2015_ano.22
  -54   42  114  187  253  302  369  377  283  143   21  -19  -36
   30   70   19 -165 -287 -143  -20   93 -193 -455 -7869999899998
999989999899998999989999899998999989999899998999989999899998
   23   70  121  193  252  299  328  315  198   50  -86 -108 -112
  -83  -98 -160 -321 -395 -282 -147  -98 -298 -482999989999899998
999989999899998999989999899998999989999899998999989999899998
   91  106  135  196  244  271  268  245  116  -36 -175 -203 -201
 -229 -278 -348 -423 -443 -375 -291 -254 -402 -568999989999899998
999989999899998999989999899998999989999899998999989999899998
  134  134  153  188  214  219  196  168   58  -73 -196 -242 -247
 -334 -411 -479 -435 -399 -377 -339 -351 -45899998999989999899998
999989999899998999989999899998999989999899998999989999899998
  152  167  170  167  157  149  128  100   53  -26  -91 -149 -186
 -283 -359 -447 -326 -257 -249 -288 -380 -51999998999989999899998
999989999899998999989999899998999989999899998999989999899998
  142  157  162  135   97   57   53   55   77   94   64   13  -29
  -46 -177 -228 -145 -113 -138 -213 -361 -50399998999989999899998
999989999899998999989999899998999989999899998999989999899998
  133  143  152  122   66    6    8   32   97  151  162  132   40
  -20  -26  -15  -27  -37  -92 -227 -372 -50199998999989999899998
999989999899998999989999899998999989999899998999989999899998
  123  138  152  129   67    8  -12   12   93  170  185  112  -15
 -122 -127  -44  -30  -57 -146 -276 -422 -52199998999989999899998
999989999899998999989999899998999989999899998999989999899998
   69  101  126  117   81   28   -4    8   80  146  158   46 -100
 -224 -240 -146  -72  -71 -183 -333 -460 -54599998999989999899998
999989999899998999989999899998999989999899998999989999899998
  -19   32   43   43   43   47   27   18   57  100  102  -25 -180
 -300 -313 -213  -99  -55 -168 -335 -478 -538 -527999989999899998
999989999899998999989999899998999989999899998999989999899998
 -114 -110 -122 -103  -56    0   40   40   41   41   33  -85 -241
 -339 -330 -245 -121  -60 -143 -288 -429 -465 -404 -2439999899998
999989999899998999989999899998999989999899998999989999899998
99998 -274 -299 -267 -190  -98  -11   39   22   -2  -20 -102 -230
 -316 -318 -248 -141  -94 -125 -217 -331 -341 -264 -124   -699998
999989999899998999989999899998999989999899998999989999899998
99998999989999899998 -335 -214  -89   -1   -1  -19  -28  -47 -118
 -216 -231 -204 -161 -121  -94 -132 -198 -185 -123  -31   26   22
   -5  -24   -6   23   52   73   86   81   72999989999899998
9999899998999989999899998 -325 -168  -77  -53  -28    5   11   -1
  -57 -110 -138 -119  -79  -29    8   16   15   40   60   60   33
   11    8   19   46   73   89   93   88   79999989999899998
9999899998999989999899998 -418 -252 -196 -138  -63   11   67   81
   60    8  -27  -25   18   89  206  259  245  226  180  123   89
   56   44   47   63   85   96   93   84   78999989999899998
999989999899998999989999899998 -364 -313 -223 -113   -8   82  124
  126   99   80   82  109  210  331  413  425  361  273  189  147
  105   70   63   72   84   86   79   69   71999989999899998
9999899998999989999899998999989999899998 -307 -164  -22   93  141
  137  132  128  129  143  243  353  442  455  385  280  182  133
  108   74   62   60   64   61   51   45   49999989999899998
9999899998999989999899998999989999899998999989999899998  113  144
  120   98   98   95  110  189  300  387  373  302  187   91   65
   60   63   52   42   38   29   21   20   19   129999899998
999989999899998999989999899998999989999899998999989999899998  135
   99   57   33   34   69  123  212  268  229  151   49  -17  -17
    8   63   75   58   29   11    5    2   -9  -32  -5699998
999989999899998999989999899998999989999899998999989999899998  127
   95   37   -3   -1   33   77  121  148   96    7  -65  -90  -76
   -3   81  123  120   68   28   12    0  -20  -54  -8699998
9999899998999989999899998999989999899998999989999899998  107  113
   84   36  -12  -15    6   47   80   91   48  -30  -88 -109  -89
   12  106  173  197  164  108   70   38   14   -9  -4099998
99998999989999899998999989999899998999989999899998  -14   49   78
   65   21  -23  -39  -24   24   77   94   78   30  -37  -83  -79
   14   96  177  235  246  204  154  128  106   96   8399998
99998999989999899998999989999899998999989999899998  -97  -30   13
   20    0  -42  -59  -40   26   92  129  127  101   31  -42  -75
  -32   24  108  186  230  232  209  211  210  210  21999998
99998999989999899998999989999899998999989999899998 -163 -100  -50
  -27  -36  -62  -75  -46   40  131  192  196  162   76  -13  -69
  -90  -70    1   83  156  195  226  255  285  3179999899998
99998999989999899998999989999899998999989999899998 -201 -150 -100
  -68  -61  -83  -77  -41   65  187  279  268  210  104    6  -56
 -133 -151 -105  -27   65  145  214  260  312  388  47399998
