tauY_total_11_2016_ano.22
 -338 -118   19  145  214  226  183  136   61  -34 -141 -199 -238
 -281 -309 -339 -369 -375 -296 -207 -125 -104  -99 -1149999899998
999989999899998999989999899998999989999899998999989999899998
 -265  -89   27  107  137  125   74   24  -29  -80 -147 -182 -194
 -208 -226 -250 -274 -262 -208 -147 -102  -94  -96999989999899998
999989999899998999989999899998999989999899998999989999899998
 -167  -49   40   73   76   32  -27  -65  -82 -101 -122 -125 -104
  -84  -79  -96 -105  -93  -69  -49  -50  -75  -96999989999899998
999989999899998999989999899998999989999899998999989999899998
  -64    8   70   74   49  -13  -73  -87  -70  -62  -64  -35    4
   47   75   76   76   67   56   21  -23  -7299998999989999899998
999989999899998999989999899998999989999899998999989999899998
   30   66  101  100   60    0  -13  -16    7   21   18   41   64
  115  153  175  179  159  110   29  -51 -12599998999989999899998
999989999899998999989999899998999989999899998999989999899998
   96  115  120  116   81   44   44   51   71   71   52   55   62
  100  139  159  177  157   85  -11 -109 -20599998999989999899998
999989999899998999989999899998999989999899998999989999899998
  127  127  115   99   71   34   25   39   59   59   63   52   51
   67   88   93  103   95   20  -65 -153 -25599998999989999899998
999989999899998999989999899998999989999899998999989999899998
  129  103   84   50    2  -46  -60  -42   -4   50   91   86   84
   71   54   41   18    2  -52 -114 -176 -22699998999989999899998
999989999899998999989999899998999989999899998999989999899998
  105   76   56    8  -61 -122 -150 -136  -63   42  114  142  132
   88   43   15  -27  -73 -103 -134 -154 -15899998999989999899998
999989999899998999989999899998999989999899998999989999899998
   76   72   56    4  -61 -123 -172 -177  -91   22  111  154  136
   80   24  -12  -55 -106 -122 -128 -131 -116  -93999989999899998
999989999899998999989999899998999989999899998999989999899998
   53   78   77   43   -4  -63 -123 -146  -86    6   81  107   84
   27  -28  -42  -65  -87 -104 -109 -113 -113  -96  -679999899998
999989999899998999989999899998999989999899998999989999899998
99998   88  101   94   57    9  -43  -67  -51   -5   33   16  -11
  -53  -77  -70  -51  -36  -58  -77  -72  -75  -79  -26   7999998
999989999899998999989999899998999989999899998999989999899998
99998999989999899998   92   54   19    8    3   -4   -4  -47  -79
  -91  -80  -59   -8   13    0    1   17   12   14   63  111  150
   75  -19  -51    0   93  155  132   -1 -181999989999899998
9999899998999989999899998   45   44   20   -1  -10    9  -15  -35
  -26   -4   27   54   49   46   74  110  140  169  180  178  163
   57  -54 -105  -51   48   87   32 -116 -263999989999899998
9999899998999989999899998  -16  -45  -82  -86  -51   11   83  109
  128  159  173  137   95   85  113  182  271  330  305  286  235
  100  -38 -105  -62   45   65   -4 -148 -275999989999899998
999989999899998999989999899998 -200 -221 -191 -101   16  156  255
  296  316  305  223  134   99  117  195  335  402  394  355  314
  170   19  -42   -1   86  100   34  -94 -213999989999899998
9999899998999989999899998999989999899998 -284 -149   23  218  345
  399  403  379  270  149   80   86  149  258  314  350  349  339
  230  104   52   62  113  127   74  -28 -102999989999899998
9999899998999989999899998999989999899998999989999899998  253  358
  395  397  367  261  136   53   28   70  117  149  193  260  304
  262  178  108   73  105  123   81   15  -17   149999899998
999989999899998999989999899998999989999899998999989999899998  282
  278  300  308  226  125   40    1   11    1   11   41  115  195
  229  188   95   63   99   95   61   22   23   51   8099998
999989999899998999989999899998999989999899998999989999899998  124
  147  185  228  215  160   87   39   20  -33  -58  -50    5   81
  134  129   68   67   95  101   76   50   45   72   9299998
9999899998999989999899998999989999899998999989999899998  -32    1
   60  129  201  249  253  201  140   85   13  -42  -49  -26   22
   59   63   59   77  111  130  138  127  111  111  12699998
99998999989999899998999989999899998999989999899998  -62  -72  -56
    6   97  202  310  352  309  233  160   93   25   -7  -10    0
   -8   -3   40   68  116  170  213  220  218  213  20999998
99998999989999899998999989999899998999989999899998  -61  -76  -69
  -22   61  193  338  409  359  276  202  137   75   21  -25  -53
  -68  -64  -18   43   98  173  249  301  326  333  33399998
99998999989999899998999989999899998999989999899998  -63  -78  -73
  -46   22  154  324  409  354  283  215  152   88   15  -53 -104
 -117 -101  -67   -8   53  148  240  344  425  4819999899998
99998999989999899998999989999899998999989999899998  -65  -74  -72
  -56    1  111  263  371  327  282  215  147   82   -4  -88 -145
 -141 -112  -85  -47    6  104  205  365  519  609  66899998
