tauY_total_11_2017_ano.22
  -26  -21  -16   60  132  198   45 -102 -230 -308 -315 -262 -173
 -139 -103  -77   -3   40   21  -20  -42  -63  -82  -829999899998
999989999899998999989999899998999989999899998999989999899998
   47   32   30   79  118  135   21  -86 -181 -242 -234 -149  -56
   10   59   91  112  119   85   35  -10  -26  -40999989999899998
999989999899998999989999899998999989999899998999989999899998
   93   74   61   65   73   60   -7  -76 -129 -145 -103   -2   67
  143  205  254  238  199  148   87   24    4   -3999989999899998
999989999899998999989999899998999989999899998999989999899998
  106   92   73   39    5  -18  -34  -60  -58   -7   61  131  160
  216  275  328  304  243  171   92   36   1599998999989999899998
999989999899998999989999899998999989999899998999989999899998
   87   74   68   25  -30  -72  -60  -27   51  142  209  220  215
  216  240  278  263  210  123   43   16  -1599998999989999899998
999989999899998999989999899998999989999899998999989999899998
   61   76   75   39   -1  -38  -29   31  155  258  311  266  218
  178  155  149  153  135   71   18  -27  -7899998999989999899998
999989999899998999989999899998999989999899998999989999899998
   64   89  101   88   50   16   42  115  239  352  390  287  211
  144   85   50   62   74   38   -7  -71 -13499998999989999899998
999989999899998999989999899998999989999899998999989999899998
   74   94  106  101   74   53   99  171  272  367  409  327  219
  120   47   30   35   26   -4  -46  -97 -15299998999989999899998
999989999899998999989999899998999989999899998999989999899998
   46   58   59   51   42   51  110  169  247  320  341  299  191
   84   24   22   20    3  -23  -61  -97 -13399998999989999899998
999989999899998999989999899998999989999899998999989999899998
   -7  -17  -19  -17   -7   16   74  132  198  232  235  175   85
    5  -29  -17   19   21   -6  -37  -62  -85  -97999989999899998
999989999899998999989999899998999989999899998999989999899998
  -56  -86  -90  -76  -49  -10   37   85  115  133  123   39  -46
  -98 -102  -31   46   80   49   19    4   -8  -10   -39999899998
999989999899998999989999899998999989999899998999989999899998
99998 -124 -130 -101  -53   -6   19   47   43   41   33  -53 -149
 -193 -127    3  112  160  123   92   94   99  110  123  12999998
999989999899998999989999899998999989999899998999989999899998
99998999989999899998  -27   10   40   43   26   36   55  -34 -133
 -161  -67   77  191  227  192  162  175  207  240  249  215  168
  113   72   40   16   -5    2   41   99  154999989999899998
9999899998999989999899998   20   38    8   20   60  114   79   19
   16   65  168  242  259  238  204  216  274  337  350  310  221
  134   65   35   19   11   42   88  146  194999989999899998
9999899998999989999899998    5  -67 -123  -99  -54    2   82  123
  161  174  220  243  252  238  217  218  302  392  424  398  311
  176   90   55   37   25   71  128  180  221999989999899998
999989999899998999989999899998 -217 -302 -330 -316 -240  -94   47
  139  185  182  199  205  202  187  187  282  375  435  443  385
  261  164  116   85   68   95  141  181  223999989999899998
9999899998999989999899998999989999899998 -613 -564 -480 -277  -72
   59  126  116   98  111  132  133  134  206  289  377  419  395
  334  260  214  162  123  119  130  158  186999989999899998
9999899998999989999899998999989999899998999989999899998 -397 -154
    2   76   33  -12  -10   41   64   59   96  173  271  339  349
  353  329  280  218  165  131  101  105   99   929999899998
999989999899998999989999899998999989999899998999989999899998 -135
   17   65   -9  -84  -97  -49  -20  -31  -14   58  145  220  265
  301  308  261  208  175  113   70   52   36   18   1099998
999989999899998999989999899998999989999899998999989999899998  -32
   69   81   -1  -89 -125 -109 -105 -109  -98  -41   35  120  185
  224  226  194  170  144  101   87   69   40   18    799998
9999899998999989999899998999989999899998999989999899998  -64   40
  104   97   32  -62 -110 -128 -135 -133 -109  -73   -5   94  179
  191  181  157  132  123  138  160  152  145  144  12899998
99998999989999899998999989999899998999989999899998  -75  -13   47
   94   97   40  -30  -80 -103 -110 -105  -66  -68  -35   61  186
  208  192  169  148  158  208  253  286  317  328  33099998
99998999989999899998999989999899998999989999899998    5   32   58
   81   81   50   -6  -54  -57  -51  -47  -89 -148 -153  -94   38
  163  201  198  189  205  282  341  411  460  482  50499998
99998999989999899998999989999899998999989999899998   71   63   68
   70   60   35  -16  -54   -8   27   24 -139 -274 -347 -333 -187
   39  185  207  220  251  339  409  488  547  5929999899998
99998999989999899998999989999899998999989999899998  114   79   67
   50   30    3  -47 -100   28  112  119 -191 -399 -552 -588 -423
  -92  147  195  218  270  346  425  502  572  613  64999998
