tauY_total_07_2015_ano.22
  -27   38   90  138  160  157  153  121   88   69   64   86   87
   43   -9  -79 -164 -218 -134  -53   13 -149 -291 -4579999899998
999989999899998999989999899998999989999899998999989999899998
   -8   60  109  148  164  151  105   55   22    3    3   31   46
   20  -24  -79 -145 -175 -133  -88  -80 -209 -325999989999899998
999989999899998999989999899998999989999899998999989999899998
    9   71  110  139  157  134   48  -27  -63  -79  -69  -34    5
    5  -16  -55  -83  -93  -98 -101 -132 -246 -361999989999899998
999989999899998999989999899998999989999899998999989999899998
   24   64   94  116  123   98  -21 -112 -151 -155 -131  -77  -19
    7    3  -10    2    6  -32  -82 -145 -23499998999989999899998
999989999899998999989999899998999989999899998999989999899998
   40   52   60   65   62   34  -86 -175 -204 -188 -140  -60   -6
   15   34   40   70   75   44  -26 -102 -20599998999989999899998
999989999899998999989999899998999989999899998999989999899998
   60   39   26    9  -13  -36  -95 -128 -130 -104  -66   -8   23
   39   41   43   61   74   59   18  -51 -14599998999989999899998
999989999899998999989999899998999989999899998999989999899998
   69   31    3  -29  -56  -61  -31   -7   14   34   39   31   38
   45   29    5    8   16   18   -2  -38 -11199998999989999899998
999989999899998999989999899998999989999899998999989999899998
   56   20  -18  -52  -65  -52    6   58   96   93   77   48   35
   23   -4  -40  -68  -74  -67  -59  -61  -8399998999989999899998
999989999899998999989999899998999989999899998999989999899998
   24  -10  -43  -64  -70  -50   15   62   83   80   57   36   18
    3  -24  -62 -102 -129 -124  -97  -70  -5599998999989999899998
999989999899998999989999899998999989999899998999989999899998
  -10  -41  -62  -71  -71  -52   -7   35   43   31    5    0   -4
   -5  -11  -22  -71 -107 -109  -86  -61   -6   49999989999899998
999989999899998999989999899998999989999899998999989999899998
  -34  -52  -64  -69  -61  -45  -26   10   13   -9  -38  -43  -17
   17   61   71   39    3  -22  -33  -22   25   78  1289999899998
999989999899998999989999899998999989999899998999989999899998
99998  -46  -47  -47  -34  -21   -5   20   31    9  -35  -48  -13
   63  136  178  167  125   71   28   25   56   85  127  16899998
999989999899998999989999899998999989999899998999989999899998
99998999989999899998    5   15   44   67   82   56    3  -24  -21
   63  166  244  259  202  119   72   76   88  100  114  104   82
   43   22    5   -3    0   58  130  203  272999989999899998
9999899998999989999899998   64  100  104   88   64   51    3  -25
   42  165  255  260  205  127   77   92  120  133  106   73   42
   15    7    4   16   33   80  141  203  256999989999899998
9999899998999989999899998   86   71   48   30   44   62   53   30
   62  145  229  214  160   93   63   95  147  169  120   72   40
   26   16   24   40   58   95  142  192  228999989999899998
999989999899998999989999899998  -59  -82  -54    8   78  113  110
   96  110  146  116   62   21   17   74  153  166  118   75   55
   50   47   63   68   65   84  116  152  180999989999899998
9999899998999989999899998999989999899998 -165  -23  118  190  180
  111   44   18  -14  -60  -70  -34   40  103   99   77   43   40
   58   78   90   74   41   45   65   95  120999989999899998
9999899998999989999899998999989999899998999989999899998  277  234
   91  -29  -69  -97 -115 -110  -33   59   65   42   11    8   20
   60  113   99   30  -20  -14    1   36   83  1209999899998
999989999899998999989999899998999989999899998999989999899998  209
   40  -66  -91  -96  -77  -36   59  154  115   71   19   11   42
   89  140   80  -38  -97  -56  -49    3   59   96  12999998
999989999899998999989999899998999989999899998999989999899998  100
   -4  -69  -74  -32   15   82  167  235  218  168  113  102  130
  175  209  180   -4  217   50   28   52   64   45   6099998
9999899998999989999899998999989999899998999989999899998  111   28
  -22  -43   -5   67  114  159  212  255  284  236  203  198  240
  291  295  328  494  673  427  370  278  138    5  -7699998
99998999989999899998999989999899998999989999899998  125   39  -17
  -29   10   82  147  181  185  192  231  245  217  204  227  287
  324  327  387  471  550  662  742  611  331   51 -16899998
99998999989999899998999989999899998999989999899998   -8  -50  -71
  -46   31  125  161  168  147  151  176  174  155  140  161  230
  268  293  313  321  415  732  943  853  591  218 -13499998
99998999989999899998999989999899998999989999899998 -136 -133 -121
  -61   34  140  144  122  104  112  137  126   98   57   63  119
  181  226  182  183  281  717 1038 1035  813  4549999899998
99998999989999899998999989999899998999989999899998 -245 -192 -154
  -66   60  166  122   86   81   94  127  116   83   20  -31    9
  102  156   41   60  136  642 1054 1160  993  640  19799998
