tauY_total_03_2016_ano.22
 -284 -406 -430 -339 -240 -125 -163 -178 -229 -251 -216   52  295
  492  604  628  398  182  134  104  127  -31 -178 -3809999899998
999989999899998999989999899998999989999899998999989999899998
 -228 -262 -265 -207 -133  -61  -80 -103 -136 -137  -61  167  346
  498  594  613  376  148   37  -31  -63 -171 -264999989999899998
999989999899998999989999899998999989999899998999989999899998
 -136 -107  -95  -71  -29    6   -1  -39  -48  -27   59  199  280
  372  449  470  302  102  -70 -167 -219 -293 -369999989999899998
999989999899998999989999899998999989999899998999989999899998
  -66    2   22   31   42   46   33  -16   -2   54  112  116  102
  127  171  229  175   55 -128 -250 -297 -33899998999989999899998
999989999899998999989999899998999989999899998999989999899998
  -30    5   46   70   60   24  -10  -15   12   50   71  -40 -115
 -140  -89  -12   45   20 -115 -223 -275 -32399998999989999899998
999989999899998999989999899998999989999899998999989999899998
  -11    6   28   34   33    4  -27  -28   -9   12   18 -120 -198
 -205 -178 -117  -37  -41 -133 -205 -243 -27499998999989999899998
999989999899998999989999899998999989999899998999989999899998
   27   39   43   33   17    3  -27  -46  -40  -11   11  -33  -91
 -103  -88  -59  -86 -157 -230 -282 -305 -31499998999989999899998
999989999899998999989999899998999989999899998999989999899998
   82   79   67   47   31   23    4  -59  -87  -41   32   95   89
   73   53   13 -145 -293 -375 -419 -418 -40499998999989999899998
999989999899998999989999899998999989999899998999989999899998
  105   82   56   40   47   50   -8 -104 -147 -112   -8  142  198
  173  113    8 -197 -366 -457 -489 -457 -42999998999989999899998
999989999899998999989999899998999989999899998999989999899998
   79   32   -3    0   24   46  -54 -176 -241 -202  -68  100  196
  164   65  -66 -225 -348 -405 -411 -401 -349 -286999989999899998
999989999899998999989999899998999989999899998999989999899998
   19  -48  -89  -76  -36    2 -115 -249 -319 -265 -115   48  143
   99  -10 -129 -205 -245 -257 -260 -256 -222 -162  -799999899998
999989999899998999989999899998999989999899998999989999899998
99998 -128 -163 -154 -105  -65 -154 -272 -334 -271 -121   11   73
   17  -81 -155 -154 -137 -113  -98  -95  -67  -10   36   3299998
999989999899998999989999899998999989999899998999989999899998
99998999989999899998 -143 -111 -157 -242 -285 -234  -94    6   18
  -39 -101 -134 -110  -69  -25   19   51   96  137  135  118   82
   43   39   91  144  171  136   89    0 -160999989999899998
9999899998999989999899998 -130 -140 -202 -224 -168  -49    6    1
  -36  -76  -99  -71  -44    1   73  150  214  232  212  174  143
  123  113  129  150  157  128   96   44  -25999989999899998
9999899998999989999899998 -104 -153 -185 -183 -122  -28   47   56
   19  -19  -38  -54  -49    3   93  191  258  270  248  207  192
  187  180  172  161  144  138  132  130  131999989999899998
999989999899998999989999899998 -153 -190 -171  -95   18  107  134
   98   46    8  -48  -69  -15   82  190  249  248  213  198  215
  226  225  193  149  129  150  164  190  226999989999899998
9999899998999989999899998999989999899998 -172  -68   84  188  209
  158  100   45  -39  -91  -53   49  172  196  173  127  141  185
  231  223  167  121  114  146  170  200  240999989999899998
9999899998999989999899998999989999899998999989999899998  269  255
  196  125   69  -15 -108 -108   27  140  147  109   77   84  153
  191  177  126   96  102  129  155  175  194  2029999899998
999989999899998999989999899998999989999899998999989999899998  245
  186  125  100   40  -50  -78  -14   77   91   60   53   83  130
  136  140  125  119  131  145  161  158  157  157  16499998
999989999899998999989999899998999989999899998999989999899998  170
  136  117  116  104   69   28    8   27   35   28   30   43   70
   90  110  136  170  214  217  200  163  141  137  14699998
9999899998999989999899998999989999899998999989999899998  136  101
   84   88  109  122  118   79   38   20   12    5  -11  -17  -11
   32   69  136  217  280  288  252  188  139  145  15999998
99998999989999899998999989999899998999989999899998  140   92   52
   34   37   69  101  118   95   63   32   15    4  -21  -53  -74
  -33   10   96  191  256  263  244  212  173  179  19699998
99998999989999899998999989999899998999989999899998   97   44    0
  -26  -26    2   58   97  100   80   58   42   31   10  -25  -82
  -90  -63    0   59  113  142  166  195  226  240  25599998
99998999989999899998999989999899998999989999899998   53   -1  -46
  -82  -89  -65    2   59   89  102   92   86   85   80   35  -39
 -124 -156 -144 -114  -71  -10   70  163  254  3179999899998
99998999989999899998999989999899998999989999899998   24  -31  -77
 -117 -132 -116  -62    8   66  106  108  133  142  144  124   53
 -146 -250 -283 -267 -233 -123   -3  142  286  400  46999998
