tauY_total_07_2016_ano.22
    5   32   49   55   59   55   47   40   47   41   29  -72 -138
 -109  -45   32   27   -6  -62 -121 -151 -231 -306 -4199999899998
999989999899998999989999899998999989999899998999989999899998
    8   27   42   53   63   66   65   48   30   18    4  -70 -123
  -99  -36   42   -7  -64 -138 -181 -193 -233 -287999989999899998
999989999899998999989999899998999989999899998999989999899998
    8   17   26   42   66   89   85   50    1  -20  -25  -51  -80
  -67  -17   64  -24 -100 -163 -171 -149 -173 -201999989999899998
999989999899998999989999899998999989999899998999989999899998
    0   -9   -4   27   73  110   92   33  -40  -83  -66  -22   16
   38   70   66  -51 -118 -121  -96  -55  -3999998999989999899998
999989999899998999989999899998999989999899998999989999899998
  -30  -47  -42    9   69  119   68  -14  -97 -137  -97   30  145
  181  151   54  -27  -77  -28   28   70   6899998999989999899998
999989999899998999989999899998999989999899998999989999899998
  -79  -91  -77  -19   51   96   26  -63 -145 -164  -99   57  200
  208  134   29  -32  -48   15   80  112   9199998999989999899998
999989999899998999989999899998999989999899998999989999899998
 -109  -98  -83  -34   29   68   -4  -94 -162 -162  -76   75  175
  151   84    8  -35  -42    2   55   85   5199998999989999899998
999989999899998999989999899998999989999899998999989999899998
 -104  -79  -61  -33    9   43   -4  -86 -132 -102  -15   69  102
   70   13  -38  -54  -46  -12   18   28   -399998999989999899998
999989999899998999989999899998999989999899998999989999899998
  -67  -47  -31  -16    8   25   12  -43  -58  -13   50   53   36
    0  -48  -69  -58  -32  -12    6   -4  -6299998999989999899998
999989999899998999989999899998999989999899998999989999899998
  -22  -18   -4   12   24   29   28    4    0   34   70   29  -18
  -59  -79  -68  -28   -1    1   -4  -19  -83 -161999989999899998
999989999899998999989999899998999989999899998999989999899998
    7    6   19   35   48   63   55   35   17   30   46   18  -28
  -65  -49    7   37   38   13   -8  -26  -86 -134 -1739999899998
999989999899998999989999899998999989999899998999989999899998
99998   21   30   58   89  105   85   55   25   12   23   14   -9
  -11   32   92  106   80   37   -2  -22  -53  -82  -95  -9099998
999989999899998999989999899998999989999899998999989999899998
99998999989999899998  131  135  102   63   28   14   31   38   25
   39   92  146  150  113   58    9   -7   -4    3    7   -4   -5
   56  100  122   97   43    9   18   80  153999989999899998
9999899998999989999899998  137   94   17  -25   -4   64   83   79
   93  117  144  139  108   54   10   -4   47   95  101   87   62
   47   58   64   59   37   36   57  110  173999989999899998
9999899998999989999899998   94  -20 -120 -139  -72   53  149  172
  161  146  138  111   76   28   -4   -8   58  129  156  146  103
   57   39   43   46   47   67  106  150  193999989999899998
999989999899998999989999899998 -210 -301 -280 -154   32  205  279
  237  188  146   87   34   -5  -26  -18   48  113  156  158  127
   74   42   51   64   69  109  140  157  176999989999899998
9999899998999989999899998999989999899998 -426 -227   25  252  343
  294  208  143   77   -5  -47  -49  -33   18   68  117  133  126
   97   68   69   85  117  134  126  112  113999989999899998
9999899998999989999899998999989999899998999989999899998  292  353
  294  219  161   76   -7  -57  -68  -53  -25   24   69   97   99
   90   81   77  100  136  127   78   42   32   619999899998
999989999899998999989999899998999989999899998999989999899998  270
  222  192  179  112   36  -35  -75  -69  -43   12   51   75   80
   78   71   66   99  143   91   32   -8  -17    8   5399998
999989999899998999989999899998999989999899998999989999899998  130
  118  142  175  163  102    6  -71  -89  -37   33   84  101   95
   69   46   56   95  135   99   60   20    0    4   2499998
9999899998999989999899998999989999899998999989999899998  110   60
   53   94  173  203  159   42  -64 -100  -21   61  122  154  140
   87   40   50   80  112  128  146  130   91   59   4099998
99998999989999899998999989999899998999989999899998  194  108   36
   13   52  166  225  202   73  -42  -88  -24   61  136  174  165
  110   57   43   33   48  145  223  251  230  167  10199998
99998999989999899998999989999899998999989999899998  160   61  -14
  -53  -33   65  193  212   82  -30  -78  -39   29  105  150  150
  124   91   41  -15  -18  110  243  328  333  263  18199998
99998999989999899998999989999899998999989999899998   93   -3  -81
 -136 -152  -78   97  187   71  -24  -70  -59  -12   55  102  111
  114  107   39  -38  -81   62  227  352  391  3469999899998
99998999989999899998999989999899998999989999899998   17  -63 -135
 -197 -242 -188  -19  160   59  -18  -64  -66  -36   17   62   86
  109  118   43  -52 -108    4  181  344  415  366  29599998
