tauY_total_01_2016_ano.22
  343  170  116  158  198  247  356  439  447  413  376  329  285
  312  369  413  351  268  217  174  149   62   -9  -939999899998
999989999899998999989999899998999989999899998999989999899998
  277  215  188  194  197  213  243  277  293  298  279  252  242
  282  337  380  332  251  156   72   35  -27  -86999989999899998
999989999899998999989999899998999989999899998999989999899998
  228  252  245  215  183  144  112  110  138  153  167  154  155
  217  291  334  280  186   54  -44  -89 -132 -191999989999899998
999989999899998999989999899998999989999899998999989999899998
  207  277  280  218  137   55  -12  -26   23   75   85   65   69
  133  211  270  204  100  -47 -126 -156 -18799998999989999899998
999989999899998999989999899998999989999899998999989999899998
  200  258  265  197   85  -36  -83  -62   19   75   69   25  -25
   18  114  168   87   -8  -95 -144 -147 -16399998999989999899998
999989999899998999989999899998999989999899998999989999899998
  197  198  195  133   18  -96  -68    3   93  145  110   15  -92
  -90  -44   -4  -58 -121 -142 -144  -97  -7499998999989999899998
999989999899998999989999899998999989999899998999989999899998
  205  174  145   74  -11  -78  -22   71  156  184  139    9 -114
 -173 -187 -178 -199 -227 -209 -141  -64  -1199998999989999899998
999989999899998999989999899998999989999899998999989999899998
  214  179  148   94   32    5   46  121  186  213  161   36  -74
 -163 -232 -263 -281 -285 -251 -166  -67    199998999989999899998
999989999899998999989999899998999989999899998999989999899998
  191  173  154  136  120  104  126  176  215  215  171   72  -20
 -120 -204 -247 -274 -281 -256 -173  -77  -1599998999989999899998
999989999899998999989999899998999989999899998999989999899998
  134  136  119  127  140  151  169  193  215  191  147   88   13
  -76 -144 -182 -209 -212 -171 -113  -48    4   29999989999899998
999989999899998999989999899998999989999899998999989999899998
   51   40   16   29   43   64   98  126  150  132  113   73   14
  -43 -100 -120 -119 -101  -51   -4   30   42   49   309999899998
999989999899998999989999899998999989999899998999989999899998
99998 -101 -117 -137 -145 -131  -85  -35   -2   37   54   24  -17
  -54  -83  -89  -54  -12   28   61   66   49   30    3  -4599998
999989999899998999989999899998999989999899998999989999899998
99998999989999899998 -352 -348 -286 -205 -134  -63  -26  -33  -61
  -86  -96  -98  -48    3   32   22  -13  -53  -54  -29  -23  -30
  -26  -21   -1   28   39   34   24   11   -4999989999899998
9999899998999989999899998 -550 -438 -319 -213 -130  -86  -78  -90
 -109 -134 -155 -115  -61  -39  -88 -175 -202 -151  -49   31   49
   40   18    8   15   29   30   22   11   -1999989999899998
9999899998999989999899998 -693 -507 -371 -251 -147  -96  -76  -78
 -117 -184 -221 -199 -146 -129 -166 -251 -267 -192  -39  105  154
  117   54    4  -19   -7   15   11   -3  -15999989999899998
999989999899998999989999899998 -519 -364 -223 -123  -69  -37  -41
 -105 -191 -274 -273 -191 -138 -145 -200 -208 -158  -15  158  254
  186   89    1  -61  -60  -21   -7  -22  -40999989999899998
9999899998999989999899998999989999899998 -153  -74   -9   17    1
  -80 -199 -300 -289 -197  -84  -34  -64 -106 -115  -17  139  255
  226  131   17  -74  -83  -46  -15  -34  -48999989999899998
9999899998999989999899998999989999899998999989999899998   67   33
  -50 -173 -278 -254 -162    8  112   94   -6  -73  -35   72  201
  227  181   72  -27  -53  -16    2  -17  -19  -149999899998
999989999899998999989999899998999989999899998999989999899998   52
  -19 -118 -199 -193 -123   34  160  176   37  -50  -57    4  149
  244  257  182  108   73   84   78   61   49   41   4299998
999989999899998999989999899998999989999899998999989999899998   14
  -21  -75 -121 -147 -107  -21   63   90   12  -49  -64    9  160
  302  355  326  283  253  217  198  182  143  115   9599998
9999899998999989999899998999989999899998999989999899998  -74  -59
  -50  -62  -79 -103  -90  -58  -31  -11  -29  -54  -36   64  207
  362  421  417  375  327  291  303  303  264  208  16899998
99998999989999899998999989999899998999989999899998 -156 -137 -121
  -98  -62  -46  -40  -34  -38  -50  -48  -40  -40   11  112  259
  379  437  432  385  329  343  370  380  370  331  28099998
99998999989999899998999989999899998999989999899998 -181 -168 -154
 -136 -101  -23   32   34   -7  -35  -53  -62  -58    3  106  235
  366  430  411  360  310  339  376  417  438  421  39199998
99998999989999899998999989999899998999989999899998 -180 -176 -167
 -150 -118  -44  130  141   44  -23  -57  -88  -93  -50   48  175
  318  405  382  329  282  296  350  432  486  5049999899998
99998999989999899998999989999899998999989999899998 -150 -158 -154
 -139  -99 -137  512  341   81  -16  -70 -116 -114  -81  -11  103
  248  363  353  300  243  236  285  407  500  547  59999998
