tauY_total_04_2015_ano.22
  116  115  110   43   -8  -56  -33  -35 -123 -195 -247 -151  -64
   34  125  174   37 -114 -162 -131  -75  -86  -99 -1469999899998
999989999899998999989999899998999989999899998999989999899998
  157  154  148  125   98   69   71   52  -13  -88 -139  -98  -90
  -29   68  143   39  -78 -142 -178 -148 -127 -119999989999899998
999989999899998999989999899998999989999899998999989999899998
  194  191  186  198  199  190  170  131   84   18  -56 -144 -217
 -183 -107  -34  -27  -60 -125 -177 -188 -173 -152999989999899998
999989999899998999989999899998999989999899998999989999899998
  215  209  202  230  254  264  227  172  132   67   -9 -222 -365
 -388 -363 -253 -145  -76 -134 -191 -226 -22199998999989999899998
999989999899998999989999899998999989999899998999989999899998
  209  199  189  198  219  242  188  119   61   24   -6 -264 -447
 -543 -529 -416 -242 -144 -183 -235 -260 -29899998999989999899998
999989999899998999989999899998999989999899998999989999899998
  171  159  145  128  122  114   57  -11  -44  -18  -17 -194 -353
 -476 -490 -415 -294 -223 -250 -290 -303 -35199998999989999899998
999989999899998999989999899998999989999899998999989999899998
  118  106   96   76   39  -18  -76 -114  -74    0   23  -38 -146
 -257 -318 -302 -279 -290 -306 -298 -314 -35399998999989999899998
999989999899998999989999899998999989999899998999989999899998
   70   69   65   39  -27 -114 -184 -187  -59   58   80   93   46
  -18  -92 -149 -240 -277 -259 -247 -243 -24699998999989999899998
999989999899998999989999899998999989999899998999989999899998
   17   42   37  -10  -95 -190 -258 -249  -84   55   51   54   86
   97   17 -111 -202 -221 -174 -138 -111  -8299998999989999899998
999989999899998999989999899998999989999899998999989999899998
  -32   -7   -7  -61 -153 -265 -311 -283 -146  -86 -100  -77  -18
   28  -16 -135 -204 -189 -111  -36  -11   13   37999989999899998
999989999899998999989999899998999989999899998999989999899998
  -66  -48  -48 -102 -197 -304 -325 -293 -250 -264 -303 -268 -184
  -94  -82 -179 -203 -173  -86  -25   -3   -1    7   269999899998
999989999899998999989999899998999989999899998999989999899998
99998  -80  -81 -130 -211 -285 -301 -289 -334 -401 -460 -407 -299
 -174 -116 -171 -195 -159  -89  -49  -63  -69  -53  -31  -1299998
999989999899998999989999899998999989999899998999989999899998
99998999989999899998 -189 -234 -259 -266 -338 -432 -491 -424 -292
 -154  -95 -131 -155 -128  -88  -75 -115 -127 -109  -65  -16   12
   25   26   49   76   98   98   98   89   70999989999899998
9999899998999989999899998 -158 -199 -232 -272 -349 -391 -323 -200
  -87  -41  -79  -89  -68  -53  -77 -120 -140 -124  -62   -3   28
   44   51   51   55   59   64   72   77   79999989999899998
9999899998999989999899998  -69 -139 -179 -193 -205 -203 -159  -82
  -20  -10  -32  -26  -15  -17  -56  -98 -122  -98  -34   21   50
   64   73   57   34   25   37   53   71   94999989999899998
999989999899998999989999899998  -93 -124 -114  -92  -61  -25   -1
   12    7   16   17   15   -4  -37  -78  -84  -41   19   55   68
   77   77   54   21    3   22   41   67   86999989999899998
9999899998999989999899998999989999899998  -70  -37    4   15   14
   16   23   37   39   32   -3  -53  -70  -22   39   80   89   55
   28   37   49   25    8   17   32   49   64999989999899998
9999899998999989999899998999989999899998999989999899998  -12  -19
  -10   17   41   46   24  -30  -89  -97   51  124  132   65  -20
  -68  -50   14   54   42   24   29   41   43   379999899998
999989999899998999989999899998999989999899998999989999899998  -68
  -39    4   41   49   20  -38 -104 -119   73  174  127   15 -104
 -143 -110  -14   62   71   43   65   95   79   32   1199998
999989999899998999989999899998999989999899998999989999899998 -118
  -68   -6   36   44   25  -23  -94 -114   18  125   70  -35 -153
 -173 -128  -25   44   61   93  156  207  178   90    799998
9999899998999989999899998999989999899998999989999899998 -180 -139
  -81  -15   38   51   33  -22  -79 -105  -43   32   17  -60 -152
 -166 -108  -28    8   12  125  244  315  273  139   1899998
99998999989999899998999989999899998999989999899998 -168 -141 -119
  -75  -17   36   56   43  -17  -73 -103  -87  -49  -24  -68 -125
 -122  -68  -31  -28  -36  124  295  375  321  155   -899998
99998999989999899998999989999899998999989999899998  -79  -74  -66
  -47  -11   29   72   67   -5  -65  -94  -96  -85  -65  -59  -80
  -75  -31  -20  -42  -36  117  292  378  326  137  -6399998
99998999989999899998999989999899998999989999899998   13    9    5
    0  -22    6  102   84    9  -45  -79  -95  -93  -90  -81  -76
  -53  -23  -13   -8   18  119  271  372  309   649999899998
99998999989999899998999989999899998999989999899998   77   82   69
   42   -7  -56   -4   74   51   -1  -52  -83  -88  -98 -105 -101
  -70  -34   13   46   80  123  238  358  271 -150 -34699998
