tauY_total_04_2017_ano.22
  205 -203 -427 -481 -449 -327 -143  -28  -18  -34  -20   45  102
  131  125   80    7  -42  -37   30  131  177  197  1699999899998
999989999899998999989999899998999989999899998999989999899998
  126 -168 -356 -415 -393 -297 -170  -86 -103 -119 -103  -27   39
   69   64   32  -74 -141  -97  -11  104  176  206999989999899998
999989999899998999989999899998999989999899998999989999899998
   58 -138 -287 -355 -355 -282 -210 -164 -190 -198 -162  -67   18
   49   37   -8 -133 -200 -142  -40   88  166  222999989999899998
999989999899998999989999899998999989999899998999989999899998
    6 -104 -225 -305 -328 -277 -263 -259 -262 -240 -180  -63   42
   69   54  -21 -135 -194 -141  -30   84  15299998999989999899998
999989999899998999989999899998999989999899998999989999899998
  -21  -99 -169 -239 -266 -272 -293 -305 -295 -246 -160   12  110
  125   77    6  -80 -138  -75    8   92  11699998999989999899998
999989999899998999989999899998999989999899998999989999899998
    3  -31  -74 -129 -163 -185 -230 -277 -287 -242 -146    2  102
  119   62  -37  -84  -73   -6   53   75   5299998999989999899998
999989999899998999989999899998999989999899998999989999899998
   40   47   28    1  -30  -63 -135 -195 -215 -193 -132  -42   51
   63   -5 -115 -109  -52   21   66   49   -799998999989999899998
999989999899998999989999899998999989999899998999989999899998
   32   52   59   66   46    9  -65 -110 -127 -121  -91  -19   54
   44  -33 -138 -138  -68   18   55   24  -4099998999989999899998
999989999899998999989999899998999989999899998999989999899998
  -23   -4   10   29   30    3  -28  -56  -62  -57  -27   41   97
   80   -5 -120 -139  -83    4   44   14  -4299998999989999899998
999989999899998999989999899998999989999899998999989999899998
 -103  -87  -65  -53  -48  -57  -55  -52  -34   -8   30  100  143
  135   58  -57  -91  -77  -17   25   12  -20  -57999989999899998
999989999899998999989999899998999989999899998999989999899998
 -193 -170 -144 -133 -131 -131 -108  -78  -33   29   76  135  180
  185  131   61   -5  -40  -33  -11   -4  -10  -31  -439999899998
999989999899998999989999899998999989999899998999989999899998
99998 -224 -191 -169 -154 -154 -138 -101  -41   30   83  136  176
  187  194  171   90   25  -20  -36   -9    8   16    3    699998
999989999899998999989999899998999989999899998999989999899998
99998999989999899998 -135 -132 -120  -92  -37   24   79  112  128
  160  194  208  145   68    5  -17   20   64   84   64   44   37
   26   -7  -35  -16   35   82   98  104  113999989999899998
9999899998999989999899998  -80  -74  -55  -13   37   88   97   81
  105  149  191  160   96   37   26   66  122  131   98   66   55
   13  -50  -81  -66  -17   28   38   33   19999989999899998
9999899998999989999899998  -35  -36  -23    6   52  105   96   68
   64  100  153  156  108   56   52  102  145  129   91   77   67
    1  -76 -121 -120  -68  -29   -9  -25  -44999989999899998
999989999899998999989999899998  -40  -24   14   65  115  119   98
   71   96  137  154  114   60   66  112  119   89   57   51   60
  -11  -81 -135 -146 -100  -57  -39  -62  -83999989999899998
9999899998999989999899998999989999899998   14   75  140  168  157
  133  135  169  156  105   53   56   76   63   29    3    2   23
   -3  -52 -105 -113  -77  -41  -40  -67  -75999989999899998
9999899998999989999899998999989999899998999989999899998  231  213
  196  205  222  189  124   64   36   44   24   -5  -29  -27   -6
    8  -11  -42  -51  -22    2  -35  -57  -27   429999899998
999989999899998999989999899998999989999899998999989999899998  252
  220  225  260  227  156   80   25   21   14   -4  -29  -28   -4
   29   28   15   22   45    8  -32  -35   -7   32   9599998
999989999899998999989999899998999989999899998999989999899998  232
  189  187  227  226  180  100   39   17   20   15   -2    0   26
   42   60   71   85   84   40    0  -17  -14   24   6499998
9999899998999989999899998999989999899998999989999899998  260  175
  122  118  157  195  202  144   79   44   30   22   29   45   58
   79   96  116  124  117   74   29   -7  -19    2   3399998
99998999989999899998999989999899998999989999899998  291  182  103
   47   30   73  154  205  189  143   87   52   29   44   61   73
   92  110  130  129  114   85   41   -3  -20   -9    799998
99998999989999899998999989999899998999989999899998  154   79   13
  -33  -45    3  107  192  214  190  132   72   34   32   38   41
   70   94  105  101   89   60   27    3   -1   10   2499998
99998999989999899998999989999899998999989999899998    7  -31  -75
 -105  -96  -53   56  159  210  211  159   83   34   10   -2  -10
   15   43   49   48   38   16    6   19   39   739999899998
99998999989999899998999989999899998999989999899998  -99 -107 -127
 -141 -129  -88    4  120  196  215  166   81   37    0  -31  -49
  -51  -32  -22  -15  -23  -39  -25   25   82  133  20099998
