tauY_total_06_2017_ano.22
  -28   21   47   88  108  116   65   16  -37  -80 -119 -107  -91
  -42  -12  -12 -105 -184 -238 -268 -269 -230 -199 -1939999899998
999989999899998999989999899998999989999899998999989999899998
  -29    8   31   50   55   44   -1  -40  -71  -91  -98  -75  -50
  -16    0   -3 -103 -189 -249 -272 -259 -239 -232999989999899998
999989999899998999989999899998999989999899998999989999899998
  -35  -10    2   -5  -15  -39  -73  -96  -95  -86  -63  -29   -2
   14   18   -4 -117 -210 -254 -258 -233 -238 -250999989999899998
999989999899998999989999899998999989999899998999989999899998
  -39  -32  -29  -54  -84 -110 -122 -126 -100  -57  -23   19   18
   -2  -26  -53 -161 -271 -281 -253 -208 -22199998999989999899998
999989999899998999989999899998999989999899998999989999899998
  -36  -42  -37  -57  -86 -109 -104  -99  -71  -21   11   16  -26
  -91 -145 -180 -238 -311 -297 -244 -187 -21099998999989999899998
999989999899998999989999899998999989999899998999989999899998
  -17  -11   -5   -9   -8  -16  -28  -34  -24   -1   26  -30 -107
 -189 -245 -262 -273 -286 -279 -237 -178 -22599998999989999899998
999989999899998999989999899998999989999899998999989999899998
   13   28   41   60   70   64   34    8    1    7   18  -66 -160
 -235 -267 -258 -250 -234 -239 -214 -173 -21499998999989999899998
999989999899998999989999899998999989999899998999989999899998
   23   45   67   99   99   80   35   -1   -4    5   10  -61 -142
 -203 -235 -221 -198 -176 -178 -170 -140 -15999998999989999899998
999989999899998999989999899998999989999899998999989999899998
   -5   33   62   80   69   32  -24  -46  -23   10   23  -14  -78
 -141 -178 -178 -151 -143 -133 -120  -93  -8499998999989999899998
999989999899998999989999899998999989999899998999989999899998
  -55   -3   43   41   11  -50  -90  -77  -23   35   66   49    2
  -68 -121 -141 -143 -146 -128  -92  -56  -26  -15999989999899998
999989999899998999989999899998999989999899998999989999899998
 -111  -25   36   28  -28 -100 -110  -82   -9   70  101   90   51
   -9  -70 -110 -142 -143 -116  -66  -35   -7   30   829999899998
999989999899998999989999899998999989999899998999989999899998
99998   -9   57   59    4  -68  -76  -47   28   91   94   78   52
   22  -17  -55  -80  -86  -68  -37   -1   29   60  132  22899998
999989999899998999989999899998999989999899998999989999899998
99998999989999899998   67   -2  -21    4   53   72   56   32   21
   31   30   18    2  -15  -14    0   27   62   74  122  156  193
  160  109   48   -1  -12   23   83  146  210999989999899998
9999899998999989999899998   51   21   19   24   28   43   28    8
   18   56   79   63   43   28   27   54   72   64   53   63   86
   79   52   26   19   35   77  127  174  210999989999899998
9999899998999989999899998   75   -9  -36  -31   15   77   98   50
   14   37   76   85   62   33   41   95   99   61  -16  -21   -1
   14   19   24   50   91  131  167  192  205999989999899998
999989999899998999989999899998  -68  -99  -47   70  192  211  152
   64   25   44   58   43   30   55  115  125   67  -27  -73  -45
   -9   13   37   96  143  170  184  190  189999989999899998
9999899998999989999899998999989999899998  -24  140  323  350  287
  155   58   52   51   22    9   56  113  114   59   -5  -52  -33
   12   37   66  101  134  161  173  174  156999989999899998
9999899998999989999899998999989999899998999989999899998  490  411
  260  162  146  109   35  -18    4   72   78   36  -12  -17   21
   54   60   53   43   60  102  137  147  115   749999899998
999989999899998999989999899998999989999899998999989999899998  436
  307  254  275  196   67  -35  -70  -29    5   -6  -31  -16   34
   56   57   21  -15  -12   34   82   96   89   51    499998
999989999899998999989999899998999989999899998999989999899998  307
  256  264  326  264  136    0  -93 -113  -81  -52  -43  -20    7
   30   44   19   -9  -24    4   52   78   78   41    399998
9999899998999989999899998999989999899998999989999899998  211  146
  145  191  259  260  214   94  -24  -60  -53  -36  -34    1   19
   44   60   51   34   15   34   67   98  105  105   8099998
99998999989999899998999989999899998999989999899998  186   81   39
   30   62  126  192  231  187  138  104   92   66   46   34   45
   74   95  107   91   70   74  101  153  207  225  23499998
99998999989999899998999989999899998999989999899998   56   -2  -34
  -60  -50    1  119  205  255  295  293  243  165  114   74   58
   94  124  145  140  122  111  139  222  296  336  37499998
99998999989999899998999989999899998999989999899998  -76  -67  -74
  -97 -102  -74   53  167  316  428  457  339  223  147   89   65
   99  141  160  165  148  141  173  267  357  4379999899998
99998999989999899998999989999899998999989999899998 -186 -107  -84
  -93  -97  -87  -15  114  349  526  544  361  239  148   77   59
   96  153  165  159  144  155  189  288  397  495  57499998
