sst_total_11_2015_moy.22
  254  256  255  255  255  254  253  252  250  249  248  245  244
  241  240  238  237  234  233  232  230  222  215  2069999899998
999989999899998999989999899998999989999899998999989999899998
  262  262  261  261  261  259  257  257  255  254  252  251  249
  247  244  242  241  239  237  233  228  219  211999989999899998
999989999899998999989999899998999989999899998999989999899998
  271  271  270  269  267  265  264  262  260  260  259  258  256
  253  250  247  246  244  240  233  223  212  204999989999899998
999989999899998999989999899998999989999899998999989999899998
  279  278  276  275  272  270  268  266  264  264  263  263  261
  258  255  252  249  247  241  231  217  20499998999989999899998
999989999899998999989999899998999989999899998999989999899998
  282  282  280  277  275  273  270  267  266  266  266  265  264
  261  258  255  252  250  244  233  219  20699998999989999899998
999989999899998999989999899998999989999899998999989999899998
  284  283  281  279  277  274  271  269  268  268  268  266  265
  263  261  260  258  256  251  244  234  22599998999989999899998
999989999899998999989999899998999989999899998999989999899998
  285  284  282  280  278  276  273  272  270  270  270  269  267
  265  265  265  266  264  261  258  253  24999998999989999899998
999989999899998999989999899998999989999899998999989999899998
  287  285  283  281  280  278  277  276  275  274  273  272  270
  269  270  271  273  273  272  272  270  26899998999989999899998
999989999899998999989999899998999989999899998999989999899998
  289  287  286  283  282  281  281  280  279  278  277  275  274
  275  276  277  279  280  281  283  283  28399998999989999899998
999989999899998999989999899998999989999899998999989999899998
  290  289  287  286  284  284  284  283  282  281  280  278  278
  280  281  282  283  285  288  291  292  293  295999989999899998
999989999899998999989999899998999989999899998999989999899998
  290  289  287  286  285  285  286  285  284  283  282  281  282
  284  285  286  287  288  291  294  296  298  297  2979999899998
999989999899998999989999899998999989999899998999989999899998
99998  287  286  285  284  284  285  285  285  284  283  283  284
  285  287  289  290  290  291  293  294  296  297  295  29599998
999989999899998999989999899998999989999899998999989999899998
99998999989999899998  283  283  283  284  284  284  283  283  283
  284  286  288  289  289  289  289  289  290  291  291  290  290
  289  290  291  291  290  288  286  283  281999989999899998
9999899998999989999899998  281  280  280  281  281  281  281  280
  281  282  285  286  286  285  283  282  282  282  282  282  282
  283  285  286  287  286  285  283  282  281999989999899998
9999899998999989999899998  281  278  277  276  276  277  278  277
  277  278  280  281  280  278  276  274  273  272  271  270  270
  272  275  278  280  279  279  278  278  279999989999899998
999989999899998999989999899998  277  274  272  272  273  274  274
  273  273  275  275  274  272  270  267  265  263  261  260  260
  262  265  269  270  270  270  272  275  276999989999899998
9999899998999989999899998999989999899998  268  269  271  272  272
  271  271  271  271  269  267  264  262  259  257  256  256  255
  255  257  259  260  260  262  266  271  274999989999899998
9999899998999989999899998999989999899998999989999899998  271  272
  271  270  268  266  264  261  259  257  255  254  253  253  251
  250  250  249  249  250  253  259  266  271  2739999899998
999989999899998999989999899998999989999899998999989999899998  272
  271  268  265  261  259  257  254  252  252  250  249  248  246
  244  242  240  239  239  243  250  258  266  271  27499998
999989999899998999989999899998999989999899998999989999899998  272
  271  267  262  257  254  252  251  250  248  246  243  241  239
  237  234  231  229  229  232  238  247  259  269  27699998
9999899998999989999899998999989999899998999989999899998  274  274
  271  266  260  254  251  248  247  246  245  240  236  232  231
  230  226  223  221  220  221  225  235  248  264  27699998
99998999989999899998999989999899998999989999899998  274  275  274
  271  265  258  252  248  245  243  241  238  233  228  224  222
  221  218  215  212  211  211  214  221  236  252  26599998
99998999989999899998999989999899998999989999899998  273  274  272
  268  263  257  252  247  242  238  235  231  226  221  218  215
  213  211  209  205  203  202  204  209  219  232  24599998
99998999989999899998999989999899998999989999899998  268  269  268
  265  260  255  251  246  241  236  230  225  220  217  214  212
  209  207  205  202  199  197  197  200  202  2059999899998
99998999989999899998999989999899998999989999899998  263  265  265
  263  259  254  250  246  241  235  228  221  216  215  213  212
  209  207  204  201  197  194  194  194  192  187  17799998
