sst_total_03_2015_moy.22
  225  227  226  225  223  221  218  215  213  211  209  207  204
  199  196  193  191  188  185  183  181  177  173  1699999899998
999989999899998999989999899998999989999899998999989999899998
  236  235  233  231  229  227  224  220  218  216  214  212  209
  205  201  199  197  194  191  187  182  177  173999989999899998
999989999899998999989999899998999989999899998999989999899998
  246  245  243  240  237  235  232  229  226  224  222  219  216
  212  208  205  204  200  196  189  182  176  172999989999899998
999989999899998999989999899998999989999899998999989999899998
  253  252  249  247  244  241  238  235  232  230  228  225  221
  217  214  211  208  205  199  191  182  17499998999989999899998
999989999899998999989999899998999989999899998999989999899998
  257  255  253  251  248  246  243  240  237  234  232  229  224
  220  217  214  212  208  202  193  183  17499998999989999899998
999989999899998999989999899998999989999899998999989999899998
  259  258  256  254  252  249  246  243  240  237  235  231  226
  221  217  215  214  211  205  196  186  17999998999989999899998
999989999899998999989999899998999989999899998999989999899998
  262  261  259  257  255  252  249  245  242  239  236  232  227
  222  219  218  217  215  209  201  190  18299998999989999899998
999989999899998999989999899998999989999899998999989999899998
  266  265  263  261  258  255  252  247  244  241  239  235  231
  226  224  223  223  220  214  205  193  18399998999989999899998
999989999899998999989999899998999989999899998999989999899998
  270  269  267  265  261  258  255  251  248  246  245  242  239
  235  233  232  231  228  222  213  201  19499998999989999899998
999989999899998999989999899998999989999899998999989999899998
  274  272  270  268  264  261  259  256  254  253  253  253  251
  248  246  244  240  237  233  226  217  215  224999989999899998
999989999899998999989999899998999989999899998999989999899998
  276  274  273  271  268  266  265  263  261  261  262  262  262
  260  258  256  252  250  248  244  241  241  251  2649999899998
999989999899998999989999899998999989999899998999989999899998
99998  275  275  274  273  271  270  269  268  269  269  270  270
  269  267  266  263  262  261  261  262  266  272  279  28499998
999989999899998999989999899998999989999899998999989999899998
99998999989999899998  277  276  275  274  274  274  274  275  275
  275  273  272  271  270  271  272  273  278  284  289  290  290
  288  287  290  293  296  298  297  297  295999989999899998
9999899998999989999899998  281  279  279  278  278  278  277  277
  277  277  276  275  275  275  275  275  279  286  292  293  292
  290  290  292  294  296  297  296  296  295999989999899998
9999899998999989999899998  284  283  283  283  282  280  279  279
  279  278  277  276  276  276  275  273  276  284  290  292  291
  290  290  292  293  294  295  295  294  293999989999899998
999989999899998999989999899998  286  286  286  285  284  282  282
  281  280  279  278  278  278  277  274  276  281  286  288  288
  288  289  289  290  292  293  293  293  291999989999899998
9999899998999989999899998999989999899998  288  287  286  285  284
  283  282  281  280  280  281  280  277  277  280  283  284  285
  286  286  287  288  289  290  292  292  291999989999899998
9999899998999989999899998999989999899998999989999899998  285  285
  285  284  283  282  283  282  281  278  277  278  280  281  283
  283  284  284  285  286  288  290  292  291  2899999899998
999989999899998999989999899998999989999899998999989999899998  285
  285  285  284  283  283  282  280  278  276  276  277  277  278
  279  278  279  279  281  283  287  289  289  288  28499998
999989999899998999989999899998999989999899998999989999899998  285
  285  284  283  281  281  280  278  277  275  273  273  272  272
  271  271  271  271  272  275  279  282  284  285  28599998
9999899998999989999899998999989999899998999989999899998  285  285
  284  282  279  277  277  277  276  274  273  270  268  267  266
  265  263  261  261  262  264  267  271  276  280  28399998
99998999989999899998999989999899998999989999899998  289  288  286
  283  278  273  271  271  272  273  271  269  267  264  262  261
  258  256  254  252  252  253  254  259  264  269  27199998
99998999989999899998999989999899998999989999899998  291  290  288
  282  275  269  267  267  269  270  269  267  264  261  258  256
  254  252  250  247  244  243  243  245  248  251  25299998
99998999989999899998999989999899998999989999899998  290  290  288
  281  274  268  266  266  267  268  268  266  262  259  256  253
  252  250  246  242  239  236  234  234  230  2259999899998
99998999989999899998999989999899998999989999899998  289  291  289
  282  274  268  267  267  268  269  267  265  263  259  256  252
  251  248  245  240  235  231  229  226  218  206  19099998
