sst_total_05_2016_moy.22
  246  245  243  239  236  235  233  231  230  229  228  225  221
  218  216  214  212  211  208  207  205  204  202  2019999899998
999989999899998999989999899998999989999899998999989999899998
  251  250  248  245  242  240  238  237  236  234  233  231  227
  224  221  219  218  216  214  211  208  204  202999989999899998
999989999899998999989999899998999989999899998999989999899998
  259  256  254  252  249  246  246  245  244  242  240  238  235
  231  228  226  225  223  220  214  208  202  199999989999899998
999989999899998999989999899998999989999899998999989999899998
  264  262  260  257  254  252  252  251  250  248  246  244  241
  238  234  231  230  227  223  214  203  19699998999989999899998
999989999899998999989999899998999989999899998999989999899998
  269  267  265  262  259  257  256  256  254  252  250  247  244
  241  237  234  232  230  223  212  199  18899998999989999899998
999989999899998999989999899998999989999899998999989999899998
  274  272  269  266  264  261  260  258  257  254  251  248  245
  242  239  236  235  232  225  213  198  18799998999989999899998
999989999899998999989999899998999989999899998999989999899998
  279  276  273  270  267  264  263  261  258  256  253  249  246
  243  241  240  239  236  228  217  203  19299998999989999899998
999989999899998999989999899998999989999899998999989999899998
  281  279  276  273  270  267  265  263  261  258  255  251  248
  247  247  247  246  242  234  225  214  20499998999989999899998
999989999899998999989999899998999989999899998999989999899998
  281  280  278  276  273  271  270  268  266  262  259  257  255
  255  256  255  253  249  243  236  229  22699998999989999899998
999989999899998999989999899998999989999899998999989999899998
  280  280  280  278  277  276  275  273  271  269  266  264  263
  263  263  263  260  258  255  253  250  251  257999989999899998
999989999899998999989999899998999989999899998999989999899998
  277  279  280  281  281  280  279  278  276  275  273  272  271
  271  271  270  269  268  269  269  270  273  277  2849999899998
999989999899998999989999899998999989999899998999989999899998
99998  278  280  282  284  284  282  281  280  279  279  279  279
  278  279  278  278  279  280  282  283  286  288  292  29699998
999989999899998999989999899998999989999899998999989999899998
99998999989999899998  286  286  284  283  282  282  282  282  283
  284  284  284  285  286  286  286  286  287  289  293  295  296
  296  296  295  295  294  295  296  296  297999989999899998
9999899998999989999899998  288  287  286  284  283  284  284  285
  286  286  286  287  287  286  283  280  280  283  287  290  290
  292  293  293  292  292  292  291  291  291999989999899998
9999899998999989999899998  290  288  287  286  285  285  285  285
  286  286  286  286  285  281  277  274  272  275  279  282  283
  284  285  286  286  286  285  285  283  282999989999899998
999989999899998999989999899998  289  288  287  285  285  285  286
  286  285  285  284  282  278  274  271  269  271  275  277  277
  276  277  278  278  278  279  278  276  273999989999899998
9999899998999989999899998999989999899998  285  284  284  286  286
  286  285  285  283  281  278  275  273  272  273  275  276  276
  274  273  273  272  272  274  276  274  270999989999899998
9999899998999989999899998999989999899998999989999899998  285  286
  286  285  284  283  281  279  277  276  276  276  277  277  277
  276  274  271  270  270  273  276  275  270  2629999899998
999989999899998999989999899998999989999899998999989999899998  285
  285  284  284  283  281  280  279  278  277  277  277  276  276
  275  273  270  268  268  271  275  275  269  260  24999998
999989999899998999989999899998999989999899998999989999899998  284
  284  283  281  280  280  279  278  277  276  274  274  272  271
  270  268  265  263  263  265  268  269  264  256  24899998
9999899998999989999899998999989999899998999989999899998  284  284
  282  280  277  275  275  275  274  273  271  269  267  264  262
  260  258  256  255  254  256  257  256  253  248  24399998
99998999989999899998999989999899998999989999899998  285  284  283
  280  277  273  270  268  267  267  266  264  262  259  255  253
  250  248  247  245  245  244  243  240  237  234  23399998
99998999989999899998999989999899998999989999899998  284  283  281
  278  274  270  266  262  260  259  259  257  255  252  249  246
  243  240  238  237  236  235  232  227  221  218  21899998
99998999989999899998999989999899998999989999899998  280  280  278
  275  271  267  263  258  255  253  251  251  250  247  244  241
  238  235  233  231  231  228  225  219  208  1979999899998
99998999989999899998999989999899998999989999899998  276  278  278
  274  269  266  261  255  252  248  246  247  246  245  242  240
  237  234  232  229  228  225  222  216  202  184  16499998
