sst_total_08_2013_moy.22
  288  287  286  284  282  279  277  274  271  268  265  261  257
  252  248  245  243  239  238  236  236  232  228  2229999899998
999989999899998999989999899998999989999899998999989999899998
  287  287  285  283  280  278  275  272  269  266  264  260  257
  253  249  246  243  241  240  238  236  231  227999989999899998
999989999899998999989999899998999989999899998999989999899998
  286  285  284  282  279  276  274  270  267  265  262  260  257
  253  249  246  244  243  243  240  236  230  227999989999899998
999989999899998999989999899998999989999899998999989999899998
  286  285  284  281  278  276  273  269  267  264  262  260  258
  254  250  247  246  246  248  246  242  23599998999989999899998
999989999899998999989999899998999989999899998999989999899998
  286  285  284  281  278  275  272  270  267  265  263  261  259
  255  252  249  249  251  256  257  256  25499998999989999899998
999989999899998999989999899998999989999899998999989999899998
  286  285  284  281  279  276  273  271  269  268  265  263  261
  258  256  254  257  259  265  271  275  27899998999989999899998
999989999899998999989999899998999989999899998999989999899998
  286  286  284  282  280  277  274  273  271  269  268  267  265
  262  261  261  264  267  272  281  289  29599998999989999899998
999989999899998999989999899998999989999899998999989999899998
  287  287  286  284  282  279  277  275  274  273  272  271  270
  268  267  267  271  274  278  285  292  29699998999989999899998
999989999899998999989999899998999989999899998999989999899998
  289  289  289  287  285  284  282  281  279  279  278  277  276
  275  274  274  276  278  280  284  287  28899998999989999899998
999989999899998999989999899998999989999899998999989999899998
  291  291  291  290  289  289  289  287  286  284  283  281  281
  281  280  278  278  279  280  281  281  280  277999989999899998
999989999899998999989999899998999989999899998999989999899998
  292  292  291  291  291  292  293  292  290  288  286  284  284
  284  282  281  279  279  279  278  277  275  274  2739999899998
999989999899998999989999899998999989999899998999989999899998
99998  291  291  290  290  290  291  291  290  288  286  284  283
  282  282  280  280  279  277  275  273  272  271  270  26999998
999989999899998999989999899998999989999899998999989999899998
99998999989999899998  286  285  285  285  286  285  283  282  280
  279  278  277  277  275  272  269  267  267  265  265  263  261
  254  248  242  241  246  253  260  266  268999989999899998
9999899998999989999899998  279  277  278  279  279  278  278  276
  274  272  272  271  268  264  260  258  257  255  254  253  253
  252  250  249  250  252  257  262  266  268999989999899998
9999899998999989999899998  274  273  273  274  275  275  274  272
  269  268  267  265  261  254  250  247  245  243  240  239  240
  243  247  250  252  254  256  258  260  261999989999899998
999989999899998999989999899998  273  273  271  271  271  271  269
  267  266  265  262  256  249  244  241  238  235  232  231  232
  235  240  244  246  248  249  249  250  248999989999899998
9999899998999989999899998999989999899998  272  271  270  270  269
  268  267  268  264  258  250  245  242  239  236  234  233  232
  234  237  239  239  239  240  240  240  236999989999899998
9999899998999989999899998999989999899998999989999899998  269  269
  270  271  271  268  262  256  251  247  245  242  241  239  238
  237  238  238  237  234  234  235  235  231  2239999899998
999989999899998999989999899998999989999899998999989999899998  269
  270  271  271  269  265  260  256  253  250  249  246  244  242
  239  238  237  235  232  230  231  231  228  221  21599998
999989999899998999989999899998999989999899998999989999899998  267
  268  269  268  266  263  260  257  255  252  250  247  244  241
  238  236  233  230  227  226  225  225  223  220  21699998
9999899998999989999899998999989999899998999989999899998  264  266
  266  265  262  260  257  255  253  252  249  245  242  238  235
  233  229  226  223  221  218  216  214  213  213  21499998
99998999989999899998999989999899998999989999899998  261  263  264
  262  260  257  253  250  247  246  244  242  238  233  229  226
  224  221  217  214  212  209  205  201  200  200  20199998
99998999989999899998999989999899998999989999899998  259  259  259
  256  253  250  246  242  240  238  237  233  229  224  220  217
  215  212  208  206  203  199  195  190  185  184  18599998
99998999989999899998999989999899998999989999899998  254  254  252
  249  247  244  241  237  233  232  230  226  221  217  213  210
  208  205  203  200  197  193  189  183  174  1679999899998
99998999989999899998999989999899998999989999899998  250  250  248
  245  242  240  237  234  230  228  226  222  216  213  210  207
  204  202  200  197  193  190  188  181  170  156  14399998
