sst_total_04_2008_moy.22
  222  222  222  220  219  217  215  213  211  209  208  207  206
  204  202  201  200  199  198  198  197  195  193  1929999899998
999989999899998999989999899998999989999899998999989999899998
  231  230  229  227  226  224  222  219  218  216  215  214  213
  211  209  207  207  206  204  202  199  195  194999989999899998
999989999899998999989999899998999989999899998999989999899998
  240  240  238  237  235  233  232  229  227  225  225  224  223
  220  218  216  216  214  211  206  200  195  192999989999899998
999989999899998999989999899998999989999899998999989999899998
  248  247  245  244  243  241  239  237  235  234  233  232  230
  227  225  222  221  219  215  208  199  19299998999989999899998
999989999899998999989999899998999989999899998999989999899998
  252  251  250  248  247  246  244  242  241  240  238  237  235
  231  228  225  225  224  219  211  200  19299998999989999899998
999989999899998999989999899998999989999899998999989999899998
  255  254  253  251  250  249  248  246  244  243  241  240  237
  234  231  229  229  228  223  215  205  19799998999989999899998
999989999899998999989999899998999989999899998999989999899998
  258  257  255  254  253  252  250  249  247  244  243  241  239
  237  236  235  235  233  230  223  213  20499998999989999899998
999989999899998999989999899998999989999899998999989999899998
  262  261  259  257  256  255  253  251  249  247  245  244  243
  242  243  243  242  241  237  231  221  21299998999989999899998
999989999899998999989999899998999989999899998999989999899998
  266  265  263  261  259  258  257  255  254  251  249  247  248
  249  251  251  250  249  247  241  232  22699998999989999899998
999989999899998999989999899998999989999899998999989999899998
  270  268  267  265  263  262  262  261  259  257  255  254  255
  257  259  259  259  259  258  255  249  246  251999989999899998
999989999899998999989999899998999989999899998999989999899998
  272  271  270  269  268  267  267  267  265  264  262  261  262
  265  267  268  268  270  271  271  270  268  271  2779999899998
999989999899998999989999899998999989999899998999989999899998
99998  272  272  272  272  270  270  270  270  269  268  268  270
  272  274  275  277  279  282  285  287  286  288  290  29199998
999989999899998999989999899998999989999899998999989999899998
99998999989999899998  275  274  273  273  273  272  272  273  275
  277  279  280  282  285  288  291  293  295  296  297  296  295
  294  293  292  293  294  296  296  295  294999989999899998
9999899998999989999899998  277  277  276  276  276  276  277  279
  281  282  283  285  287  289  291  292  293  296  298  297  296
  294  293  293  294  295  296  296  294  292999989999899998
9999899998999989999899998  280  280  280  280  280  280  281  282
  284  284  285  286  287  287  288  288  289  291  294  294  293
  292  292  292  293  295  296  294  292  290999989999899998
999989999899998999989999899998  282  284  284  284  284  285  285
  286  286  286  287  286  286  286  285  286  287  288  290  290
  289  290  291  293  294  294  294  292  288999989999899998
9999899998999989999899998999989999899998  286  287  286  287  287
  287  287  288  287  286  287  286  285  284  284  285  287  287
  288  290  291  292  292  292  294  293  287999989999899998
9999899998999989999899998999989999899998999989999899998  287  288
  289  289  289  288  288  287  286  285  284  284  284  285  286
  288  289  290  291  291  291  294  293  287  2779999899998
999989999899998999989999899998999989999899998999989999899998  289
  289  289  289  288  287  286  285  285  284  283  283  283  284
  285  285  286  286  287  288  291  292  287  279  26999998
999989999899998999989999899998999989999899998999989999899998  289
  289  288  287  287  286  285  284  283  282  280  279  279  279
  279  278  278  278  280  283  286  288  286  281  27599998
9999899998999989999899998999989999899998999989999899998  287  288
  288  286  285  284  283  283  282  279  277  275  274  273  272
  272  269  267  267  269  273  276  278  280  280  27899998
99998999989999899998999989999899998999989999899998  284  286  286
  286  285  283  281  280  279  277  275  272  270  268  266  265
  262  259  256  255  257  261  264  266  268  270  27299998
99998999989999899998999989999899998999989999899998  281  283  284
  284  283  281  279  276  275  272  269  267  264  262  260  258
  254  249  246  245  247  250  253  254  252  254  25699998
99998999989999899998999989999899998999989999899998  276  279  281
  282  281  279  277  274  271  268  266  262  259  256  253  251
  246  241  238  237  239  242  245  244  237  2309999899998
99998999989999899998999989999899998999989999899998  270  276  279
  281  281  279  276  273  270  267  264  260  256  252  250  247
  242  237  233  232  235  238  240  238  230  214  19699998
