sst_total_11_2013_moy.22
  256  259  260  261  261  261  259  258  255  253  251  248  246
  243  241  238  235  232  228  224  220  216  212  2089999899998
999989999899998999989999899998999989999899998999989999899998
  264  265  265  266  266  266  264  262  259  257  255  253  251
  248  245  242  240  237  233  227  220  214  210999989999899998
999989999899998999989999899998999989999899998999989999899998
  272  273  273  272  272  271  269  267  264  262  260  259  257
  253  250  247  245  243  237  229  218  209  205999989999899998
999989999899998999989999899998999989999899998999989999899998
  279  278  278  277  276  274  273  270  267  265  264  262  260
  257  254  251  249  247  242  231  218  20699998999989999899998
999989999899998999989999899998999989999899998999989999899998
  282  281  280  279  277  276  273  271  268  266  264  263  261
  259  256  253  252  251  247  239  227  21699998999989999899998
999989999899998999989999899998999989999899998999989999899998
  283  282  281  279  278  276  273  271  268  267  264  263  261
  260  259  257  257  257  256  253  247  24399998999989999899998
999989999899998999989999899998999989999899998999989999899998
  284  283  282  280  279  277  274  272  269  267  266  265  263
  262  262  262  263  264  265  267  268  26899998999989999899998
999989999899998999989999899998999989999899998999989999899998
  285  284  283  281  280  278  276  273  271  270  269  267  266
  266  266  267  268  270  273  278  280  28299998999989999899998
999989999899998999989999899998999989999899998999989999899998
  286  285  284  282  281  280  278  276  273  272  271  271  271
  271  272  272  273  275  279  283  286  28899998999989999899998
999989999899998999989999899998999989999899998999989999899998
  287  286  285  283  282  282  281  278  276  275  275  275  275
  276  277  277  277  279  282  285  288  289  290999989999899998
999989999899998999989999899998999989999899998999989999899998
  288  287  285  283  283  282  282  281  279  279  279  279  280
  281  281  281  280  281  284  286  288  289  289  2899999899998
999989999899998999989999899998999989999899998999989999899998
99998  286  284  283  281  281  281  281  281  282  282  282  283
  283  283  282  281  282  283  284  286  287  287  287  28699998
999989999899998999989999899998999989999899998999989999899998
99998999989999899998  280  279  279  280  281  282  283  283  283
  282  281  281  280  280  280  280  280  281  282  282  282  281
  281  283  286  289  290  291  289  286  283999989999899998
9999899998999989999899998  278  277  277  279  280  282  282  280
  279  277  277  276  275  275  273  272  273  273  274  274  274
  275  277  280  283  284  284  282  281  279999989999899998
9999899998999989999899998  277  275  274  274  276  277  278  277
  274  272  272  272  270  268  266  264  264  264  263  263  263
  265  268  271  274  274  274  274  274  275999989999899998
999989999899998999989999899998  273  270  270  271  273  274  273
  270  268  269  268  266  263  260  258  256  256  255  255  254
  256  259  263  264  264  264  266  269  272999989999899998
9999899998999989999899998999989999899998  266  267  270  271  270
  268  267  267  266  264  261  257  255  253  252  252  252  250
  250  252  253  254  253  256  261  267  271999989999899998
9999899998999989999899998999989999899998999989999899998  269  269
  268  267  267  265  263  259  256  253  251  250  250  250  247
  246  246  245  243  243  247  255  265  271  2729999899998
999989999899998999989999899998999989999899998999989999899998  269
  268  267  265  263  260  258  254  251  250  248  247  245  242
  240  238  236  234  232  239  249  260  267  270  27099998
999989999899998999989999899998999989999899998999989999899998  268
  268  266  263  260  258  255  252  250  247  244  240  237  235
  233  230  228  226  224  230  240  251  260  265  26799998
9999899998999989999899998999989999899998999989999899998  268  268
  267  265  261  257  254  251  248  246  243  237  232  228  226
  225  222  220  218  216  220  228  238  247  255  26099998
99998999989999899998999989999899998999989999899998  269  269  268
  265  262  258  254  250  245  242  240  236  230  223  218  217
  216  214  211  208  207  210  214  221  230  239  24499998
99998999989999899998999989999899998999989999899998  269  268  265
  261  257  254  250  245  240  236  234  229  222  215  210  208
  207  206  203  200  198  199  202  205  210  217  22399998
99998999989999899998999989999899998999989999899998  265  264  261
  257  253  249  245  240  237  233  229  223  215  209  205  203
  201  200  198  195  192  191  192  194  193  1909999899998
99998999989999899998999989999899998999989999899998  261  260  258
  254  249  246  242  238  235  232  227  219  211  207  203  201
  199  197  195  192  190  187  188  187  183  174  16199998
