sst_total_06_2013_moy.22
  253  255  255  253  252  250  247  245  243  240  238  235  233
  231  228  227  224  220  217  215  212  208  203  1989999899998
999989999899998999989999899998999989999899998999989999899998
  255  257  257  256  254  252  250  248  246  243  241  239  238
  236  234  232  229  224  220  216  212  207  203999989999899998
999989999899998999989999899998999989999899998999989999899998
  260  260  260  259  258  256  254  252  250  247  245  244  243
  241  240  238  235  229  223  216  209  203  201999989999899998
999989999899998999989999899998999989999899998999989999899998
  264  264  263  262  261  259  257  255  253  251  249  248  246
  245  243  241  238  232  225  215  204  19799998999989999899998
999989999899998999989999899998999989999899998999989999899998
  268  267  267  265  263  261  260  257  256  254  253  250  247
  246  245  243  239  235  227  216  205  19799998999989999899998
999989999899998999989999899998999989999899998999989999899998
  272  272  270  268  267  264  262  260  258  257  254  251  249
  247  246  245  243  239  232  224  217  21299998999989999899998
999989999899998999989999899998999989999899998999989999899998
  276  275  274  272  270  267  265  263  261  259  257  254  251
  249  249  249  248  244  241  238  238  23699998999989999899998
999989999899998999989999899998999989999899998999989999899998
  278  278  277  275  272  270  268  266  264  263  261  258  256
  255  255  255  255  253  252  255  259  26199998999989999899998
999989999899998999989999899998999989999899998999989999899998
  280  280  279  277  275  273  272  271  270  268  267  266  264
  263  263  263  263  262  263  269  276  28099998999989999899998
999989999899998999989999899998999989999899998999989999899998
  282  282  281  280  279  278  277  277  276  275  273  274  273
  272  272  272  271  271  274  280  285  288  289999989999899998
999989999899998999989999899998999989999899998999989999899998
  283  284  283  283  282  282  282  281  281  280  279  280  280
  280  280  279  278  279  282  286  289  290  289  2869999899998
999989999899998999989999899998999989999899998999989999899998
99998  285  285  285  286  286  285  285  284  284  283  284  285
  286  285  284  284  284  286  288  289  289  287  286  28499998
999989999899998999989999899998999989999899998999989999899998
99998999989999899998  288  287  287  286  285  285  285  285  287
  287  286  285  285  285  285  285  287  286  283  282  279  279
  279  280  282  283  285  287  289  292  293999989999899998
9999899998999989999899998  288  287  286  285  284  284  284  285
  284  282  281  281  280  279  279  279  278  276  273  270  270
  271  274  277  279  281  281  283  284  285999989999899998
9999899998999989999899998  289  287  286  284  283  283  283  281
  279  276  275  275  273  272  271  270  268  265  262  259  257
  259  263  266  269  270  270  270  270  270999989999899998
999989999899998999989999899998  288  285  283  282  282  281  279
  276  273  272  271  269  267  266  264  263  260  256  253  251
  251  254  256  257  257  257  257  255  252999989999899998
9999899998999989999899998999989999899998  282  282  282  281  280
  277  275  274  272  270  268  266  265  264  263  261  258  255
  254  255  255  254  252  251  249  247  243999989999899998
9999899998999989999899998999989999899998999989999899998  282  280
  279  278  277  276  275  273  271  270  268  267  267  266  263
  261  260  260  257  254  252  251  248  242  2359999899998
999989999899998999989999899998999989999899998999989999899998  280
  280  279  278  278  277  276  274  273  272  270  269  268  266
  265  263  261  258  255  254  253  250  243  236  22999998
999989999899998999989999899998999989999899998999989999899998  279
  279  279  277  277  276  274  273  271  270  268  266  264  263
  262  259  255  253  252  251  249  246  242  237  23299998
9999899998999989999899998999989999899998999989999899998  276  277
  278  276  274  272  271  269  267  266  265  263  259  257  256
  253  249  246  244  243  243  240  238  234  232  23199998
99998999989999899998999989999899998999989999899998  274  275  276
  275  273  270  266  263  261  259  259  258  256  252  249  247
  243  239  235  233  233  232  229  225  221  218  21899998
99998999989999899998999989999899998999989999899998  271  272  272
  271  268  265  261  258  254  252  251  251  248  245  241  238
  234  229  226  224  223  221  218  213  204  199  19999998
99998999989999899998999989999899998999989999899998  265  267  267
  266  263  261  257  253  249  247  245  244  242  238  234  230
  225  221  219  217  216  213  210  203  192  1809999899998
99998999989999899998999989999899998999989999899998  260  263  263
  262  260  258  253  249  247  244  242  240  237  233  229  225
  220  216  215  213  212  210  207  200  186  169  15299998
