sst_total_05_2008_moy.22
  228  233  234  234  235  235  233  231  230  229  229  227  225
  222  219  218  217  215  214  213  212  208  204  2009999899998
999989999899998999989999899998999989999899998999989999899998
  238  241  241  242  241  241  239  237  236  234  234  232  230
  227  225  223  222  221  219  217  213  207  202999989999899998
999989999899998999989999899998999989999899998999989999899998
  250  250  251  250  249  248  247  245  244  242  241  240  237
  234  231  229  229  227  224  218  210  203  198999989999899998
999989999899998999989999899998999989999899998999989999899998
  258  258  258  257  256  255  253  252  250  247  245  244  241
  239  236  234  233  231  226  216  205  19699998999989999899998
999989999899998999989999899998999989999899998999989999899998
  264  264  263  261  260  259  257  255  253  250  248  245  243
  241  238  235  234  232  225  214  201  19099998999989999899998
999989999899998999989999899998999989999899998999989999899998
  267  267  265  263  262  261  259  256  254  251  248  245  243
  241  238  236  236  234  227  217  204  19499998999989999899998
999989999899998999989999899998999989999899998999989999899998
  269  268  266  264  263  261  259  257  254  251  249  246  243
  241  240  240  240  238  232  224  214  20699998999989999899998
999989999899998999989999899998999989999899998999989999899998
  271  269  268  266  263  261  260  258  256  253  250  247  245
  245  245  246  246  243  239  234  229  22499998999989999899998
999989999899998999989999899998999989999899998999989999899998
  273  272  270  268  265  264  263  263  261  258  254  252  250
  251  253  255  253  251  249  247  246  24799998999989999899998
999989999899998999989999899998999989999899998999989999899998
  276  275  273  271  269  268  269  269  268  265  262  259  258
  260  261  263  262  260  260  262  265  268  273999989999899998
999989999899998999989999899998999989999899998999989999899998
  278  277  276  274  274  273  274  275  274  273  270  268  267
  268  270  271  271  271  273  277  281  284  288  2919999899998
999989999899998999989999899998999989999899998999989999899998
99998  278  277  277  277  277  278  278  278  278  276  275  275
  276  278  280  280  282  284  287  291  294  296  297  29999998
999989999899998999989999899998999989999899998999989999899998
99998999989999899998  279  279  279  280  280  281  280  280  281
  283  284  286  287  289  290  291  293  294  296  298  298  297
  295  294  293  291  290  289  289  289  290999989999899998
9999899998999989999899998  280  281  282  283  283  282  283  285
  286  287  288  290  291  291  290  288  288  291  294  295  293
  291  291  291  291  290  289  288  288  288999989999899998
9999899998999989999899998  282  283  285  286  285  285  286  287
  287  288  289  289  289  287  285  282  281  284  288  288  286
  285  285  287  288  288  286  285  284  284999989999899998
999989999899998999989999899998  286  287  288  287  287  287  288
  288  288  288  288  287  285  282  279  277  279  283  283  281
  279  279  282  284  284  284  283  281  280999989999899998
9999899998999989999899998999989999899998  288  287  287  288  288
  288  288  288  288  287  285  282  280  279  280  282  282  280
  279  279  280  281  281  282  283  282  279999989999899998
9999899998999989999899998999989999899998999989999899998  287  287
  288  288  288  288  287  285  283  282  281  281  283  283  282
  281  281  281  281  281  283  285  285  281  2739999899998
999989999899998999989999899998999989999899998999989999899998  286
  287  287  287  287  286  284  283  282  281  281  282  281  281
  282  281  280  279  279  282  286  286  280  271  26099998
999989999899998999989999899998999989999899998999989999899998  284
  285  285  285  285  284  283  280  278  277  276  277  277  277
  278  277  275  273  273  276  280  280  275  267  25899998
9999899998999989999899998999989999899998999989999899998  280  282
  283  282  281  280  280  279  276  272  270  269  269  270  270
  271  269  267  265  264  266  267  267  264  258  25399998
99998999989999899998999989999899998999989999899998  276  278  279
  280  279  278  277  276  273  270  266  263  261  261  262  263
  262  260  257  254  253  252  251  249  245  241  23799998
99998999989999899998999989999899998999989999899998  271  273  275
  275  276  276  275  272  269  264  260  257  255  255  255  256
  255  252  247  244  242  240  238  233  224  218  21599998
99998999989999899998999989999899998999989999899998  264  267  270
  271  272  273  273  270  266  261  255  252  250  250  251  250
  249  246  241  236  233  230  229  220  206  1909999899998
99998999989999899998999989999899998999989999899998  257  263  267
  269  270  272  272  270  265  259  252  250  248  248  248  248
  246  243  238  232  227  226  224  215  197  172  14599998
