sst_total_08_2017_moy.22
  291  289  287  285  283  281  279  277  274  271  268  265  261
  257  254  253  251  248  244  241  239  236  232  2299999899998
999989999899998999989999899998999989999899998999989999899998
  289  287  285  283  280  279  276  274  272  269  266  263  260
  257  255  253  252  250  246  241  236  231  228999989999899998
999989999899998999989999899998999989999899998999989999899998
  287  285  283  281  278  277  275  272  269  267  265  262  259
  257  255  255  254  252  248  241  232  226  222999989999899998
999989999899998999989999899998999989999899998999989999899998
  286  284  282  279  277  275  274  272  269  267  265  262  259
  258  257  256  256  256  252  244  234  22499998999989999899998
999989999899998999989999899998999989999899998999989999899998
  286  284  282  280  278  276  275  274  272  270  267  264  261
  260  258  259  259  260  258  253  246  23999998999989999899998
999989999899998999989999899998999989999899998999989999899998
  288  286  283  281  279  277  277  276  275  274  271  267  264
  263  263  264  266  266  266  266  266  26499998999989999899998
999989999899998999989999899998999989999899998999989999899998
  289  287  285  283  281  279  278  278  278  276  274  271  269
  267  268  270  273  273  275  279  284  28799998999989999899998
999989999899998999989999899998999989999899998999989999899998
  290  290  288  286  284  281  280  280  280  279  277  276  274
  273  275  276  279  279  281  286  292  29599998999989999899998
999989999899998999989999899998999989999899998999989999899998
  293  293  291  289  287  285  284  283  283  282  281  280  279
  280  281  282  282  283  285  288  291  29299998999989999899998
999989999899998999989999899998999989999899998999989999899998
  295  294  294  292  290  289  288  287  286  285  285  284  284
  284  285  285  284  285  286  287  288  287  286999989999899998
999989999899998999989999899998999989999899998999989999899998
  296  295  294  293  292  291  291  290  289  289  288  287  286
  287  286  285  285  286  287  286  286  285  285  2849999899998
999989999899998999989999899998999989999899998999989999899998
99998  294  293  292  290  289  289  289  290  291  291  288  288
  286  285  285  286  286  285  284  284  284  284  284  28399998
999989999899998999989999899998999989999899998999989999899998
99998999989999899998  286  284  284  285  288  290  290  289  287
  285  283  283  284  283  281  279  280  281  280  280  278  275
  267  258  250  246  249  253  257  261  262999989999899998
9999899998999989999899998  278  278  280  283  286  287  287  285
  282  280  280  280  277  274  272  272  274  273  271  269  266
  262  258  254  253  253  256  258  260  259999989999899998
9999899998999989999899998  274  274  276  278  280  282  282  280
  279  277  278  276  272  267  264  264  263  262  259  256  254
  252  252  252  253  254  255  255  254  252999989999899998
999989999899998999989999899998  274  274  274  274  275  276  276
  275  277  278  275  270  264  261  259  258  254  250  246  244
  242  242  244  247  249  250  248  245  240999989999899998
9999899998999989999899998999989999899998  271  270  269  271  272
  274  277  280  278  273  267  262  260  257  253  249  245  241
  239  238  240  241  243  244  242  238  230999989999899998
9999899998999989999899998999989999899998999989999899998  265  267
  272  277  279  280  277  271  267  264  260  256  252  248  244
  241  240  240  241  241  241  240  235  227  2179999899998
999989999899998999989999899998999989999899998999989999899998  263
  268  273  275  276  276  274  271  267  263  259  255  250  247
  244  242  241  241  240  238  236  231  224  214  20599998
999989999899998999989999899998999989999899998999989999899998  259
  263  266  266  269  269  270  269  267  263  258  254  250  247
  244  242  239  236  234  231  228  223  216  210  20499998
9999899998999989999899998999989999899998999989999899998  253  257
  259  259  257  257  257  259  260  260  257  253  249  245  243
  240  236  232  228  225  221  216  210  205  201  19999998
99998999989999899998999989999899998999989999899998  248  252  254
  255  252  248  245  243  245  248  249  249  246  241  238  235
  232  228  224  220  215  209  202  195  190  189  18899998
99998999989999899998999989999899998999989999899998  247  249  250
  248  245  240  233  229  232  235  238  238  236  231  228  226
  224  221  217  212  207  198  191  183  177  174  17599998
99998999989999899998999989999899998999989999899998  242  243  243
  241  238  234  226  218  221  224  227  227  226  223  221  218
  218  216  213  208  201  191  183  176  167  1609999899998
99998999989999899998999989999899998999989999899998  238  239  238
  236  233  231  223  211  214  217  221  222  220  218  217  215
  215  213  211  207  198  189  181  174  164  152  14199998
