sst_total_02_2014_moy.22
  231  229  228  225  223  220  217  215  213  212  211  210  209
  207  205  203  202  201  199  196  191  186  181  1779999899998
999989999899998999989999899998999989999899998999989999899998
  238  236  234  231  229  227  224  222  219  218  218  217  215
  213  211  208  207  205  202  197  191  185  180999989999899998
999989999899998999989999899998999989999899998999989999899998
  247  245  242  239  237  235  232  230  228  227  226  224  223
  221  218  215  213  210  205  197  188  181  176999989999899998
999989999899998999989999899998999989999899998999989999899998
  253  251  249  246  243  241  239  237  235  234  232  231  229
  226  224  220  217  214  207  196  185  17699998999989999899998
999989999899998999989999899998999989999899998999989999899998
  256  254  252  249  247  245  243  242  240  238  236  234  232
  229  226  222  220  216  208  196  183  17399998999989999899998
999989999899998999989999899998999989999899998999989999899998
  258  256  253  251  250  247  245  244  242  241  239  237  235
  232  229  224  222  219  211  199  185  17399998999989999899998
999989999899998999989999899998999989999899998999989999899998
  259  257  255  254  252  249  247  246  244  243  242  242  241
  238  234  229  226  222  215  204  188  17599998999989999899998
999989999899998999989999899998999989999899998999989999899998
  260  259  258  257  254  251  249  246  246  245  244  246  246
  245  241  237  232  228  222  210  194  17999998999989999899998
999989999899998999989999899998999989999899998999989999899998
  262  262  261  259  257  254  250  249  248  247  248  251  253
  252  249  245  240  236  230  220  204  19499998999989999899998
999989999899998999989999899998999989999899998999989999899998
  265  264  264  262  260  257  254  253  252  252  253  257  260
  260  258  254  249  245  242  235  224  221  231999989999899998
999989999899998999989999899998999989999899998999989999899998
  265  265  265  265  263  261  259  259  258  259  260  263  267
  268  266  262  257  256  256  254  250  250  257  2689999899998
999989999899998999989999899998999989999899998999989999899998
99998  264  266  267  267  265  265  265  266  266  267  270  272
  273  272  268  265  266  268  270  271  272  274  277  27999998
999989999899998999989999899998999989999899998999989999899998
99998999989999899998  270  269  269  269  271  272  273  274  275
  275  274  272  271  272  275  278  280  280  280  281  280  280
  282  286  290  292  293  293  292  292  291999989999899998
9999899998999989999899998  274  273  273  273  274  275  276  276
  275  274  273  273  275  277  278  280  277  278  279  279  280
  283  288  291  293  294  293  292  291  290999989999899998
9999899998999989999899998  276  275  275  275  275  275  275  275
  274  273  273  273  275  276  276  275  273  273  276  277  279
  282  286  289  292  293  292  292  290  289999989999899998
999989999899998999989999899998  275  275  276  275  274  274  274
  273  273  273  273  274  274  273  272  271  271  273  275  277
  280  282  285  288  290  291  290  290  289999989999899998
9999899998999989999899998999989999899998  276  274  274  274  274
  274  274  274  274  274  274  272  269  271  273  274  275  276
  277  277  279  282  286  289  290  291  290999989999899998
9999899998999989999899998999989999899998999989999899998  274  275
  275  276  276  275  276  275  272  269  270  272  274  273  273
  273  272  273  276  281  287  290  292  291  2909999899998
999989999899998999989999899998999989999899998999989999899998  275
  277  277  278  278  279  277  273  270  269  270  271  270  270
  268  266  266  269  274  282  288  290  290  288  28699998
999989999899998999989999899998999989999899998999989999899998  277
  278  279  279  279  279  278  274  270  268  267  267  267  267
  262  260  259  260  265  273  280  283  282  282  28099998
9999899998999989999899998999989999899998999989999899998  277  278
  279  280  279  279  278  276  273  269  267  265  264  264  262
  258  255  253  253  256  262  268  271  271  271  27099998
99998999989999899998999989999899998999989999899998  276  278  279
  279  279  278  277  275  272  269  267  265  262  261  260  258
  255  252  249  248  249  251  254  256  256  254  25399998
99998999989999899998999989999899998999989999899998  279  280  280
  278  278  276  274  271  267  264  263  262  260  258  257  255
  253  250  247  245  243  242  243  242  240  237  23699998
99998999989999899998999989999899998999989999899998  280  281  280
  278  276  274  272  268  264  260  259  259  258  257  256  255
  253  250  246  242  240  237  236  234  226  2179999899998
99998999989999899998999989999899998999989999899998  280  282  280
  278  275  273  270  266  262  259  257  258  258  257  256  254
  253  250  246  241  238  236  235  231  220  204  18699998
