sst_total_08_2008_moy.22
  283  283  283  281  279  278  276  274  272  270  268  265  262
  258  255  252  249  245  241  238  236  231  227  2239999899998
999989999899998999989999899998999989999899998999989999899998
  284  284  283  281  279  277  275  272  270  268  266  264  261
  257  254  251  249  245  241  237  232  226  222999989999899998
999989999899998999989999899998999989999899998999989999899998
  285  284  283  281  279  276  274  271  268  266  264  262  259
  256  253  251  248  246  241  235  228  220  216999989999899998
999989999899998999989999899998999989999899998999989999899998
  285  284  283  281  278  276  273  270  267  265  263  261  258
  255  253  250  248  247  243  237  228  22099998999989999899998
999989999899998999989999899998999989999899998999989999899998
  286  285  283  281  278  276  273  271  268  266  264  261  258
  256  253  252  251  250  248  244  240  23499998999989999899998
999989999899998999989999899998999989999899998999989999899998
  287  285  283  281  279  277  274  272  270  268  266  263  260
  258  257  257  257  255  255  256  258  25899998999989999899998
999989999899998999989999899998999989999899998999989999899998
  287  286  284  282  280  277  275  274  272  271  269  267  265
  263  263  264  264  263  263  268  274  27999998999989999899998
999989999899998999989999899998999989999899998999989999899998
  288  287  286  284  282  279  277  275  275  274  273  272  271
  270  270  271  272  270  271  275  281  28599998999989999899998
999989999899998999989999899998999989999899998999989999899998
  291  290  289  287  285  283  281  280  279  279  278  278  277
  277  277  277  276  275  275  278  281  28299998999989999899998
999989999899998999989999899998999989999899998999989999899998
  293  293  292  290  288  288  287  285  284  283  282  281  281
  281  282  281  279  278  277  277  278  278  277999989999899998
999989999899998999989999899998999989999899998999989999899998
  295  294  293  291  291  291  291  290  288  286  285  283  283
  284  283  282  280  279  278  277  276  276  276  2779999899998
999989999899998999989999899998999989999899998999989999899998
99998  293  292  291  290  290  291  290  289  287  285  283  283
  282  282  281  280  279  277  275  274  275  276  277  27899998
999989999899998999989999899998999989999899998999989999899998
99998999989999899998  287  287  286  286  286  285  284  283  281
  279  278  278  278  277  274  271  271  272  272  274  275  275
  269  261  254  250  254  260  266  271  274999989999899998
9999899998999989999899998  282  281  280  281  281  280  280  277
  274  272  272  272  270  267  264  264  265  265  266  267  269
  266  262  258  257  258  262  267  270  271999989999899998
9999899998999989999899998  279  277  275  275  276  276  276  273
  269  266  266  266  263  259  256  255  255  254  254  255  257
  258  258  257  257  258  260  262  263  263999989999899998
999989999899998999989999899998  275  272  270  271  272  272  269
  265  263  262  261  258  254  251  249  248  246  244  245  247
  249  250  250  250  251  252  251  252  251999989999899998
9999899998999989999899998999989999899998  268  268  269  269  267
  264  262  263  262  258  254  251  249  247  244  243  243  245
  246  246  245  243  242  242  242  242  239999989999899998
9999899998999989999899998999989999899998999989999899998  266  265
  264  264  264  263  260  257  254  251  249  246  245  246  247
  247  247  244  240  237  236  237  237  234  2289999899998
999989999899998999989999899998999989999899998999989999899998  263
  263  264  264  263  261  259  256  254  251  249  248  247  247
  247  246  242  238  234  232  233  234  233  227  22299998
999989999899998999989999899998999989999899998999989999899998  261
  261  262  261  261  259  258  256  253  251  248  246  245  245
  244  241  237  232  228  227  228  229  229  226  22399998
9999899998999989999899998999989999899998999989999899998  258  259
  259  258  257  255  254  253  251  249  246  243  241  239  238
  236  232  227  223  220  219  219  220  220  220  21999998
99998999989999899998999989999899998999989999899998  255  256  256
  255  254  252  250  247  245  244  242  240  236  233  231  229
  226  222  217  213  210  209  208  206  206  207  20799998
99998999989999899998999989999899998999989999899998  253  253  252
  250  248  246  243  241  238  236  235  232  229  225  222  220
  217  213  208  204  201  199  197  194  190  189  19199998
99998999989999899998999989999899998999989999899998  248  248  246
  243  242  240  238  235  232  230  228  226  222  219  217  214
  211  207  203  199  195  191  188  184  178  1719999899998
99998999989999899998999989999899998999989999899998  245  244  242
  240  238  237  235  232  229  227  226  222  218  216  214  211
  208  203  200  196  191  188  185  181  171  160  14899998
