sst_total_04_2017_moy.22
  222  219  218  216  214  214  215  216  217  217  216  215  214
  213  212  212  210  210  208  206  205  204  202  2029999899998
999989999899998999989999899998999989999899998999989999899998
  232  229  227  225  223  223  223  223  224  224  223  221  220
  218  217  216  215  215  212  210  207  204  203999989999899998
999989999899998999989999899998999989999899998999989999899998
  243  241  238  236  235  234  234  234  233  232  231  230  227
  224  222  221  220  219  217  212  207  203  201999989999899998
999989999899998999989999899998999989999899998999989999899998
  252  250  248  246  245  244  243  242  241  239  238  236  232
  228  224  221  220  219  217  212  204  19999998999989999899998
999989999899998999989999899998999989999899998999989999899998
  258  256  255  253  252  250  249  247  245  244  242  238  234
  228  223  219  219  219  217  211  202  19599998999989999899998
999989999899998999989999899998999989999899998999989999899998
  264  262  260  258  257  255  253  250  248  246  244  239  235
  229  224  220  220  220  219  213  204  19699998999989999899998
999989999899998999989999899998999989999899998999989999899998
  268  267  264  262  260  258  255  252  250  247  245  241  237
  232  228  225  225  226  224  219  209  20199998999989999899998
999989999899998999989999899998999989999899998999989999899998
  273  271  269  267  264  261  258  255  252  249  247  243  241
  238  236  235  234  235  232  227  218  20899998999989999899998
999989999899998999989999899998999989999899998999989999899998
  276  275  274  271  267  264  261  259  256  254  251  249  247
  247  247  246  245  245  243  238  229  22499998999989999899998
999989999899998999989999899998999989999899998999989999899998
  278  278  276  274  271  268  267  265  263  262  259  258  257
  258  258  258  257  256  256  253  247  246  254999989999899998
999989999899998999989999899998999989999899998999989999899998
  279  279  278  277  275  273  272  271  271  269  268  267  268
  269  270  270  269  269  269  268  267  268  274  2839999899998
999989999899998999989999899998999989999899998999989999899998
99998  278  279  279  279  277  276  276  276  275  275  275  277
  279  280  281  280  280  281  282  283  285  289  293  29499998
999989999899998999989999899998999989999899998999989999899998
99998999989999899998  281  280  279  280  279  279  278  280  283
  286  288  288  287  287  288  289  290  293  296  298  297  293
  289  287  287  288  290  294  299  301  305999989999899998
9999899998999989999899998  283  283  283  282  281  281  283  286
  290  292  292  291  291  290  291  291  293  296  299  298  294
  290  289  289  290  291  294  297  298  300999989999899998
9999899998999989999899998  286  286  286  285  284  283  285  288
  291  292  292  291  291  291  290  290  292  295  298  298  294
  291  289  289  290  291  292  293  293  294999989999899998
999989999899998999989999899998  287  287  287  286  286  287  289
  291  291  291  291  290  290  291  290  292  294  296  297  294
  291  290  290  289  289  289  289  290  290999989999899998
9999899998999989999899998999989999899998  287  287  287  288  289
  289  289  289  289  289  290  290  290  291  293  296  296  296
  293  292  291  289  287  286  288  289  288999989999899998
9999899998999989999899998999989999899998999989999899998  288  288
  288  288  287  287  287  288  288  288  289  291  293  295  296
  295  294  292  289  287  285  287  289  287  2819999899998
999989999899998999989999899998999989999899998999989999899998  287
  287  285  284  283  283  283  283  284  285  286  288  291  292
  293  292  290  287  285  285  287  289  287  281  27499998
999989999899998999989999899998999989999899998999989999899998  286
  285  282  279  277  276  276  277  276  278  278  280  282  285
  287  287  285  282  281  282  285  286  285  282  27899998
9999899998999989999899998999989999899998999989999899998  287  286
  283  279  275  270  268  268  268  268  268  269  270  272  275
  279  279  278  276  274  275  277  278  281  282  28399998
99998999989999899998999989999899998999989999899998  287  287  286
  282  277  272  265  261  259  258  258  259  260  260  262  265
  268  269  268  266  265  264  265  267  270  275  27999998
99998999989999899998999989999899998999989999899998  285  285  284
  281  276  270  262  255  252  250  249  251  251  252  253  255
  258  258  256  255  253  252  252  254  255  260  26599998
99998999989999899998999989999899998999989999899998  281  282  281
  279  274  268  260  253  248  244  244  244  245  245  246  247
  247  247  246  244  242  241  241  242  240  2369999899998
99998999989999899998999989999899998999989999899998  276  279  279
  278  273  267  260  252  246  242  242  241  240  240  240  241
  240  239  237  236  234  234  235  235  231  220  20499998
