sst_total_07_2013_moy.22
  280  279  277  276  276  276  274  271  268  264  261  258  254
  250  246  242  237  232  231  229  226  219  213  2079999899998
999989999899998999989999899998999989999899998999989999899998
  281  279  277  276  275  274  272  269  265  262  259  256  254
  250  245  242  237  233  231  228  224  216  210999989999899998
999989999899998999989999899998999989999899998999989999899998
  281  279  277  275  274  272  270  267  263  260  258  256  253
  249  245  242  238  234  231  226  220  211  203999989999899998
999989999899998999989999899998999989999899998999989999899998
  280  279  277  274  272  271  269  266  262  259  257  255  253
  249  246  243  240  236  232  226  218  20999998999989999899998
999989999899998999989999899998999989999899998999989999899998
  280  278  276  274  272  270  268  265  263  261  258  256  253
  250  248  245  242  240  237  232  226  22099998999989999899998
999989999899998999989999899998999989999899998999989999899998
  281  279  277  274  272  270  268  266  264  262  260  257  255
  253  251  249  248  247  245  245  246  24699998999989999899998
999989999899998999989999899998999989999899998999989999899998
  281  280  278  276  273  271  269  268  266  263  262  260  258
  257  257  257  258  257  257  261  267  27299998999989999899998
999989999899998999989999899998999989999899998999989999899998
  281  281  280  278  275  272  271  269  268  266  265  264  263
  263  264  266  268  268  269  274  282  28899998999989999899998
999989999899998999989999899998999989999899998999989999899998
  282  283  282  280  278  275  274  273  273  271  270  268  267
  269  271  273  275  276  277  281  288  29299998999989999899998
999989999899998999989999899998999989999899998999989999899998
  284  285  284  284  282  280  279  279  278  277  275  273  272
  274  276  278  280  280  281  283  286  288  289999989999899998
999989999899998999989999899998999989999899998999989999899998
  287  287  287  286  286  285  284  283  283  281  280  278  277
  278  279  280  280  281  281  281  282  283  285  2859999899998
999989999899998999989999899998999989999899998999989999899998
99998  288  288  288  288  287  286  286  286  285  283  281  280
  280  280  280  280  280  280  279  278  279  281  282  28299998
999989999899998999989999899998999989999899998999989999899998
99998999989999899998  288  286  285  285  286  286  284  282  280
  279  278  278  278  278  277  275  274  274  275  276  274  270
  263  256  252  252  256  262  268  273  275999989999899998
9999899998999989999899998  283  282  282  283  283  282  280  278
  275  274  274  274  272  269  268  266  266  265  263  260  257
  254  252  253  255  258  262  267  270  272999989999899998
9999899998999989999899998  280  280  280  280  280  280  278  275
  272  269  269  269  265  262  258  256  255  252  248  243  240
  240  243  247  251  253  255  258  261  261999989999899998
999989999899998999989999899998  279  279  279  279  277  276  273
  270  268  268  267  263  258  254  251  248  244  239  233  230
  230  234  239  242  243  244  245  246  245999989999899998
9999899998999989999899998999989999899998  280  278  277  276  274
  272  272  272  271  267  262  258  253  250  245  242  237  233
  232  234  236  237  236  235  236  235  233999989999899998
9999899998999989999899998999989999899998999989999899998  277  275
  275  275  276  275  272  269  264  260  255  252  249  246  243
  241  240  240  239  236  234  234  233  229  2239999899998
999989999899998999989999899998999989999899998999989999899998  274
  275  276  276  275  274  272  268  264  260  256  255  252  250
  247  246  244  242  238  236  234  231  228  222  21799998
999989999899998999989999899998999989999899998999989999899998  271
  273  273  272  271  270  268  266  262  259  256  254  252  250
  248  246  243  240  238  235  231  227  222  218  21499998
9999899998999989999899998999989999899998999989999899998  268  269
  269  268  266  265  263  262  259  257  254  251  249  247  244
  243  240  237  233  231  228  223  218  213  209  20799998
99998999989999899998999989999899998999989999899998  266  266  266
  265  263  260  258  256  253  251  250  246  243  241  238  235
  233  231  227  224  222  218  213  207  200  194  19199998
99998999989999899998999989999899998999989999899998  263  262  262
  260  258  255  252  249  246  244  242  239  236  233  230  227
  224  221  218  215  212  208  204  197  186  178  17399998
99998999989999899998999989999899998999989999899998  257  257  257
  256  253  250  247  243  240  238  236  233  230  226  224  222
  217  214  211  208  204  201  198  190  176  1639999899998
99998999989999899998999989999899998999989999899998  252  253  253
  252  251  247  244  241  237  234  231  228  227  223  221  219
  215  210  207  203  200  199  196  188  173  153  13299998
