sst_total_02_2008_moy.22
  219  220  220  218  217  215  214  212  210  209  208  206  205
  204  204  204  204  203  202  200  196  194  191  1899999899998
999989999899998999989999899998999989999899998999989999899998
  227  227  227  226  225  224  222  219  217  216  216  214  213
  212  211  210  209  208  205  202  198  194  192999989999899998
999989999899998999989999899998999989999899998999989999899998
  237  237  236  235  235  233  231  229  227  226  224  224  223
  221  219  217  216  213  209  203  197  193  190999989999899998
999989999899998999989999899998999989999899998999989999899998
  244  245  244  243  242  241  239  237  235  233  232  231  229
  227  225  223  219  216  211  203  195  19199998999989999899998
999989999899998999989999899998999989999899998999989999899998
  249  249  249  248  247  246  244  242  240  237  236  234  233
  230  226  224  221  217  212  204  196  19199998999989999899998
999989999899998999989999899998999989999899998999989999899998
  253  252  251  251  251  249  247  245  243  241  239  237  233
  229  226  224  222  220  216  210  203  19799998999989999899998
999989999899998999989999899998999989999899998999989999899998
  256  255  254  254  253  252  250  248  246  244  241  238  233
  229  226  225  225  225  223  219  211  20599998999989999899998
999989999899998999989999899998999989999899998999989999899998
  258  258  258  257  256  254  253  251  249  246  243  239  235
  231  229  228  231  232  232  229  221  21399998999989999899998
999989999899998999989999899998999989999899998999989999899998
  261  261  261  260  258  256  255  253  251  249  247  243  240
  237  236  237  239  242  243  240  233  22999998999989999899998
999989999899998999989999899998999989999899998999989999899998
  265  264  264  263  261  259  258  257  255  253  252  250  248
  247  247  248  250  253  256  255  252  252  261999989999899998
999989999899998999989999899998999989999899998999989999899998
  266  266  266  265  264  262  261  261  260  259  258  258  258
  258  259  260  261  264  268  271  271  273  279  2869999899998
999989999899998999989999899998999989999899998999989999899998
99998  266  267  267  268  266  265  265  266  266  265  266  267
  268  269  270  270  273  278  282  286  289  291  293  29299998
999989999899998999989999899998999989999899998999989999899998
99998999989999899998  271  270  269  269  270  271  271  271  272
  273  274  275  276  279  283  287  290  293  295  295  293  290
  286  285  285  284  285  287  287  288  290999989999899998
9999899998999989999899998  275  273  273  273  274  274  275  275
  275  275  277  279  281  284  285  286  287  290  292  291  290
  287  287  287  287  287  288  288  289  289999989999899998
9999899998999989999899998  278  277  277  277  277  277  277  276
  276  276  277  279  281  282  281  280  279  281  284  286  287
  287  287  288  288  289  288  289  288  288999989999899998
999989999899998999989999899998  279  280  281  280  279  278  277
  276  276  277  279  279  279  277  274  273  274  277  280  282
  284  285  286  287  288  288  288  287  286999989999899998
9999899998999989999899998999989999899998  284  282  281  279  278
  277  277  277  277  278  277  274  271  270  271  273  276  279
  282  283  285  285  286  286  286  287  286999989999899998
9999899998999989999899998999989999899998999989999899998  280  279
  278  278  277  277  277  274  271  268  267  267  270  273  275
  279  281  282  283  283  284  285  286  286  2869999899998
999989999899998999989999899998999989999899998999989999899998  279
  279  279  278  276  275  273  268  265  263  264  266  269  271
  275  277  277  278  278  279  282  284  286  287  28899998
999989999899998999989999899998999989999899998999989999899998  280
  280  279  277  274  273  270  267  262  261  261  263  266  267
  268  270  270  270  270  272  276  280  283  286  28899998
9999899998999989999899998999989999899998999989999899998  280  280
  279  277  275  272  270  268  264  260  259  259  259  262  262
  263  264  264  263  263  265  269  273  278  282  28599998
99998999989999899998999989999899998999989999899998  279  280  279
  278  276  274  271  268  265  262  259  258  257  256  257  257
  258  258  258  257  256  257  260  265  269  271  27599998
99998999989999899998999989999899998999989999899998  279  279  279
  276  275  272  270  266  262  260  258  256  255  254  253  253
  253  252  252  250  249  250  252  255  256  257  26099998
99998999989999899998999989999899998999989999899998  277  279  277
  275  273  271  269  266  262  259  257  255  253  252  250  250
  249  248  245  244  243  244  246  246  242  2379999899998
99998999989999899998999989999899998999989999899998  276  278  277
  275  273  270  268  266  263  259  257  254  253  251  249  248
  247  245  241  238  238  239  242  241  234  221  20699998
