sst_total_01_2014_moy.22
  234  234  233  231  229  228  226  223  221  219  218  217  217
  216  214  212  211  208  206  204  200  196  192  1889999899998
999989999899998999989999899998999989999899998999989999899998
  241  240  238  237  235  234  232  230  227  226  224  223  223
  221  219  217  216  213  210  205  200  195  192999989999899998
999989999899998999989999899998999989999899998999989999899998
  249  248  246  245  243  241  240  238  236  234  232  231  230
  227  226  225  223  219  214  206  199  193  189999989999899998
999989999899998999989999899998999989999899998999989999899998
  256  254  253  251  249  247  245  244  242  240  239  237  235
  233  232  231  228  224  216  207  197  19099998999989999899998
999989999899998999989999899998999989999899998999989999899998
  260  258  256  254  252  250  249  248  246  244  242  240  238
  238  235  233  231  227  220  210  200  19499998999989999899998
999989999899998999989999899998999989999899998999989999899998
  261  260  258  256  254  253  252  250  249  247  244  243  241
  240  238  234  233  230  225  217  207  20099998999989999899998
999989999899998999989999899998999989999899998999989999899998
  263  261  260  258  257  255  254  252  251  249  247  246  245
  242  240  237  235  234  230  224  214  20599998999989999899998
999989999899998999989999899998999989999899998999989999899998
  265  264  262  261  259  258  257  255  253  251  249  249  248
  246  243  241  239  238  236  230  218  20899998999989999899998
999989999899998999989999899998999989999899998999989999899998
  269  267  266  264  263  261  260  258  255  253  253  252  252
  252  250  247  245  245  244  238  227  22099998999989999899998
999989999899998999989999899998999989999899998999989999899998
  272  271  269  267  265  265  264  262  259  257  256  257  259
  259  258  255  253  253  253  249  242  240  247999989999899998
999989999899998999989999899998999989999899998999989999899998
  272  272  271  269  268  268  267  266  264  262  261  262  264
  265  265  264  261  261  262  262  260  260  267  2779999899998
999989999899998999989999899998999989999899998999989999899998
99998  272  272  272  271  271  269  269  269  268  266  267  269
  270  271  270  269  268  270  270  271  274  279  285  28999998
999989999899998999989999899998999989999899998999989999899998
99998999989999899998  273  273  272  272  272  272  271  272  273
  273  273  273  272  272  273  273  274  277  281  286  288  289
  287  286  286  286  287  289  291  293  295999989999899998
9999899998999989999899998  274  274  274  275  275  275  275  275
  274  274  274  274  274  273  271  270  273  277  282  284  284
  284  284  285  286  287  288  290  291  293999989999899998
9999899998999989999899998  275  276  276  277  277  277  276  275
  274  274  274  273  273  271  268  267  267  271  275  277  278
  278  279  280  282  284  286  287  289  290999989999899998
999989999899998999989999899998  277  278  279  279  278  277  276
  274  273  273  273  272  270  267  266  265  266  268  270  270
  271  273  274  276  279  281  283  285  285999989999899998
9999899998999989999899998999989999899998  280  280  280  278  276
  274  273  273  273  272  270  269  267  265  264  266  266  266
  267  268  269  270  273  276  279  281  280999989999899998
9999899998999989999899998999989999899998999989999899998  279  277
  275  274  273  273  272  271  269  267  264  263  263  264  264
  264  263  263  264  267  272  276  278  279  2769999899998
999989999899998999989999899998999989999899998999989999899998  277
  275  274  273  271  271  269  267  264  262  261  260  260  261
  259  258  257  258  261  267  273  277  277  275  27199998
999989999899998999989999899998999989999899998999989999899998  278
  276  274  271  269  267  264  262  259  257  255  255  255  255
  254  252  250  250  254  260  267  272  274  273  27199998
9999899998999989999899998999989999899998999989999899998  278  278
  276  273  269  265  261  257  255  252  252  250  249  249  249
  248  246  244  243  246  251  259  264  267  266  26499998
99998999989999899998999989999899998999989999899998  278  278  277
  275  272  267  262  257  253  250  247  246  245  243  243  243
  242  240  239  238  239  242  247  252  254  251  24999998
99998999989999899998999989999899998999989999899998  277  277  276
  273  269  265  260  255  250  247  246  244  242  240  239  238
  237  236  235  234  233  235  238  239  237  233  23099998
99998999989999899998999989999899998999989999899998  274  275  274
  272  268  264  259  254  249  246  245  243  241  238  236  235
  234  233  232  231  230  230  231  229  221  2119999899998
99998999989999899998999989999899998999989999899998  272  273  272
  271  268  263  259  255  249  246  245  243  240  238  235  234
  232  231  230  228  227  227  228  224  213  196  17899998
