sst_total_03_2008_moy.22
  214  217  218  217  216  214  211  209  207  206  205  204  203
  203  203  203  203  201  199  196  194  192  189  1889999899998
999989999899998999989999899998999989999899998999989999899998
  224  225  225  224  223  221  218  216  214  213  213  212  211
  210  209  209  209  207  205  201  198  195  193999989999899998
999989999899998999989999899998999989999899998999989999899998
  236  236  235  234  232  230  228  226  225  224  223  222  220
  218  217  216  215  213  210  206  201  197  194999989999899998
999989999899998999989999899998999989999899998999989999899998
  244  244  243  241  240  238  236  234  233  233  232  230  227
  225  223  221  220  218  214  209  203  19899998999989999899998
999989999899998999989999899998999989999899998999989999899998
  250  249  248  246  245  243  242  241  240  238  237  235  232
  229  226  224  222  220  217  212  206  20199998999989999899998
999989999899998999989999899998999989999899998999989999899998
  255  253  251  249  248  247  246  245  244  242  240  237  234
  230  228  227  225  224  221  217  212  20999998999989999899998
999989999899998999989999899998999989999899998999989999899998
  258  255  254  252  251  250  248  247  245  243  242  239  236
  233  231  231  230  230  228  225  219  21699998999989999899998
999989999899998999989999899998999989999899998999989999899998
  259  258  257  255  254  252  251  249  247  245  243  242  240
  237  236  237  238  237  236  232  226  22099998999989999899998
999989999899998999989999899998999989999899998999989999899998
  262  261  261  259  257  255  254  252  250  249  248  247  246
  245  245  245  247  247  246  242  235  23099998999989999899998
999989999899998999989999899998999989999899998999989999899998
  264  264  263  262  260  258  258  257  255  254  253  253  253
  254  254  255  256  257  258  254  249  248  257999989999899998
999989999899998999989999899998999989999899998999989999899998
  264  264  264  264  263  263  263  263  261  260  259  260  260
  262  263  264  265  267  269  269  269  270  277  2879999899998
999989999899998999989999899998999989999899998999989999899998
99998  264  265  266  267  267  268  268  268  267  266  266  267
  269  270  271  272  275  279  283  285  288  292  296  29799998
999989999899998999989999899998999989999899998999989999899998
99998999989999899998  270  271  272  273  273  272  271  271  272
  275  276  277  278  280  285  289  293  296  299  300  299  297
  294  294  295  298  300  300  298  295  291999989999899998
9999899998999989999899998  274  275  276  276  276  276  275  277
  278  280  280  281  283  286  289  291  294  298  300  299  297
  295  294  296  297  298  298  296  294  292999989999899998
9999899998999989999899998  276  278  279  281  280  279  279  280
  282  282  282  283  284  285  286  287  288  292  295  295  294
  294  293  294  295  296  296  295  293  292999989999899998
999989999899998999989999899998  279  282  284  284  283  282  283
  284  284  285  284  285  285  285  285  285  288  289  290  291
  291  291  292  292  293  294  294  294  292999989999899998
9999899998999989999899998999989999899998  285  285  284  284  285
  286  287  287  286  286  286  285  284  284  284  285  286  288
  289  289  290  291  292  294  295  296  295999989999899998
9999899998999989999899998999989999899998999989999899998  284  285
  286  288  288  287  286  285  283  282  282  282  282  283  285
  286  288  289  290  292  294  298  298  297  2959999899998
999989999899998999989999899998999989999899998999989999899998  285
  286  288  288  287  284  282  280  279  278  278  279  280  281
  283  283  285  287  289  292  296  299  298  294  28999998
999989999899998999989999899998999989999899998999989999899998  285
  286  286  286  284  282  279  276  273  273  273  273  275  275
  276  276  278  280  282  286  291  293  293  292  28899998
9999899998999989999899998999989999899998999989999899998  283  284
  285  284  283  281  279  275  271  267  267  267  267  268  268
  268  268  269  270  272  276  280  283  283  283  28199998
99998999989999899998999989999899998999989999899998  283  284  284
  283  282  280  278  276  272  268  264  262  261  262  262  261
  260  259  259  260  262  264  267  268  268  267  26399998
99998999989999899998999989999899998999989999899998  281  283  283
  282  280  278  276  273  270  266  261  259  258  258  257  255
  253  251  251  251  252  253  254  253  249  246  24099998
99998999989999899998999989999899998999989999899998  278  281  282
  280  279  278  276  273  269  265  261  258  256  255  253  251
  248  246  245  244  244  245  245  240  231  2209999899998
99998999989999899998999989999899998999989999899998  276  280  281
  279  277  278  277  274  270  265  261  258  257  254  252  249
  246  243  242  241  240  239  239  233  220  201  18099998
