sst_total_07_2015_moy.22
  285  284  283  281  280  279  277  275  273  270  266  263  259
  256  253  250  247  244  239  234  229  225  223  2229999899998
999989999899998999989999899998999989999899998999989999899998
  284  284  282  281  279  276  275  273  270  267  263  260  257
  254  251  249  246  243  239  233  226  220  217999989999899998
999989999899998999989999899998999989999899998999989999899998
  282  282  280  278  276  274  272  269  266  263  261  258  255
  252  249  247  246  243  237  230  221  213  208999989999899998
999989999899998999989999899998999989999899998999989999899998
  280  279  277  275  273  270  269  266  263  260  258  255  253
  250  248  246  245  242  237  228  218  20899998999989999899998
999989999899998999989999899998999989999899998999989999899998
  279  277  275  272  270  267  265  262  260  258  255  253  251
  248  247  245  244  243  238  232  224  21799998999989999899998
999989999899998999989999899998999989999899998999989999899998
  277  275  273  270  268  265  263  261  258  256  253  251  249
  248  248  248  248  246  243  242  242  24299998999989999899998
999989999899998999989999899998999989999899998999989999899998
  276  275  273  271  268  266  263  260  257  254  253  252  251
  251  253  254  255  253  252  256  263  26999998999989999899998
999989999899998999989999899998999989999899998999989999899998
  275  275  275  273  270  267  265  262  259  257  256  256  256
  257  260  263  264  263  264  269  279  28799998999989999899998
999989999899998999989999899998999989999899998999989999899998
  276  277  276  274  272  270  268  266  265  263  262  262  263
  266  269  272  272  272  274  279  288  29599998999989999899998
999989999899998999989999899998999989999899998999989999899998
  278  278  278  277  276  275  274  273  272  270  269  270  271
  274  277  278  280  279  280  284  290  294  296999989999899998
999989999899998999989999899998999989999899998999989999899998
  280  280  280  280  280  280  280  279  278  276  276  277  278
  280  282  283  283  283  283  284  288  291  292  2929999899998
999989999899998999989999899998999989999899998999989999899998
99998  280  280  281  282  282  282  282  282  281  280  280  281
  283  284  285  284  283  282  282  283  285  287  287  28799998
999989999899998999989999899998999989999899998999989999899998
99998999989999899998  281  281  282  282  282  282  281  281  280
  282  283  283  282  279  276  275  275  277  278  278  277  275
  271  266  263  262  265  270  275  279  283999989999899998
9999899998999989999899998  279  279  280  280  280  279  278  278
  278  278  279  276  271  265  262  261  263  263  261  260  260
  259  259  260  261  263  267  271  274  276999989999899998
9999899998999989999899998  277  277  277  278  277  276  276  275
  274  274  274  270  262  254  249  246  247  246  243  241  241
  243  247  251  254  256  257  260  262  262999989999899998
999989999899998999989999899998  276  276  276  275  274  274  273
  272  272  272  267  259  250  243  240  239  238  234  232  232
  232  236  241  244  244  244  245  246  245999989999899998
9999899998999989999899998999989999899998  276  274  273  273  273
  273  274  273  269  262  255  249  246  244  242  241  238  237
  236  237  239  239  237  235  235  234  231999989999899998
9999899998999989999899998999989999899998999989999899998  274  274
  275  276  276  273  268  263  259  255  253  251  250  249  247
  246  246  245  241  237  234  232  230  226  2209999899998
999989999899998999989999899998999989999899998999989999899998  275
  276  277  276  274  271  269  266  262  260  257  256  255  252
  251  250  248  244  239  235  232  229  226  221  21599998
999989999899998999989999899998999989999899998999989999899998  274
  276  275  274  272  270  268  266  262  259  258  255  253  249
  248  246  244  240  236  233  229  226  223  220  21799998
9999899998999989999899998999989999899998999989999899998  271  273
  273  272  271  269  267  265  261  258  253  251  247  243  239
  237  235  233  231  229  226  222  219  218  216  21699998
99998999989999899998999989999899998999989999899998  270  270  270
  270  268  266  264  262  258  254  250  245  240  236  231  226
  223  221  220  220  220  218  213  210  207  206  20799998
99998999989999899998999989999899998999989999899998  266  265  265
  264  262  259  258  255  251  246  241  235  229  224  219  213
  210  208  208  209  209  208  204  200  194  192  19299998
99998999989999899998999989999899998999989999899998  258  258  258
  257  255  253  251  248  243  238  232  226  220  215  210  205
  201  198  199  201  201  199  197  192  184  1769999899998
99998999989999899998999989999899998999989999899998  252  252  253
  251  251  248  246  243  238  232  226  219  216  210  206  201
  197  193  193  194  196  196  195  190  179  166  15299998
