sst_total_10_2013_moy.22
  276  278  278  277  276  275  272  269  267  265  263  260  258
  255  252  250  248  246  246  245  243  240  236  2339999899998
999989999899998999989999899998999989999899998999989999899998
  280  281  280  280  279  278  275  273  271  269  267  265  263
  260  257  255  253  251  249  246  241  236  233999989999899998
999989999899998999989999899998999989999899998999989999899998
  284  284  284  283  282  281  279  277  275  273  271  269  267
  264  262  260  258  256  253  245  236  228  224999989999899998
999989999899998999989999899998999989999899998999989999899998
  287  287  286  285  284  282  281  279  277  276  274  272  270
  267  265  263  262  261  256  246  232  22199998999989999899998
999989999899998999989999899998999989999899998999989999899998
  289  288  287  285  284  282  281  280  278  276  275  272  270
  268  267  265  265  266  261  252  240  22899998999989999899998
999989999899998999989999899998999989999899998999989999899998
  290  289  287  285  284  283  281  279  278  277  276  274  272
  270  269  269  270  271  269  266  260  25599998999989999899998
999989999899998999989999899998999989999899998999989999899998
  292  289  288  286  285  283  282  281  280  279  278  275  274
  272  273  273  275  277  278  280  281  28199998999989999899998
999989999899998999989999899998999989999899998999989999899998
  292  291  290  288  286  286  285  285  284  282  281  278  276
  276  277  278  280  282  285  289  293  29599998999989999899998
999989999899998999989999899998999989999899998999989999899998
  293  292  291  290  289  290  290  290  288  286  284  281  280
  280  281  282  284  285  288  292  294  29699998999989999899998
999989999899998999989999899998999989999899998999989999899998
  292  292  291  292  292  292  295  295  293  290  287  284  283
  284  285  285  286  287  289  291  292  292  291999989999899998
999989999899998999989999899998999989999899998999989999899998
  289  289  289  290  291  293  295  296  295  292  288  285  285
  286  287  287  287  287  288  288  288  289  287  2859999899998
999989999899998999989999899998999989999899998999989999899998
99998  286  286  287  289  290  292  293  293  291  287  285  286
  286  287  287  287  286  285  284  284  284  284  283  28099998
999989999899998999989999899998999989999899998999989999899998
99998999989999899998  284  285  285  286  287  287  285  284  284
  285  285  285  285  283  280  279  279  280  280  278  275  271
  264  262  262  263  265  269  271  273  273999989999899998
9999899998999989999899998  279  279  280  281  282  281  281  280
  280  280  280  280  277  274  271  272  272  272  270  267  264
  262  261  263  265  267  269  270  272  272999989999899998
9999899998999989999899998  275  274  274  274  275  276  276  275
  274  273  274  273  270  266  264  263  264  262  260  257  255
  255  257  261  264  266  267  268  269  269999989999899998
999989999899998999989999899998  271  271  270  270  271  272  271
  269  268  269  267  264  260  258  256  254  253  251  249  246
  248  251  256  259  261  262  263  265  267999989999899998
9999899998999989999899998999989999899998  267  268  269  269  269
  267  266  266  264  261  257  254  251  249  247  247  245  243
  244  246  249  251  253  255  257  262  265999989999899998
9999899998999989999899998999989999899998999989999899998  269  269
  267  265  264  262  260  256  252  248  246  244  243  243  241
  241  241  242  242  243  245  250  256  261  2649999899998
999989999899998999989999899998999989999899998999989999899998  269
  268  266  263  260  258  255  251  247  244  242  241  240  240
  238  236  234  232  231  234  239  246  254  259  26399998
999989999899998999989999899998999989999899998999989999899998  268
  268  265  262  258  256  253  249  246  242  240  238  237  235
  233  230  226  222  221  224  228  236  244  252  25699998
9999899998999989999899998999989999899998999989999899998  266  267
  267  263  259  255  252  249  246  243  240  236  233  231  229
  226  222  217  213  211  213  217  224  233  242  24799998
99998999989999899998999989999899998999989999899998  263  265  266
  265  261  257  251  248  244  240  237  235  231  226  223  220
  217  212  207  203  200  202  205  210  217  224  22999998
99998999989999899998999989999899998999989999899998  261  262  262
  260  257  252  247  243  239  235  231  228  224  220  216  213
  209  203  198  194  191  192  193  196  198  202  20699998
99998999989999899998999989999899998999989999899998  255  257  256
  255  252  247  243  238  235  230  225  221  217  214  211  208
  203  198  192  187  184  184  184  184  182  1789999899998
99998999989999899998999989999899998999989999899998  249  252  251
  250  248  244  240  236  232  228  221  217  214  210  208  206
  201  195  188  184  180  178  178  177  172  162  15099998
