sst_total_04_2016_moy.22
  228  227  226  224  222  221  220  219  218  217  215  212  210
  208  207  207  207  206  204  202  199  195  192  1909999899998
999989999899998999989999899998999989999899998999989999899998
  238  236  234  232  229  227  226  225  224  222  221  219  217
  215  215  214  214  212  209  205  200  195  192999989999899998
999989999899998999989999899998999989999899998999989999899998
  248  246  244  241  239  237  236  234  232  231  229  228  225
  224  223  223  222  219  214  206  199  193  189999989999899998
999989999899998999989999899998999989999899998999989999899998
  256  254  252  249  247  244  243  241  240  238  237  235  232
  230  229  228  226  222  215  205  193  18699998999989999899998
999989999899998999989999899998999989999899998999989999899998
  261  258  257  254  252  249  248  246  244  243  241  239  237
  234  232  230  228  224  215  202  189  17999998999989999899998
999989999899998999989999899998999989999899998999989999899998
  264  262  260  257  256  254  251  249  248  246  244  242  239
  236  234  233  230  226  216  202  189  17899998999989999899998
999989999899998999989999899998999989999899998999989999899998
  266  265  264  262  260  257  254  252  250  248  246  244  242
  240  238  237  235  230  221  209  194  18299998999989999899998
999989999899998999989999899998999989999899998999989999899998
  270  269  268  266  263  261  258  256  254  252  249  248  246
  245  244  243  241  236  229  217  204  19199998999989999899998
999989999899998999989999899998999989999899998999989999899998
  273  274  273  271  268  265  263  261  260  258  255  253  252
  251  251  249  247  244  239  229  218  21099998999989999899998
999989999899998999989999899998999989999899998999989999899998
  276  277  276  275  272  270  269  268  267  265  263  261  259
  259  258  256  254  253  250  245  238  236  244999989999899998
999989999899998999989999899998999989999899998999989999899998
  277  278  278  278  276  275  275  274  274  273  270  268  267
  267  266  264  263  264  264  263  261  262  269  2809999899998
999989999899998999989999899998999989999899998999989999899998
99998  277  278  279  279  278  278  278  278  277  276  275  275
  274  274  273  274  275  277  279  279  282  287  294  29699998
999989999899998999989999899998999989999899998999989999899998
99998999989999899998  280  280  279  280  279  279  279  279  280
  280  281  281  282  283  285  286  286  289  294  298  299  297
  291  288  284  278  275  273  274  275  279999989999899998
9999899998999989999899998  281  281  281  281  280  280  281  283
  284  286  286  287  287  287  286  285  287  292  297  298  296
  293  291  290  287  284  284  284  284  285999989999899998
9999899998999989999899998  281  282  283  283  283  282  283  285
  287  287  288  288  288  286  283  281  282  286  291  294  293
  292  292  292  293  292  291  290  289  287999989999899998
999989999899998999989999899998  283  285  285  285  285  286  287
  288  289  289  289  288  286  283  279  279  281  285  290  290
  291  293  294  296  297  296  294  291  289999989999899998
9999899998999989999899998999989999899998  286  287  287  288  288
  289  290  290  290  288  287  284  280  279  280  283  287  289
  291  293  296  298  298  295  296  295  292999989999899998
9999899998999989999899998999989999899998999989999899998  288  289
  290  291  291  290  289  287  285  282  280  280  282  285  288
  291  293  295  296  295  293  295  296  294  2919999899998
999989999899998999989999899998999989999899998999989999899998  289
  289  290  289  288  288  286  283  281  280  279  280  283  286
  289  290  290  289  289  289  291  294  294  291  28899998
999989999899998999989999899998999989999899998999989999899998  288
  288  287  286  285  284  282  280  278  277  276  277  279  282
  283  284  281  280  279  281  283  286  289  288  28799998
9999899998999989999899998999989999899998999989999899998  289  288
  287  284  282  279  278  277  275  272  270  270  270  272  274
  276  275  272  269  267  268  270  272  276  278  27999998
99998999989999899998999989999899998999989999899998  291  290  289
  286  282  279  274  272  270  268  266  264  264  263  264  266
  267  266  264  260  257  255  256  257  258  261  26299998
99998999989999899998999989999899998999989999899998  291  290  289
  286  281  276  271  267  264  262  260  258  258  257  257  257
  258  256  254  252  248  245  244  242  240  240  24299998
99998999989999899998999989999899998999989999899998  289  289  288
  285  280  275  269  265  261  258  256  255  253  252  250  250
  249  248  246  244  241  238  236  232  224  2169999899998
99998999989999899998999989999899998999989999899998  286  288  288
  286  281  275  270  264  260  257  255  253  250  248  246  245
  244  242  241  239  237  234  232  227  217  201  18099998
