sst_total_12_2013_moy.22
  233  236  237  238  240  241  240  238  236  234  232  232  230
  228  227  224  224  222  219  216  212  206  200  1959999899998
999989999899998999989999899998999989999899998999989999899998
  242  243  244  245  246  246  245  243  241  239  237  237  236
  234  232  230  229  227  224  219  213  206  201999989999899998
999989999899998999989999899998999989999899998999989999899998
  252  253  253  254  254  253  252  251  248  246  245  244  243
  240  238  236  235  233  229  221  211  204  199999989999899998
999989999899998999989999899998999989999899998999989999899998
  260  261  261  260  259  259  258  256  254  252  250  250  248
  245  243  242  240  237  232  222  211  20299998999989999899998
999989999899998999989999899998999989999899998999989999899998
  266  266  266  264  263  262  261  259  257  255  254  252  250
  249  247  246  244  241  236  226  216  20799998999989999899998
999989999899998999989999899998999989999899998999989999899998
  270  269  268  267  266  265  263  261  259  257  255  254  253
  252  251  251  250  247  242  235  227  22199998999989999899998
999989999899998999989999899998999989999899998999989999899998
  273  271  270  270  269  267  265  263  260  258  257  256  255
  254  255  257  256  253  249  244  238  23399998999989999899998
999989999899998999989999899998999989999899998999989999899998
  275  274  274  273  271  270  267  265  262  260  259  259  258
  258  260  262  261  259  255  252  246  24099998999989999899998
999989999899998999989999899998999989999899998999989999899998
  277  277  276  275  274  273  270  267  264  263  262  262  262
  263  265  267  266  264  262  258  254  25099998999989999899998
999989999899998999989999899998999989999899998999989999899998
  279  279  278  277  276  275  273  271  267  266  265  265  266
  268  270  271  271  270  269  268  266  264  266999989999899998
999989999899998999989999899998999989999899998999989999899998
  279  279  278  277  277  277  275  272  270  268  267  268  269
  271  273  275  274  275  275  277  277  277  278  2809999899998
999989999899998999989999899998999989999899998999989999899998
99998  278  278  277  277  277  276  274  272  271  270  272  273
  274  275  276  277  278  279  281  283  283  284  285  28699998
999989999899998999989999899998999989999899998999989999899998
99998999989999899998  277  276  275  274  274  274  274  275  275
  275  275  277  277  278  279  280  281  283  284  285  285  285
  286  288  290  291  293  293  291  290  290999989999899998
9999899998999989999899998  275  274  274  275  276  277  277  276
  275  274  275  276  275  274  273  274  276  278  280  280  280
  281  283  286  288  289  288  288  287  287999989999899998
9999899998999989999899998  273  273  273  274  276  277  277  275
  273  272  273  274  272  269  266  264  265  268  270  271  271
  272  275  278  280  282  282  282  284  285999989999899998
999989999899998999989999899998  272  273  273  275  276  276  274
  271  270  271  271  269  264  260  258  258  259  261  263  263
  263  266  269  271  273  275  278  280  282999989999899998
9999899998999989999899998999989999899998  273  274  276  275  273
  270  269  269  269  267  263  259  257  255  255  256  257  257
  257  259  262  264  266  269  274  279  282999989999899998
9999899998999989999899998999989999899998999989999899998  275  273
  270  268  267  266  265  263  259  256  254  252  252  253  252
  252  253  255  257  260  265  271  279  282  2829999899998
999989999899998999989999899998999989999899998999989999899998  272
  270  267  266  265  263  262  259  255  252  249  248  246  246
  246  246  247  249  252  259  267  276  281  283  28499998
999989999899998999989999899998999989999899998999989999899998  272
  271  268  265  263  262  260  257  253  249  245  242  239  238
  238  239  239  240  242  248  257  268  276  279  28299998
9999899998999989999899998999989999899998999989999899998  272  273
  272  268  264  261  258  256  253  249  245  240  235  232  230
  231  231  232  231  232  236  244  254  263  270  27599998
99998999989999899998999989999899998999989999899998  272  273  273
  272  267  263  258  255  252  248  244  240  235  230  227  224
  223  224  225  224  224  226  232  240  247  254  25899998
99998999989999899998999989999899998999989999899998  273  273  272
  270  265  260  255  252  248  244  240  236  231  227  223  220
  219  219  219  218  217  219  223  227  231  234  23999998
99998999989999899998999989999899998999989999899998  270  270  269
  266  262  257  253  249  246  242  238  235  231  227  223  220
  217  216  216  215  214  215  216  219  216  2139999899998
99998999989999899998999989999899998999989999899998  266  267  267
  263  259  255  252  249  245  242  238  236  232  227  224  220
  218  216  215  213  213  213  213  215  210  201  19199998
