sst_total_02_2016_moy.22
  228  228  227  225  224  222  219  217  214  213  212  210  208
  206  204  202  202  201  201  201  200  198  196  1949999899998
999989999899998999989999899998999989999899998999989999899998
  237  236  235  233  232  230  227  224  221  220  218  217  214
  212  210  208  207  206  206  204  201  198  195999989999899998
999989999899998999989999899998999989999899998999989999899998
  247  246  245  243  242  240  237  233  230  228  226  224  222
  220  217  215  214  213  211  206  200  196  193999989999899998
999989999899998999989999899998999989999899998999989999899998
  255  254  252  251  249  247  244  241  237  235  233  231  228
  225  223  221  221  219  215  207  199  19399998999989999899998
999989999899998999989999899998999989999899998999989999899998
  260  258  257  255  253  251  248  244  241  238  236  234  232
  228  226  227  228  225  219  209  200  19299998999989999899998
999989999899998999989999899998999989999899998999989999899998
  263  261  259  257  256  253  249  246  243  240  239  237  234
  232  232  233  233  230  224  215  205  19799998999989999899998
999989999899998999989999899998999989999899998999989999899998
  265  264  262  260  258  255  251  247  245  243  242  241  239
  237  238  239  238  236  231  223  212  20299998999989999899998
999989999899998999989999899998999989999899998999989999899998
  266  266  265  263  260  256  253  249  248  247  246  245  244
  243  243  244  243  242  239  231  219  20999998999989999899998
999989999899998999989999899998999989999899998999989999899998
  268  269  268  266  263  259  255  253  251  251  251  252  250
  249  249  250  250  249  248  241  230  22399998999989999899998
999989999899998999989999899998999989999899998999989999899998
  272  271  271  269  266  263  260  258  257  257  257  258  258
  257  256  256  257  257  258  254  247  245  251999989999899998
999989999899998999989999899998999989999899998999989999899998
  272  273  273  272  270  268  266  265  265  265  265  266  265
  265  264  264  265  267  269  270  268  266  270  2749999899998
999989999899998999989999899998999989999899998999989999899998
99998  272  274  275  274  272  271  271  272  272  272  272  271
  271  271  271  272  276  279  282  284  284  284  284  28299998
999989999899998999989999899998999989999899998999989999899998
99998999989999899998  278  277  276  275  276  277  276  276  275
  275  275  276  279  282  285  289  291  291  291  289  287  284
  279  275  272  271  273  281  289  298  307999989999899998
9999899998999989999899998  281  279  279  278  278  278  277  277
  276  277  279  282  285  288  289  291  290  291  291  289  286
  280  277  274  274  276  282  290  298  306999989999899998
9999899998999989999899998  283  281  280  279  279  278  278  277
  277  278  280  283  286  287  288  287  286  288  288  288  286
  281  278  275  275  277  283  290  297  303999989999899998
999989999899998999989999899998  280  280  280  280  279  279  278
  278  279  280  283  285  286  286  285  284  285  285  285  284
  281  278  276  276  277  282  288  295  299999989999899998
9999899998999989999899998999989999899998  282  281  281  280  280
  279  279  280  282  284  285  284  284  283  284  284  283  283
  281  280  279  278  277  280  285  291  293999989999899998
9999899998999989999899998999989999899998999989999899998  282  282
  280  279  278  279  281  282  281  281  281  282  282  281  281
  282  282  281  278  275  276  281  287  290  2899999899998
999989999899998999989999899998999989999899998999989999899998  282
  281  278  276  275  276  278  278  277  278  278  279  278  278
  280  281  279  275  271  270  276  283  287  287  28599998
999989999899998999989999899998999989999899998999989999899998  284
  281  277  273  270  270  272  273  273  273  274  274  275  274
  275  275  273  269  264  264  270  277  283  286  28599998
9999899998999989999899998999989999899998999989999899998  286  285
  282  277  271  267  266  267  267  268  269  269  268  269  268
  268  269  266  262  258  259  264  271  277  281  28399998
99998999989999899998999989999899998999989999899998  287  287  286
  283  278  273  268  265  263  263  264  265  264  263  262  262
  261  261  260  257  254  254  257  263  269  270  27299998
99998999989999899998999989999899998999989999899998  289  289  288
  284  281  277  271  266  262  261  261  261  260  259  257  256
  256  255  254  253  250  250  251  253  253  252  25399998
99998999989999899998999989999899998999989999899998  288  289  288
  286  283  280  276  270  265  260  260  260  258  256  254  253
  252  251  249  248  247  246  246  243  236  2279999899998
99998999989999899998999989999899998999989999899998  286  289  289
  288  286  284  280  275  269  263  261  259  257  254  252  251
  250  248  246  245  245  243  243  236  223  206  18799998
