sst_total_06_2008_moy.22
  257  258  257  256  254  253  252  250  249  247  245  243  241
  239  238  236  235  232  229  225  222  218  215  2129999899998
999989999899998999989999899998999989999899998999989999899998
  262  262  262  260  259  258  257  255  253  251  248  246  244
  243  241  239  237  234  230  226  220  215  212999989999899998
999989999899998999989999899998999989999899998999989999899998
  269  268  267  266  265  263  262  261  258  255  252  250  248
  246  243  241  240  236  231  224  215  209  206999989999899998
999989999899998999989999899998999989999899998999989999899998
  274  273  271  270  269  267  266  264  261  258  256  253  249
  247  244  242  240  237  230  220  208  19999998999989999899998
999989999899998999989999899998999989999899998999989999899998
  277  275  274  272  270  269  268  265  263  260  257  253  249
  247  244  241  239  237  229  218  206  19699998999989999899998
999989999899998999989999899998999989999899998999989999899998
  279  277  274  272  271  268  267  264  262  259  256  252  249
  246  244  242  241  238  231  223  215  20999998999989999899998
999989999899998999989999899998999989999899998999989999899998
  279  277  275  272  270  268  265  263  260  258  255  252  249
  247  246  246  245  241  237  235  234  23399998999989999899998
999989999899998999989999899998999989999899998999989999899998
  278  277  275  272  269  267  265  263  261  259  256  254  251
  250  251  252  251  248  247  250  256  25999998999989999899998
999989999899998999989999899998999989999899998999989999899998
  277  276  275  273  271  269  268  266  264  262  260  259  257
  257  258  259  259  257  258  265  273  28199998999989999899998
999989999899998999989999899998999989999899998999989999899998
  276  276  277  276  275  274  273  271  269  267  266  267  266
  266  266  267  267  267  270  277  285  290  294999989999899998
999989999899998999989999899998999989999899998999989999899998
  275  277  278  279  279  279  278  277  275  274  273  274  275
  275  275  276  275  276  279  284  290  293  294  2939999899998
999989999899998999989999899998999989999899998999989999899998
99998  277  279  281  283  283  282  281  280  279  279  280  282
  283  283  283  283  283  285  288  291  292  293  293  29299998
999989999899998999989999899998999989999899998999989999899998
99998999989999899998  285  286  284  283  282  282  282  284  286
  287  287  287  288  288  289  289  290  290  290  290  288  287
  285  285  284  283  282  281  280  281  282999989999899998
9999899998999989999899998  286  285  283  282  282  283  284  285
  286  285  286  288  288  288  287  285  284  283  282  280  279
  279  280  281  282  282  280  279  279  278999989999899998
9999899998999989999899998  286  285  283  282  281  282  283  282
  282  282  283  285  285  284  281  277  275  273  271  269  267
  268  270  273  275  275  274  272  270  268999989999899998
999989999899998999989999899998  285  282  281  280  280  281  280
  280  280  282  283  282  279  276  272  269  267  264  262  260
  260  263  265  266  266  265  263  258  254999989999899998
9999899998999989999899998999989999899998  278  278  278  279  279
  280  281  282  283  281  278  275  272  269  268  267  265  263
  263  264  264  264  263  261  258  253  247999989999899998
9999899998999989999899998999989999899998999989999899998  277  277
  278  280  281  282  281  279  277  275  273  272  272  271  270
  269  269  268  267  265  263  260  254  247  2399999899998
999989999899998999989999899998999989999899998999989999899998  274
  276  277  278  279  278  277  277  276  275  274  273  272  273
  272  270  269  267  266  264  261  255  247  238  23199998
999989999899998999989999899998999989999899998999989999899998  270
  272  273  272  273  273  272  272  272  272  270  269  268  269
  269  266  263  261  261  259  255  250  244  237  23199998
9999899998999989999899998999989999899998999989999899998  266  268
  269  268  267  266  265  265  265  265  265  264  261  261  261
  260  256  252  251  250  250  246  240  235  230  22799998
99998999989999899998999989999899998999989999899998  265  266  267
  267  265  262  259  258  257  256  257  257  255  253  252  252
  250  246  242  239  238  238  235  229  222  215  21299998
99998999989999899998999989999899998999989999899998  263  265  265
  264  261  258  255  253  250  249  249  249  247  245  243  243
  241  238  233  230  227  227  224  218  207  197  19399998
99998999989999899998999989999899998999989999899998  259  262  261
  260  258  256  253  249  247  244  244  242  240  238  236  236
  234  231  228  223  220  219  217  209  195  1799999899998
99998999989999899998999989999899998999989999899998  255  259  259
  258  257  255  250  247  245  243  241  238  235  233  232  231
  230  228  225  221  217  216  214  206  189  167  14399998
