sst_total_03_2014_moy.22
  228  228  226  224  222  221  220  218  217  215  214  211  208
  205  202  200  198  195  192  190  188  185  182  1809999899998
999989999899998999989999899998999989999899998999989999899998
  238  236  233  231  229  227  226  224  222  220  219  216  214
  210  207  204  203  200  197  193  188  184  182999989999899998
999989999899998999989999899998999989999899998999989999899998
  247  245  243  240  238  236  234  232  230  228  226  224  221
  217  213  210  207  204  200  194  187  182  179999989999899998
999989999899998999989999899998999989999899998999989999899998
  253  252  249  246  244  242  240  237  235  234  232  230  226
  222  217  213  210  206  200  193  184  17799998999989999899998
999989999899998999989999899998999989999899998999989999899998
  257  255  252  250  247  245  243  241  239  238  236  233  229
  224  218  213  210  206  201  192  182  17499998999989999899998
999989999899998999989999899998999989999899998999989999899998
  258  256  255  252  250  248  245  243  242  240  239  236  232
  226  220  214  211  208  202  194  183  17599998999989999899998
999989999899998999989999899998999989999899998999989999899998
  260  258  256  254  251  249  246  244  242  242  241  240  236
  230  224  218  214  211  205  197  186  17799998999989999899998
999989999899998999989999899998999989999899998999989999899998
  261  260  259  256  253  250  248  245  244  244  244  244  242
  237  231  225  221  216  211  202  190  17999998999989999899998
999989999899998999989999899998999989999899998999989999899998
  264  262  261  259  255  252  250  248  247  247  248  251  251
  247  242  236  230  225  220  211  199  19199998999989999899998
999989999899998999989999899998999989999899998999989999899998
  265  264  263  262  259  256  255  253  251  252  252  258  259
  257  253  248  241  235  233  226  217  213  220999989999899998
999989999899998999989999899998999989999899998999989999899998
  264  265  265  265  263  262  261  259  257  257  258  263  266
  265  262  258  252  249  249  246  243  241  247  2569999899998
999989999899998999989999899998999989999899998999989999899998
99998  264  266  268  268  268  266  264  263  262  262  266  269
  270  269  266  263  262  264  266  266  267  270  273  27499998
999989999899998999989999899998999989999899998999989999899998
99998999989999899998  272  272  270  268  268  266  266  268  270
  272  272  272  272  273  276  278  281  282  283  284  283  282
  281  283  286  289  292  294  294  294  293999989999899998
9999899998999989999899998  275  273  272  271  270  271  270  270
  272  274  274  277  279  281  283  284  285  287  288  287  285
  285  286  289  292  294  295  294  293  293999989999899998
9999899998999989999899998  276  275  275  275  275  275  274  273
  273  275  277  279  281  283  283  282  282  284  286  286  286
  286  288  291  293  294  294  293  291  290999989999899998
999989999899998999989999899998  275  277  278  279  279  278  276
  276  277  278  280  282  283  283  281  280  281  282  283  283
  284  287  289  291  293  293  291  290  286999989999899998
9999899998999989999899998999989999899998  280  281  282  281  280
  279  279  280  281  283  283  283  282  280  280  279  280  281
  283  284  287  289  291  291  290  289  286999989999899998
9999899998999989999899998999989999899998999989999899998  282  282
  280  280  280  280  281  282  282  282  280  279  279  278  280
  281  282  284  286  288  289  290  288  286  2839999899998
999989999899998999989999899998999989999899998999989999899998  282
  281  280  279  278  278  278  279  280  279  279  278  277  278
  278  278  280  282  284  286  287  287  286  283  27999998
999989999899998999989999899998999989999899998999989999899998  282
  282  280  278  276  275  274  275  276  276  276  275  275  274
  274  274  275  277  279  280  281  282  282  281  27999998
9999899998999989999899998999989999899998999989999899998  282  282
  281  280  278  275  273  272  271  270  272  271  270  270  270
  270  269  270  270  272  272  272  273  274  275  27599998
99998999989999899998999989999899998999989999899998  282  283  283
  282  281  280  276  274  270  268  266  265  265  264  264  264
  264  264  264  264  265  263  262  262  263  263  26299998
99998999989999899998999989999899998999989999899998  282  284  284
  283  282  281  279  275  270  266  263  261  259  258  258  258
  258  258  258  258  257  255  253  251  248  246  24399998
99998999989999899998999989999899998999989999899998  281  283  283
  282  282  283  282  278  272  265  261  258  255  254  253  253
  253  253  252  252  251  249  247  242  234  2249999899998
99998999989999899998999989999899998999989999899998  280  283  283
  282  281  283  284  280  273  266  260  256  254  252  251  250
  250  249  248  248  247  246  244  237  225  208  18999998
