sst_total_01_2008_moy.22
  219  221  223  224  225  225  224  222  220  218  217  218  218
  217  215  212  209  206  204  203  201  203  205  2089999899998
999989999899998999989999899998999989999899998999989999899998
  229  230  231  232  233  233  231  230  227  225  224  224  224
  222  219  217  213  210  207  204  200  201  203999989999899998
999989999899998999989999899998999989999899998999989999899998
  240  241  242  242  243  243  241  239  237  235  233  232  231
  228  225  222  219  215  210  204  198  196  199999989999899998
999989999899998999989999899998999989999899998999989999899998
  251  251  252  252  252  251  249  247  245  243  240  238  235
  231  228  225  221  217  210  202  194  19099998999989999899998
999989999899998999989999899998999989999899998999989999899998
  258  258  258  258  257  256  254  252  250  247  244  241  238
  234  229  224  222  218  212  204  195  19199998999989999899998
999989999899998999989999899998999989999899998999989999899998
  262  261  261  260  260  258  257  255  253  250  247  243  239
  235  230  225  223  221  217  211  202  19799998999989999899998
999989999899998999989999899998999989999899998999989999899998
  264  263  262  262  261  260  258  256  254  251  248  245  241
  237  233  230  228  227  225  221  212  20599998999989999899998
999989999899998999989999899998999989999899998999989999899998
  265  264  264  263  262  261  259  257  254  252  250  247  244
  241  238  236  235  236  236  232  223  21699998999989999899998
999989999899998999989999899998999989999899998999989999899998
  267  267  266  264  263  261  260  258  256  254  252  251  249
  248  246  244  244  246  247  245  238  23599998999989999899998
999989999899998999989999899998999989999899998999989999899998
  269  269  268  266  264  263  263  261  259  258  257  257  257
  256  255  254  254  256  260  260  258  258  266999989999899998
999989999899998999989999899998999989999899998999989999899998
  270  269  269  267  266  265  265  265  264  264  264  265  264
  264  263  263  264  266  270  274  276  278  284  2929999899998
999989999899998999989999899998999989999899998999989999899998
99998  270  270  269  269  268  268  269  271  272  272  272  272
  271  270  270  271  273  277  282  286  290  294  297  29899998
999989999899998999989999899998999989999899998999989999899998
99998999989999899998  272  272  273  274  276  278  278  278  277
  275  273  273  274  276  279  282  287  290  294  297  297  296
  293  292  291  290  290  289  289  289  288999989999899998
9999899998999989999899998  277  278  278  279  280  281  281  279
  276  274  274  275  275  277  278  280  283  287  291  292  291
  290  289  290  289  289  288  287  286  286999989999899998
9999899998999989999899998  282  281  281  280  280  281  280  278
  275  274  273  273  272  272  272  272  275  279  282  284  283
  283  284  285  286  286  286  285  284  283999989999899998
999989999899998999989999899998  282  282  281  280  280  279  277
  275  273  272  272  270  268  267  267  269  272  274  275  275
  276  277  278  280  282  282  282  280  278999989999899998
9999899998999989999899998999989999899998  280  280  280  279  277
  274  273  272  271  269  267  266  266  266  267  269  270  269
  270  272  274  276  278  279  279  277  273999989999899998
9999899998999989999899998999989999899998999989999899998  278  277
  275  273  273  271  270  268  267  266  265  264  265  266  265
  266  267  269  272  274  277  277  273  267  2579999899998
999989999899998999989999899998999989999899998999989999899998  277
  275  274  273  271  270  269  268  266  263  262  261  260  260
  261  262  263  266  270  272  272  268  261  251  24099998
999989999899998999989999899998999989999899998999989999899998  277
  276  274  273  271  269  267  266  263  260  258  256  254  253
  255  255  257  260  263  264  264  261  255  247  23999998
9999899998999989999899998999989999899998999989999899998  276  276
  275  273  270  268  265  262  260  257  255  251  249  247  247
  248  248  249  251  254  254  254  252  248  242  23699998
99998999989999899998999989999899998999989999899998  275  275  274
  273  270  267  264  261  256  253  251  249  246  243  241  240
  241  240  241  242  244  242  243  242  239  233  22899998
99998999989999899998999989999899998999989999899998  272  272  271
  270  267  265  262  258  252  249  247  245  242  240  238  236
  235  235  235  235  235  234  234  233  229  224  22099998
99998999989999899998999989999899998999989999899998  269  269  268
  267  266  263  260  257  251  247  245  243  241  239  236  234
  232  231  230  230  228  229  229  226  219  2109999899998
99998999989999899998999989999899998999989999899998  266  267  266
  266  265  263  260  257  250  246  244  243  241  240  237  234
  231  229  228  226  225  226  227  225  216  201  18499998
