sst_total_07_2008_moy.22
  273  274  273  272  271  270  267  264  261  258  256  254  252
  250  247  246  244  242  239  234  229  224  219  2179999899998
999989999899998999989999899998999989999899998999989999899998
  275  275  274  273  272  271  268  265  262  259  257  254  253
  250  248  246  244  242  238  233  227  220  215999989999899998
999989999899998999989999899998999989999899998999989999899998
  276  276  275  274  273  272  270  267  263  260  258  256  253
  250  248  246  244  242  237  231  223  215  208999989999899998
999989999899998999989999899998999989999899998999989999899998
  278  277  276  275  274  273  272  268  264  261  259  256  254
  251  248  246  244  241  236  229  220  21299998999989999899998
999989999899998999989999899998999989999899998999989999899998
  280  278  276  275  274  273  271  268  265  262  260  257  255
  251  249  246  243  241  237  232  226  22199998999989999899998
999989999899998999989999899998999989999899998999989999899998
  281  280  277  275  274  272  271  268  265  262  260  257  255
  252  250  248  246  243  241  241  243  24499998999989999899998
999989999899998999989999899998999989999899998999989999899998
  282  281  279  276  274  272  270  268  264  261  260  258  256
  254  254  253  252  249  249  253  261  26799998999989999899998
999989999899998999989999899998999989999899998999989999899998
  283  282  281  278  275  273  270  268  265  263  262  261  261
  260  260  260  260  258  258  264  273  28099998999989999899998
999989999899998999989999899998999989999899998999989999899998
  284  283  282  279  277  275  273  271  270  268  267  267  267
  267  267  268  267  267  268  272  279  28399998999989999899998
999989999899998999989999899998999989999899998999989999899998
  286  285  284  282  281  280  278  277  276  274  274  274  274
  274  274  274  275  275  276  278  282  281  277999989999899998
999989999899998999989999899998999989999899998999989999899998
  287  286  284  284  284  285  284  283  281  280  279  280  280
  280  280  279  280  281  282  283  283  280  277  2739999899998
999989999899998999989999899998999989999899998999989999899998
99998  285  284  285  286  287  287  286  285  284  283  283  283
  283  283  282  284  285  287  286  285  281  278  276  27499998
999989999899998999989999899998999989999899998999989999899998
99998999989999899998  285  286  286  286  285  285  285  284  283
  283  283  282  285  286  287  287  286  282  278  276  273  272
  270  266  263  262  263  266  269  272  274999989999899998
9999899998999989999899998  283  282  282  282  282  283  282  281
  280  278  278  280  281  280  280  279  278  273  268  265  265
  264  264  263  263  263  263  266  269  270999989999899998
9999899998999989999899998  280  279  277  278  278  279  279  278
  275  273  273  273  272  270  269  268  266  262  256  251  250
  251  254  257  257  256  256  258  260  261999989999899998
999989999899998999989999899998  276  274  273  274  275  276  275
  272  270  270  269  266  264  262  261  259  255  248  244  242
  242  245  249  249  247  246  247  248  248999989999899998
9999899998999989999899998999989999899998  271  272  272  273  273
  271  270  270  270  267  266  264  263  261  256  252  247  245
  243  245  247  246  243  241  241  240  239999989999899998
9999899998999989999899998999989999899998999989999899998  270  269
  270  271  271  271  270  270  270  268  265  262  260  256  252
  251  251  252  250  247  245  243  241  237  2319999899998
999989999899998999989999899998999989999899998999989999899998  266
  267  269  270  271  271  272  272  271  269  266  264  261  258
  256  255  254  253  251  248  246  242  238  232  22599998
999989999899998999989999899998999989999899998999989999899998  261
  264  266  266  267  268  268  267  267  265  264  261  259  256
  254  252  251  249  248  247  244  240  235  230  22599998
9999899998999989999899998999989999899998999989999899998  255  258
  261  262  262  261  261  261  260  259  258  256  254  251  247
  245  243  240  238  238  238  235  232  228  223  22199998
99998999989999899998999989999899998999989999899998  249  252  255
  257  258  256  255  253  252  251  251  249  247  244  240  237
  233  230  227  225  224  225  223  220  215  209  20699998
99998999989999899998999989999899998999989999899998  246  249  252
  253  252  251  249  246  244  243  243  242  239  236  232  228
  223  218  215  212  211  211  211  207  199  193  18899998
99998999989999899998999989999899998999989999899998  241  244  246
  247  247  246  244  240  239  237  237  235  233  229  226  222
  216  210  206  202  201  201  202  197  187  1759999899998
99998999989999899998999989999899998999989999899998  237  240  243
  244  245  243  241  238  235  234  234  232  231  227  223  220
  212  205  200  196  195  196  198  193  181  163  14499998
