sst_total_05_2017_moy.22
  244  241  238  233  229  226  222  219  218  218  220  219  218
  217  217  218  217  216  215  214  215  214  213  2129999899998
999989999899998999989999899998999989999899998999989999899998
  249  246  243  240  236  233  230  228  227  226  227  227  226
  225  224  224  224  223  222  220  218  215  213999989999899998
999989999899998999989999899998999989999899998999989999899998
  256  253  251  248  245  243  240  238  237  236  237  238  236
  234  232  232  232  231  229  224  218  214  211999989999899998
999989999899998999989999899998999989999899998999989999899998
  261  259  257  255  253  251  249  246  245  245  245  245  244
  242  240  238  238  236  233  225  215  20999998999989999899998
999989999899998999989999899998999989999899998999989999899998
  266  264  263  260  259  257  255  252  251  250  250  250  248
  246  243  241  240  239  233  223  212  20399998999989999899998
999989999899998999989999899998999989999899998999989999899998
  271  270  267  265  263  261  259  255  254  252  252  252  250
  247  244  243  242  240  234  225  213  20599998999989999899998
999989999899998999989999899998999989999899998999989999899998
  276  274  271  268  266  264  261  258  255  255  254  253  250
  247  245  246  245  243  237  230  221  21599998999989999899998
999989999899998999989999899998999989999899998999989999899998
  279  277  275  272  268  265  263  260  258  257  255  254  251
  249  249  250  250  248  243  239  234  23099998999989999899998
999989999899998999989999899998999989999899998999989999899998
  281  279  277  274  271  268  267  265  264  262  260  257  255
  254  255  256  257  254  252  251  251  25299998999989999899998
999989999899998999989999899998999989999899998999989999899998
  282  281  279  277  274  273  272  271  270  269  267  265  262
  261  262  264  263  262  263  265  269  273  280999989999899998
999989999899998999989999899998999989999899998999989999899998
  281  281  281  280  279  278  278  277  277  276  275  272  270
  269  270  271  271  272  274  278  283  288  293  2969999899998
999989999899998999989999899998999989999899998999989999899998
99998  281  282  283  283  283  282  281  281  280  280  279  277
  277  278  280  280  281  283  286  292  296  299  299  30099998
999989999899998999989999899998999989999899998999989999899998
99998999989999899998  286  285  284  283  283  283  282  282  282
  283  284  286  286  287  289  291  294  296  298  299  297  296
  295  296  296  297  297  299  301  304  307999989999899998
9999899998999989999899998  287  286  285  284  284  284  284  285
  286  287  288  289  290  291  292  292  292  294  294  292  289
  289  290  292  293  293  295  296  298  301999989999899998
9999899998999989999899998  287  286  285  284  284  284  286  287
  287  288  288  290  291  291  290  289  288  289  288  285  281
  281  283  286  287  288  288  289  289  290999989999899998
999989999899998999989999899998  284  283  283  283  284  286  288
  288  287  287  289  290  291  290  289  288  287  285  280  276
  275  277  280  282  283  283  282  280  278999989999899998
9999899998999989999899998999989999899998  279  280  282  285  287
  288  287  287  289  290  291  291  291  289  287  285  280  277
  276  277  279  281  281  281  280  277  272999989999899998
9999899998999989999899998999989999899998999989999899998  283  285
  286  286  285  287  289  290  291  291  290  288  286  282  279
  279  279  280  281  281  281  281  278  271  2619999899998
999989999899998999989999899998999989999899998999989999899998  282
  283  283  282  283  285  286  288  288  288  286  284  281  279
  279  278  277  278  279  279  280  278  270  259  24899998
999989999899998999989999899998999989999899998999989999899998  280
  281  280  277  277  278  280  281  281  281  280  278  276  275
  273  271  269  269  270  272  273  272  264  254  24699998
9999899998999989999899998999989999899998999989999899998  277  280
  279  276  272  269  269  271  272  272  272  271  270  269  268
  265  261  258  257  259  261  262  259  254  247  24299998
99998999989999899998999989999899998999989999899998  276  278  279
  277  273  268  262  260  261  262  262  262  261  261  260  260
  256  252  248  245  246  247  248  244  239  235  23299998
99998999989999899998999989999899998999989999899998  274  276  276
  274  270  264  258  254  253  253  253  253  252  251  251  251
  249  244  239  236  235  235  235  231  224  220  21899998
99998999989999899998999989999899998999989999899998  269  272  272
  270  265  260  256  251  249  247  245  244  243  243  244  243
  242  238  233  229  227  226  226  222  212  2009999899998
99998999989999899998999989999899998999989999899998  263  268  270
  267  262  258  254  250  247  243  240  238  236  237  238  239
  237  235  230  225  222  222  221  219  208  191  17099998
