sst_total_09_2013_moy.22
  281  282  282  281  280  279  276  273  270  267  264  262  260
  256  252  247  244  242  241  240  240  237  233  2299999899998
999989999899998999989999899998999989999899998999989999899998
  283  284  283  282  280  279  276  274  271  268  265  262  261
  257  252  249  247  245  243  242  238  233  229999989999899998
999989999899998999989999899998999989999899998999989999899998
  285  285  284  282  281  279  277  274  272  268  266  263  261
  257  253  251  249  248  247  243  235  228  222999989999899998
999989999899998999989999899998999989999899998999989999899998
  286  286  284  283  281  279  278  275  272  269  266  264  261
  258  256  253  253  254  252  247  237  22899998999989999899998
999989999899998999989999899998999989999899998999989999899998
  287  286  285  283  281  280  278  275  272  270  268  265  263
  260  258  258  259  260  260  257  251  24499998999989999899998
999989999899998999989999899998999989999899998999989999899998
  288  286  285  283  281  280  278  275  273  271  269  268  266
  265  264  265  267  268  270  272  273  27399998999989999899998
999989999899998999989999899998999989999899998999989999899998
  289  288  287  285  283  282  279  277  275  274  273  272  271
  271  272  273  275  276  279  285  290  29599998999989999899998
999989999899998999989999899998999989999899998999989999899998
  291  291  290  288  286  285  284  282  280  279  278  277  277
  277  279  280  282  283  285  290  295  29799998999989999899998
999989999899998999989999899998999989999899998999989999899998
  295  294  293  292  291  290  290  289  287  286  284  283  282
  282  284  285  285  286  287  289  290  29099998999989999899998
999989999899998999989999899998999989999899998999989999899998
  298  297  296  295  295  295  297  296  293  291  290  288  286
  286  287  287  287  286  286  285  284  281  276999989999899998
999989999899998999989999899998999989999899998999989999899998
  298  297  296  295  295  297  300  299  297  295  293  291  289
  288  287  287  286  286  285  282  279  275  272  2689999899998
999989999899998999989999899998999989999899998999989999899998
99998  296  293  292  292  294  296  297  297  295  292  290  288
  286  285  285  285  285  283  280  275  271  269  267  26599998
999989999899998999989999899998999989999899998999989999899998
99998999989999899998  287  287  288  290  290  290  288  286  284
  282  280  280  281  281  278  274  271  268  266  265  263  258
  252  249  249  252  256  262  265  269  271999989999899998
9999899998999989999899998  280  280  281  282  282  281  280  277
  274  272  273  274  272  269  266  263  262  261  260  257  254
  251  251  253  257  260  262  265  267  269999989999899998
9999899998999989999899998  275  275  275  275  275  275  274  271
  267  265  265  265  263  260  257  255  255  253  251  248  245
  245  248  253  257  259  260  261  262  262999989999899998
999989999899998999989999899998  272  272  271  271  271  270  267
  264  262  261  261  257  253  252  250  248  247  244  241  238
  239  242  248  251  251  252  253  254  254999989999899998
9999899998999989999899998999989999899998  269  269  270  269  267
  264  262  261  259  255  251  250  248  246  244  242  239  236
  236  239  242  243  242  242  244  246  246999989999899998
9999899998999989999899998999989999899998999989999899998  270  268
  266  264  263  261  257  253  250  249  246  244  242  240  237
  236  238  239  238  235  235  237  239  240  2379999899998
999989999899998999989999899998999989999899998999989999899998  268
  267  265  263  261  258  256  253  250  247  244  242  240  237
  236  235  234  232  229  229  231  233  234  232  23099998
999989999899998999989999899998999989999899998999989999899998  266
  266  264  262  259  257  255  252  250  247  243  239  236  234
  233  230  227  225  223  222  222  225  226  227  22799998
9999899998999989999899998999989999899998999989999899998  264  265
  263  261  258  255  252  250  249  247  244  238  233  230  228
  226  222  218  216  214  213  211  212  215  218  22099998
99998999989999899998999989999899998999989999899998  263  263  263
  260  257  253  249  246  243  242  241  238  232  226  222  219
  216  212  209  207  204  202  199  197  200  203  20699998
99998999989999899998999989999899998999989999899998  260  260  259
  256  252  248  244  240  237  235  233  230  225  220  215  211
  208  205  202  199  195  192  188  185  183  184  18799998
99998999989999899998999989999899998999989999899998  255  255  254
  251  247  243  239  235  232  229  226  223  219  214  209  206
  203  200  197  194  189  186  182  177  169  1639999899998
99998999989999899998999989999899998999989999899998  250  252  250
  247  244  240  236  233  228  225  223  219  215  210  207  203
  201  199  196  192  187  183  180  174  164  150  13399998
