sst_total_03_2017_moy.22
  223  223  222  220  219  217  218  217  217  217  216  212  208
  205  203  202  204  203  202  200  197  192  187  1849999899998
999989999899998999989999899998999989999899998999989999899998
  232  230  229  227  226  224  224  223  222  222  220  217  214
  211  209  208  209  209  207  203  198  191  187999989999899998
999989999899998999989999899998999989999899998999989999899998
  241  240  239  237  235  233  233  232  230  229  228  225  222
  219  217  215  216  215  211  205  197  190  185999989999899998
999989999899998999989999899998999989999899998999989999899998
  248  248  246  244  243  241  239  238  236  235  233  230  227
  225  224  222  221  219  213  205  194  18699998999989999899998
999989999899998999989999899998999989999899998999989999899998
  253  253  251  250  248  246  244  242  240  238  236  234  232
  229  228  226  224  221  215  204  192  18299998999989999899998
999989999899998999989999899998999989999899998999989999899998
  259  258  256  254  252  250  247  244  242  240  238  236  234
  232  230  228  227  223  216  205  193  18399998999989999899998
999989999899998999989999899998999989999899998999989999899998
  265  263  261  258  255  252  249  246  243  242  240  238  236
  233  232  231  230  227  219  208  195  18499998999989999899998
999989999899998999989999899998999989999899998999989999899998
  270  268  266  262  259  255  251  248  245  243  241  241  238
  235  235  235  235  231  224  212  198  18699998999989999899998
999989999899998999989999899998999989999899998999989999899998
  274  272  270  266  262  258  255  251  249  247  246  244  241
  239  239  240  240  238  233  222  209  20099998999989999899998
999989999899998999989999899998999989999899998999989999899998
  277  275  272  269  265  263  260  257  253  252  251  249  247
  245  245  247  248  248  246  238  228  225  233999989999899998
999989999899998999989999899998999989999899998999989999899998
  277  275  273  271  269  268  266  264  261  259  259  256  254
  253  253  255  258  261  261  258  254  254  261  2749999899998
999989999899998999989999899998999989999899998999989999899998
99998  273  272  272  272  272  271  270  268  267  266  264  262
  262  263  265  269  273  275  276  276  278  282  288  29399998
999989999899998999989999899998999989999899998999989999899998
99998999989999899998  275  276  276  275  274  272  272  271  270
  271  272  275  279  282  285  286  287  290  292  295  296  296
  293  291  292  293  296  299  301  303  303999989999899998
9999899998999989999899998  278  278  277  276  276  276  277  278
  280  281  283  285  287  288  288  288  289  292  295  296  295
  292  291  292  294  296  299  300  301  302999989999899998
9999899998999989999899998  279  279  278  277  277  277  280  282
  285  286  287  288  288  288  287  285  285  288  291  292  291
  290  290  291  292  295  297  298  299  299999989999899998
999989999899998999989999899998  277  277  277  277  278  281  284
  287  288  289  288  288  288  287  285  284  285  286  286  286
  286  286  287  289  292  295  296  297  295999989999899998
9999899998999989999899998999989999899998  275  276  278  282  285
  287  289  289  288  288  288  288  287  286  285  284  284  284
  284  284  286  288  290  293  296  296  295999989999899998
9999899998999989999899998999989999899998999989999899998  282  285
  287  287  287  287  287  287  288  288  287  286  284  283  283
  283  283  285  287  290  293  296  297  295  2919999899998
999989999899998999989999899998999989999899998999989999899998  285
  286  286  284  284  283  285  287  287  286  285  283  281  282
  282  282  282  285  288  291  294  295  294  290  28499998
999989999899998999989999899998999989999899998999989999899998  284
  284  283  281  279  279  280  282  284  284  282  280  279  278
  279  279  279  280  282  284  287  289  288  286  28399998
9999899998999989999899998999989999899998999989999899998  283  283
  282  280  277  274  272  274  276  278  279  277  275  274  274
  275  274  273  271  272  273  275  277  278  279  27899998
99998999989999899998999989999899998999989999899998  283  283  283
  281  277  274  270  267  267  269  271  271  270  269  268  269
  268  267  264  261  260  260  261  262  264  266  26699998
99998999989999899998999989999899998999989999899998  282  283  283
  280  276  273  268  264  262  262  263  264  263  262  261  261
  260  257  254  250  248  248  247  247  247  249  24999998
99998999989999899998999989999899998999989999899998  281  282  281
  279  276  274  269  264  261  258  259  258  257  255  253  253
  250  247  243  240  239  238  237  235  231  2259999899998
99998999989999899998999989999899998999989999899998  279  282  281
  278  275  274  271  265  261  257  256  254  254  250  247  245
  242  238  234  234  233  231  231  228  221  209  19699998
