sst_total_01_2016_moy.22
  234  233  232  230  229  228  227  224  222  219  217  216  215
  215  215  214  213  211  210  208  207  206  206  2049999899998
999989999899998999989999899998999989999899998999989999899998
  242  241  239  237  236  235  234  232  229  227  225  223  222
  221  220  220  219  217  215  212  209  207  206999989999899998
999989999899998999989999899998999989999899998999989999899998
  252  250  248  246  245  244  243  241  239  237  234  232  230
  228  227  227  226  223  219  214  208  205  204999989999899998
999989999899998999989999899998999989999899998999989999899998
  259  257  256  254  252  250  249  248  245  244  241  239  236
  234  233  232  231  228  222  215  207  20399998999989999899998
999989999899998999989999899998999989999899998999989999899998
  263  262  260  258  256  255  253  252  250  247  245  243  241
  239  236  234  233  231  226  218  210  20699998999989999899998
999989999899998999989999899998999989999899998999989999899998
  265  264  263  261  259  257  256  254  252  249  247  245  244
  242  239  236  236  234  231  225  218  21399998999989999899998
999989999899998999989999899998999989999899998999989999899998
  266  266  265  264  262  260  258  255  253  251  249  248  246
  245  242  240  240  239  238  234  227  22299998999989999899998
999989999899998999989999899998999989999899998999989999899998
  268  268  267  266  265  263  260  257  254  252  251  250  250
  249  248  246  245  245  245  243  235  22999998999989999899998
999989999899998999989999899998999989999899998999989999899998
  270  270  270  268  267  265  262  259  256  254  254  254  255
  255  254  252  251  252  253  251  244  24199998999989999899998
999989999899998999989999899998999989999899998999989999899998
  272  272  272  270  268  267  265  262  259  258  258  259  261
  262  262  260  258  259  261  261  257  257  265999989999899998
999989999899998999989999899998999989999899998999989999899998
  272  272  273  271  270  269  267  265  263  262  263  265  266
  268  268  267  267  267  269  270  270  271  277  2869999899998
999989999899998999989999899998999989999899998999989999899998
99998  273  274  273  272  271  269  267  267  268  269  270  272
  272  273  273  274  275  276  277  277  280  285  290  29499998
999989999899998999989999899998999989999899998999989999899998
99998999989999899998  274  274  271  270  271  273  274  275  276
  276  276  277  278  279  280  279  279  281  285  290  292  291
  288  285  282  279  279  277  277  279  279999989999899998
9999899998999989999899998  277  275  274  275  276  278  279  279
  277  277  277  279  280  279  278  276  278  281  286  288  286
  285  283  283  282  281  282  284  287  289999989999899998
9999899998999989999899998  280  278  278  278  279  280  280  280
  278  278  277  278  277  277  275  273  274  277  280  281  280
  278  278  279  280  281  285  289  293  297999989999899998
999989999899998999989999899998  282  281  281  281  282  282  281
  280  278  277  276  275  273  272  272  272  274  275  274  273
  271  272  273  276  278  285  290  296  301999989999899998
9999899998999989999899998999989999899998  284  283  284  284  283
  280  278  277  275  273  272  272  272  272  272  273  271  269
  267  267  269  271  274  282  289  295  299999989999899998
9999899998999989999899998999989999899998999989999899998  285  284
  281  279  277  275  273  273  272  272  271  271  270  269  267
  265  265  266  267  270  277  284  291  297  2999999899998
999989999899998999989999899998999989999899998999989999899998  284
  282  280  278  275  273  272  272  270  269  268  266  264  263
  263  262  262  263  266  270  277  286  293  296  29899998
999989999899998999989999899998999989999899998999989999899998  284
  283  280  277  274  272  270  269  267  265  262  260  258  258
  259  258  258  258  260  263  269  279  287  292  29699998
9999899998999989999899998999989999899998999989999899998  284  284
  283  280  276  272  269  266  264  261  258  255  253  252  252
  253  253  252  251  251  254  260  270  278  284  28899998
99998999989999899998999989999899998999989999899998  284  284  284
  282  279  274  270  265  260  258  256  253  250  247  246  246
  248  247  247  244  244  245  250  258  265  269  27199998
99998999989999899998999989999899998999989999899998  283  283  283
  281  277  273  268  262  256  254  252  249  247  244  243  242
  243  244  242  240  238  239  242  246  248  250  25199998
99998999989999899998999989999899998999989999899998  281  282  282
  280  277  272  266  260  255  252  250  249  246  244  242  240
  241  241  239  237  235  234  236  236  232  2269999899998
99998999989999899998999989999899998999989999899998  279  281  281
  280  277  272  266  261  255  251  250  249  247  245  242  240
  240  240  238  235  233  232  233  232  224  211  19699998
