sst_total_12_2016_moy.22
  241  241  241  240  238  236  235  233  231  230  229  228  227
  224  222  219  218  217  217  218  217  214  210  2059999899998
999989999899998999989999899998999989999899998999989999899998
  248  249  248  247  246  244  242  240  239  237  237  235  234
  231  228  225  225  223  223  221  218  214  211999989999899998
999989999899998999989999899998999989999899998999989999899998
  257  258  257  257  256  254  252  250  248  247  246  245  243
  238  235  232  231  230  229  224  217  210  207999989999899998
999989999899998999989999899998999989999899998999989999899998
  264  265  265  264  263  262  260  258  256  254  253  251  249
  245  241  237  236  235  232  224  214  20699998999989999899998
999989999899998999989999899998999989999899998999989999899998
  269  269  269  269  268  267  265  264  261  259  257  255  253
  250  246  242  241  239  235  227  217  20799998999989999899998
999989999899998999989999899998999989999899998999989999899998
  272  272  272  272  272  270  269  267  265  262  259  257  256
  254  252  249  248  245  241  235  226  21999998999989999899998
999989999899998999989999899998999989999899998999989999899998
  275  274  274  274  274  273  272  271  268  265  262  261  260
  258  257  257  255  252  249  244  237  23199998999989999899998
999989999899998999989999899998999989999899998999989999899998
  277  276  276  276  275  276  275  275  273  270  267  266  264
  264  263  263  261  259  256  253  247  24199998999989999899998
999989999899998999989999899998999989999899998999989999899998
  279  278  277  277  277  278  279  279  278  275  273  271  270
  269  269  269  266  264  264  262  258  25599998999989999899998
999989999899998999989999899998999989999899998999989999899998
  281  280  279  278  278  280  283  284  282  280  278  276  274
  275  275  274  272  271  271  272  271  271  275999989999899998
999989999899998999989999899998999989999899998999989999899998
  282  280  278  277  279  281  285  285  285  283  281  279  279
  279  279  279  277  278  279  281  283  284  286  2909999899998
999989999899998999989999899998999989999899998999989999899998
99998  279  277  276  278  280  284  285  286  285  283  282  282
  283  283  282  282  283  284  287  289  290  291  293  29599998
999989999899998999989999899998999989999899998999989999899998
99998999989999899998  277  279  281  283  285  286  284  285  285
  285  285  285  285  286  286  287  288  289  291  293  293  293
  294  296  297  296  295  292  287  283  281999989999899998
9999899998999989999899998  278  279  281  283  284  285  285  285
  285  285  285  286  284  283  282  281  283  285  287  288  288
  289  290  292  293  292  289  285  282  279999989999899998
9999899998999989999899998  277  277  278  280  281  282  283  283
  283  282  283  283  280  278  275  273  274  276  278  280  280
  280  282  284  286  286  284  282  279  276999989999899998
999989999899998999989999899998  277  277  277  278  279  280  279
  278  279  279  279  276  272  269  267  267  268  271  272  271
  271  273  276  278  279  279  278  276  272999989999899998
9999899998999989999899998999989999899998  274  275  276  277  277
  275  274  274  274  271  268  265  264  263  263  265  266  266
  265  266  269  272  274  274  276  276  270999989999899998
9999899998999989999899998999989999899998999989999899998  275  275
  273  271  270  268  267  265  262  260  259  259  260  262  262
  261  261  263  265  268  271  275  277  271  2629999899998
999989999899998999989999899998999989999899998999989999899998  274
  272  269  266  263  262  261  259  257  256  256  256  256  257
  256  255  255  257  260  265  272  276  273  266  25799998
999989999899998999989999899998999989999899998999989999899998  274
  272  268  263  260  258  256  255  253  253  252  251  251  251
  250  249  247  247  249  255  264  271  272  267  26199998
9999899998999989999899998999989999899998999989999899998  275  276
  273  268  262  257  254  252  251  250  250  248  247  246  245
  244  241  238  237  237  243  252  260  265  264  26099998
99998999989999899998999989999899998999989999899998  276  277  277
  274  268  261  255  251  249  248  247  247  245  244  241  239
  235  232  229  226  226  231  238  246  250  249  24799998
99998999989999899998999989999899998999989999899998  277  277  276
  273  267  261  255  251  248  245  244  244  241  238  235  232
  227  223  220  217  216  220  226  230  230  227  22699998
99998999989999899998999989999899998999989999899998  275  275  274
  270  266  261  255  251  247  245  243  241  239  235  230  226
  221  216  212  209  208  212  216  216  210  2009999899998
99998999989999899998999989999899998999989999899998  273  273  272
  269  264  260  256  252  248  245  243  241  238  233  229  224
  218  212  207  203  202  206  209  207  197  181  16299998
