sst_total_06_2017_moy.22
  260  261  259  257  255  253  250  248  246  244  242  240  239
  237  236  235  233  230  227  225  223  220  218  2169999899998
999989999899998999989999899998999989999899998999989999899998
  265  264  263  261  259  257  255  253  251  248  246  245  244
  243  241  240  237  234  230  226  222  218  216999989999899998
999989999899998999989999899998999989999899998999989999899998
  270  269  267  266  264  262  260  258  256  254  252  252  251
  249  247  244  241  237  232  225  217  212  211999989999899998
999989999899998999989999899998999989999899998999989999899998
  274  273  271  269  267  265  264  262  260  259  258  257  256
  254  251  246  243  238  231  222  211  20499998999989999899998
999989999899998999989999899998999989999899998999989999899998
  276  275  273  271  269  267  266  264  264  263  262  260  257
  254  250  247  243  237  230  220  209  20299998999989999899998
999989999899998999989999899998999989999899998999989999899998
  278  277  274  272  271  268  268  267  267  266  264  260  255
  251  247  245  242  236  230  222  217  21399998999989999899998
999989999899998999989999899998999989999899998999989999899998
  280  278  276  274  272  270  269  270  269  268  266  259  253
  248  245  245  243  238  233  231  233  23599998999989999899998
999989999899998999989999899998999989999899998999989999899998
  280  280  278  276  274  271  272  272  271  271  268  260  253
  248  246  247  245  242  240  244  252  25899998999989999899998
999989999899998999989999899998999989999899998999989999899998
  282  281  280  278  276  274  275  275  274  273  270  264  257
  253  251  251  250  248  249  257  268  27899998999989999899998
999989999899998999989999899998999989999899998999989999899998
  283  282  282  281  279  278  278  278  277  275  273  269  265
  261  258  258  257  256  260  268  279  287  292999989999899998
999989999899998999989999899998999989999899998999989999899998
  283  284  283  283  282  282  281  281  280  278  277  275  272
  269  266  266  265  265  270  276  285  290  293  2919999899998
999989999899998999989999899998999989999899998999989999899998
99998  283  284  284  284  283  282  282  282  281  280  279  278
  276  273  272  272  273  276  281  286  290  292  291  28999998
999989999899998999989999899998999989999899998999989999899998
99998999989999899998  284  282  281  282  282  283  282  281  280
  279  277  276  277  277  279  281  285  288  289  289  285  283
  280  280  280  281  282  287  291  299  307999989999899998
9999899998999989999899998  279  279  280  281  282  282  281  280
  278  275  275  276  277  277  278  279  281  281  280  276  274
  273  274  276  278  279  282  285  289  293999989999899998
9999899998999989999899998  274  276  277  279  280  280  280  277
  274  271  272  274  275  274  273  273  272  271  268  264  261
  261  264  267  269  270  272  272  273  274999989999899998
999989999899998999989999899998  275  275  276  277  278  277  275
  272  271  272  274  274  273  272  270  268  265  260  256  253
  254  257  259  261  261  261  259  257  253999989999899998
9999899998999989999899998999989999899998  273  275  276  276  276
  275  275  276  278  277  276  274  273  269  267  263  259  257
  258  260  261  261  261  258  254  250  244999989999899998
9999899998999989999899998999989999899998999989999899998  277  276
  277  278  279  282  281  280  279  278  275  272  269  267  266
  267  268  269  268  267  263  259  253  246  2419999899998
999989999899998999989999899998999989999899998999989999899998  276
  277  279  280  282  282  282  281  280  278  276  273  272  272
  273  272  271  271  270  268  264  258  251  246  24299998
999989999899998999989999899998999989999899998999989999899998  274
  276  276  277  278  279  278  278  278  277  274  271  270  272
  272  269  267  265  266  265  261  256  251  248  24599998
9999899998999989999899998999989999899998999989999899998  272  273
  273  272  271  271  271  271  271  271  271  269  265  264  265
  264  259  256  255  255  255  252  247  244  243  24499998
99998999989999899998999989999899998999989999899998  271  272  271
  270  267  265  262  261  260  260  261  261  259  257  255  255
  252  248  243  241  241  242  239  235  230  229  23099998
99998999989999899998999989999899998999989999899998  269  269  268
  265  262  259  255  252  249  248  249  249  248  246  245  243
  240  236  231  228  227  228  226  222  215  211  21199998
99998999989999899998999989999899998999989999899998  264  265  263
  261  257  254  250  245  241  239  238  238  238  236  235  233
  230  226  222  219  218  218  217  212  203  1939999899998
99998999989999899998999989999899998999989999899998  259  261  260
  257  254  251  245  241  236  233  231  231  230  229  229  227
  223  220  217  214  212  212  212  208  198  183  16799998
