sst_total_12_2015_moy.22
  244  244  242  240  239  238  237  236  234  232  230  228  225
  224  224  224  225  224  222  221  218  213  208  2039999899998
999989999899998999989999899998999989999899998999989999899998
  253  251  249  247  245  244  243  242  240  238  237  234  232
  231  231  231  231  229  226  222  216  211  207999989999899998
999989999899998999989999899998999989999899998999989999899998
  262  260  257  255  253  251  251  250  248  247  245  243  240
  238  238  237  236  235  230  222  212  205  201999989999899998
999989999899998999989999899998999989999899998999989999899998
  269  267  264  261  259  257  256  255  254  252  251  250  246
  244  243  241  239  237  231  220  207  19999998999989999899998
999989999899998999989999899998999989999899998999989999899998
  273  271  268  265  262  260  259  258  257  256  255  253  250
  248  245  243  240  238  232  222  210  20099998999989999899998
999989999899998999989999899998999989999899998999989999899998
  275  273  270  268  266  264  262  260  259  258  257  255  253
  250  247  245  243  241  237  230  222  21599998999989999899998
999989999899998999989999899998999989999899998999989999899998
  277  274  272  271  269  267  264  263  261  259  258  258  257
  253  250  248  247  246  245  242  237  23199998999989999899998
999989999899998999989999899998999989999899998999989999899998
  277  276  275  273  271  270  267  265  263  262  261  261  261
  259  257  254  254  253  254  254  250  24599998999989999899998
999989999899998999989999899998999989999899998999989999899998
  278  277  276  275  274  273  271  270  267  266  266  266  268
  268  266  263  261  262  264  266  264  26399998999989999899998
999989999899998999989999899998999989999899998999989999899998
  279  278  277  276  275  276  275  274  272  271  270  272  273
  275  275  272  270  271  274  277  280  282  287999989999899998
999989999899998999989999899998999989999899998999989999899998
  279  278  276  275  276  277  278  277  276  274  273  275  278
  280  280  278  277  278  282  287  292  295  298  3019999899998
999989999899998999989999899998999989999899998999989999899998
99998  276  274  274  275  277  279  279  278  277  276  278  280
  281  281  281  280  282  286  291  296  299  301  302  30299998
999989999899998999989999899998999989999899998999989999899998
99998999989999899998  275  277  278  279  279  280  279  280  281
  280  280  281  281  282  285  289  293  296  298  298  297  297
  297  297  297  296  295  294  293  292  294999989999899998
9999899998999989999899998  277  277  278  279  280  281  280  280
  278  278  278  280  280  281  282  285  286  289  290  290  290
  290  291  293  293  292  292  291  291  292999989999899998
9999899998999989999899998  277  278  278  278  280  281  280  278
  276  275  276  278  277  275  274  274  276  277  279  280  280
  281  282  284  285  286  286  287  288  287999989999899998
999989999899998999989999899998  278  277  277  278  279  279  277
  275  274  275  276  275  271  268  267  268  269  270  272  271
  271  272  274  276  277  278  280  281  280999989999899998
9999899998999989999899998999989999899998  275  276  278  278  277
  275  274  274  275  274  270  266  264  264  264  266  267  265
  264  265  266  268  269  271  275  277  275999989999899998
9999899998999989999899998999989999899998999989999899998  278  277
  276  274  274  273  272  270  266  263  262  261  262  262  261
  259  258  259  260  263  266  271  275  273  2679999899998
999989999899998999989999899998999989999899998999989999899998  277
  276  275  273  272  270  268  265  261  259  257  256  255  253
  252  250  250  251  255  260  267  273  274  271  26799998
999989999899998999989999899998999989999899998999989999899998  278
  277  275  272  269  267  264  260  257  255  252  249  247  245
  243  242  241  242  245  252  260  269  274  275  27599998
9999899998999989999899998999989999899998999989999899998  277  279
  279  275  271  266  263  259  255  252  249  246  242  239  237
  235  233  232  233  234  241  250  259  267  273  27699998
99998999989999899998999989999899998999989999899998  276  279  281
  280  275  270  264  259  254  250  247  243  240  236  233  230
  227  226  225  225  226  232  238  246  253  259  26299998
99998999989999899998999989999899998999989999899998  277  279  280
  279  274  268  261  256  252  247  243  240  236  233  229  226
  223  220  219  219  220  223  228  232  235  238  24299998
99998999989999899998999989999899998999989999899998  274  277  277
  275  272  266  261  255  251  246  243  239  236  232  229  225
  221  218  216  215  216  218  221  222  218  2139999899998
99998999989999899998999989999899998999989999899998  270  274  275
  274  270  266  261  256  251  248  244  241  237  234  231  227
  223  218  215  213  213  214  216  215  209  197  18599998
