sst_total_12_2014_moy.22
  240  242  242  242  242  241  239  237  235  233  231  229  225
  221  219  217  217  216  214  214  212  210  207  2049999899998
999989999899998999989999899998999989999899998999989999899998
  249  249  248  248  247  246  244  242  240  238  236  233  231
  227  225  223  223  222  220  217  213  209  207999989999899998
999989999899998999989999899998999989999899998999989999899998
  259  258  257  256  255  253  251  249  246  245  243  241  238
  234  231  230  230  229  226  220  211  205  202999989999899998
999989999899998999989999899998999989999899998999989999899998
  266  265  264  262  260  259  257  254  252  250  249  247  243
  240  237  235  235  234  229  219  208  20099998999989999899998
999989999899998999989999899998999989999899998999989999899998
  271  270  268  266  264  262  260  258  255  253  252  251  248
  246  243  241  239  237  231  221  210  19999998999989999899998
999989999899998999989999899998999989999899998999989999899998
  276  273  271  269  267  265  263  261  259  257  256  254  252
  250  248  247  246  242  237  228  218  20999998999989999899998
999989999899998999989999899998999989999899998999989999899998
  281  277  274  272  269  267  265  264  263  262  260  259  257
  255  253  253  251  248  244  237  229  22199998999989999899998
999989999899998999989999899998999989999899998999989999899998
  285  281  278  275  271  269  269  268  267  267  266  264  262
  260  258  258  257  255  251  246  239  23199998999989999899998
999989999899998999989999899998999989999899998999989999899998
  287  284  280  277  274  272  272  272  272  272  270  268  266
  265  264  263  262  261  259  256  252  24899998999989999899998
999989999899998999989999899998999989999899998999989999899998
  288  284  281  277  275  274  275  275  275  274  273  271  270
  269  269  269  267  267  267  267  266  266  271999989999899998
999989999899998999989999899998999989999899998999989999899998
  286  283  280  277  276  276  277  277  276  275  273  272  272
  273  273  273  272  273  274  277  278  280  283  2889999899998
999989999899998999989999899998999989999899998999989999899998
99998  281  278  276  276  276  277  277  277  276  273  273  274
  275  275  275  275  276  278  280  284  286  289  291  29299998
999989999899998999989999899998999989999899998999989999899998
99998999989999899998  275  275  276  277  277  277  275  275  274
  274  275  275  276  276  276  278  281  284  287  288  289  288
  288  289  289  288  289  288  288  289  291999989999899998
9999899998999989999899998  274  275  275  276  276  276  275  273
  272  272  272  273  271  270  269  271  275  279  281  282  281
  282  283  284  285  285  286  286  288  289999989999899998
9999899998999989999899998  273  273  273  273  274  274  273  271
  270  268  268  268  265  262  259  258  262  267  271  272  272
  272  273  275  276  278  279  281  284  285999989999899998
999989999899998999989999899998  270  269  269  269  271  271  270
  267  266  266  264  261  256  253  251  253  257  261  262  262
  260  261  263  265  267  270  274  277  277999989999899998
9999899998999989999899998999989999899998  265  267  269  270  270
  267  266  265  263  260  255  251  250  249  252  254  255  255
  252  252  253  254  257  261  268  273  272999989999899998
9999899998999989999899998999989999899998999989999899998  271  271
  269  268  266  263  260  256  252  250  249  250  251  252  251
  248  246  245  245  248  256  264  270  270  2659999899998
999989999899998999989999899998999989999899998999989999899998  272
  271  269  266  263  260  257  254  250  248  248  248  247  247
  244  242  239  238  241  250  261  269  271  268  26399998
999989999899998999989999899998999989999899998999989999899998  272
  272  270  265  262  260  257  254  250  247  246  244  243  242
  240  237  235  233  234  243  255  264  270  270  26999998
9999899998999989999899998999989999899998999989999899998  270  273
  272  269  264  260  257  255  252  248  244  241  239  238  237
  235  232  230  228  228  235  245  255  262  266  26999998
99998999989999899998999989999899998999989999899998  266  269  272
  272  267  261  257  255  252  249  244  240  236  234  233  231
  229  227  225  223  222  226  232  240  246  250  25399998
99998999989999899998999989999899998999989999899998  265  267  269
  268  265  259  255  253  250  245  240  236  231  230  228  226
  223  221  219  217  216  217  221  224  225  226  22999998
99998999989999899998999989999899998999989999899998  260  263  264
  263  262  258  255  254  249  243  238  233  230  227  225  222
  220  217  215  213  211  211  212  212  207  2009999899998
99998999989999899998999989999899998999989999899998  255  259  261
  260  259  257  255  257  248  242  236  233  229  225  223  220
  219  215  213  210  208  207  208  205  196  182  16799998
