sst_total_10_2016_moy.22
  277  276  275  273  271  269  268  266  264  262  260  258  256
  254  251  249  247  243  242  241  239  235  231  2299999899998
999989999899998999989999899998999989999899998999989999899998
  280  279  277  275  273  272  270  269  266  264  262  261  259
  257  254  251  248  246  243  239  234  229  226999989999899998
999989999899998999989999899998999989999899998999989999899998
  282  281  280  278  276  274  273  271  270  268  265  263  262
  259  257  254  251  249  244  236  226  219  215999989999899998
999989999899998999989999899998999989999899998999989999899998
  285  283  281  279  277  275  274  272  271  269  267  265  263
  261  259  256  254  252  246  235  221  21099998999989999899998
999989999899998999989999899998999989999899998999989999899998
  286  285  282  279  277  275  274  273  271  270  268  266  264
  262  260  258  257  256  251  241  229  21799998999989999899998
999989999899998999989999899998999989999899998999989999899998
  288  286  284  281  279  276  274  273  272  271  269  266  265
  264  263  263  262  261  259  255  250  24599998999989999899998
999989999899998999989999899998999989999899998999989999899998
  290  288  287  284  282  279  277  275  274  272  270  268  267
  267  269  269  269  268  270  271  273  27499998999989999899998
999989999899998999989999899998999989999899998999989999899998
  294  293  292  290  287  284  282  280  277  274  271  270  270
  272  275  276  276  276  278  283  287  29199998999989999899998
999989999899998999989999899998999989999899998999989999899998
  298  298  297  295  293  292  289  287  284  279  276  275  276
  278  281  281  282  282  284  288  292  29599998999989999899998
999989999899998999989999899998999989999899998999989999899998
  302  302  301  300  299  298  297  295  291  288  284  283  283
  285  287  287  287  287  289  291  292  293  292999989999899998
999989999899998999989999899998999989999899998999989999899998
  304  303  301  300  299  299  300  299  298  294  292  290  290
  291  292  292  291  290  290  290  291  291  290  2899999899998
999989999899998999989999899998999989999899998999989999899998
99998  301  298  296  295  295  296  297  299  298  295  294  294
  295  295  294  293  291  288  287  287  287  288  289  29099998
999989999899998999989999899998999989999899998999989999899998
99998999989999899998  288  286  288  291  294  296  295  295  294
  294  293  292  290  288  283  281  281  283  284  287  288  287
  283  279  278  278  282  283  282  281  278999989999899998
9999899998999989999899998  276  278  281  285  289  291  292  290
  288  286  285  283  279  275  271  272  274  276  279  281  280
  276  273  271  272  275  277  277  277  276999989999899998
9999899998999989999899998  268  270  273  276  280  284  285  283
  280  277  277  274  269  264  262  261  264  266  268  269  268
  264  262  261  263  266  269  272  272  272999989999899998
999989999899998999989999899998  265  267  270  273  277  279  277
  273  271  270  266  261  256  254  253  254  255  256  257  256
  252  250  250  252  256  261  266  268  269999989999899998
9999899998999989999899998999989999899998  267  270  273  275  274
  271  268  267  262  258  253  249  247  246  247  249  249  248
  245  242  241  242  246  253  260  266  268999989999899998
9999899998999989999899998999989999899998999989999899998  274  273
  271  268  265  261  257  253  248  244  243  243  244  245  243
  241  238  237  236  238  246  253  260  265  2679999899998
999989999899998999989999899998999989999899998999989999899998  273
  271  268  263  260  257  254  250  245  242  241  242  242  241
  239  236  233  231  231  235  243  251  258  264  26699998
999989999899998999989999899998999989999899998999989999899998  272
  270  266  261  258  256  254  251  247  243  240  239  238  237
  235  231  228  224  222  225  231  239  249  258  26399998
9999899998999989999899998999989999899998999989999899998  271  270
  268  264  259  254  252  250  248  245  242  238  234  232  230
  227  224  220  216  213  214  218  226  238  249  25899998
99998999989999899998999989999899998999989999899998  269  269  268
  265  261  256  251  248  245  243  240  238  233  228  224  222
  219  215  211  206  203  203  204  212  222  233  24299998
99998999989999899998999989999899998999989999899998  265  264  263
  260  256  251  247  244  240  237  234  231  228  222  218  215
  211  207  203  198  195  193  193  197  203  211  22099998
99998999989999899998999989999899998999989999899998  257  257  256
  253  251  247  244  240  237  233  229  226  222  218  214  211
  207  203  198  193  189  186  185  186  186  1869999899998
99998999989999899998999989999899998999989999899998  250  251  250
  249  248  245  242  239  236  233  227  223  219  216  213  210
  206  201  195  190  186  183  181  180  177  170  16099998
