sst_total_02_2015_moy.22
  225  226  226  224  223  221  218  214  213  211  211  209  207
  204  201  198  196  193  191  189  185  182  179  1779999899998
999989999899998999989999899998999989999899998999989999899998
  234  235  234  232  230  228  224  221  219  217  216  215  213
  210  207  204  201  199  195  191  187  183  180999989999899998
999989999899998999989999899998999989999899998999989999899998
  246  245  244  241  239  237  234  230  227  225  224  222  221
  218  215  211  208  204  199  192  186  181  178999989999899998
999989999899998999989999899998999989999899998999989999899998
  255  254  252  249  246  244  241  238  235  232  230  229  226
  223  220  216  212  207  201  192  183  17799998999989999899998
999989999899998999989999899998999989999899998999989999899998
  261  259  257  254  251  249  246  243  240  237  234  232  229
  226  222  219  214  209  202  192  182  17699998999989999899998
999989999899998999989999899998999989999899998999989999899998
  266  263  260  257  256  253  250  247  244  241  238  236  232
  228  225  221  216  212  205  196  186  17999998999989999899998
999989999899998999989999899998999989999899998999989999899998
  269  266  264  262  259  257  254  251  247  244  241  240  236
  232  228  224  221  216  211  203  192  18399998999989999899998
999989999899998999989999899998999989999899998999989999899998
  271  269  268  265  263  260  257  253  250  247  245  243  240
  236  233  229  226  223  219  211  198  18899998999989999899998
999989999899998999989999899998999989999899998999989999899998
  273  272  270  268  265  262  258  255  251  249  249  248  246
  242  239  236  234  232  229  221  209  20199998999989999899998
999989999899998999989999899998999989999899998999989999899998
  275  273  271  269  266  264  261  257  254  253  254  254  252
  249  247  245  244  243  242  236  227  225  235999989999899998
999989999899998999989999899998999989999899998999989999899998
  274  273  272  270  268  267  264  261  259  259  260  261  260
  258  257  255  254  255  256  254  251  251  258  2699999899998
999989999899998999989999899998999989999899998999989999899998
99998  271  272  272  272  270  268  267  266  266  267  267  267
  266  265  264  264  266  268  270  271  272  276  281  28399998
999989999899998999989999899998999989999899998999989999899998
99998999989999899998  275  275  274  273  272  272  272  273  272
  271  270  269  270  272  276  278  279  281  285  287  287  285
  284  284  286  288  291  292  293  294  294999989999899998
9999899998999989999899998  282  280  279  277  277  276  275  275
  273  272  272  273  275  278  279  279  280  284  288  288  286
  284  284  285  288  290  292  293  293  293999989999899998
9999899998999989999899998  287  286  284  283  280  278  277  275
  274  273  273  274  275  276  276  274  275  279  283  285  285
  283  282  283  285  289  291  293  292  292999989999899998
999989999899998999989999899998  289  288  286  283  280  277  275
  274  273  274  274  275  275  274  272  272  275  278  280  281
  279  277  278  281  285  289  291  291  290999989999899998
9999899998999989999899998999989999899998  289  284  281  277  276
  275  274  274  275  277  277  275  273  272  273  275  276  277
  275  274  274  277  283  287  289  290  289999989999899998
9999899998999989999899998999989999899998999989999899998  278  276
  275  276  275  277  279  280  278  276  274  273  273  273  273
  273  273  273  276  280  285  287  289  289  2889999899998
999989999899998999989999899998999989999899998999989999899998  276
  277  276  276  277  279  281  280  277  274  272  271  269  269
  270  270  271  273  277  280  283  285  286  285  28499998
999989999899998999989999899998999989999899998999989999899998  278
  278  277  275  275  277  279  278  276  273  270  268  266  265
  265  265  265  267  268  272  276  278  279  281  28199998
9999899998999989999899998999989999899998999989999899998  279  279
  278  276  273  272  273  275  275  273  271  267  264  263  261
  260  260  259  259  260  263  266  269  271  271  27399998
99998999989999899998999989999899998999989999899998  278  280  280
  279  276  273  271  271  271  271  270  267  265  262  259  258
  256  255  254  254  254  255  256  258  258  256  25599998
99998999989999899998999989999899998999989999899998  279  281  281
  279  277  274  272  270  268  267  266  264  262  260  258  256
  254  253  251  250  249  249  249  247  242  237  23499998
99998999989999899998999989999899998999989999899998  278  281  281
  279  278  276  274  271  268  265  264  263  260  259  257  256
  254  252  250  248  246  245  244  238  226  2139999899998
99998999989999899998999989999899998999989999899998  277  281  281
  280  279  277  275  273  270  265  263  261  260  259  258  256
  255  252  249  246  244  244  243  234  217  194  16999998
