sst_total_06_2016_moy.22
  267  268  266  264  261  259  255  252  248  245  242  238  235
  233  232  232  232  231  228  226  223  218  214  2109999899998
999989999899998999989999899998999989999899998999989999899998
  271  271  269  267  264  262  259  255  252  248  245  243  240
  239  237  237  236  234  231  227  222  216  212999989999899998
999989999899998999989999899998999989999899998999989999899998
  276  274  273  271  269  266  263  260  256  252  250  248  246
  244  242  240  240  237  232  225  217  210  207999989999899998
999989999899998999989999899998999989999899998999989999899998
  279  278  275  273  271  268  265  262  259  256  254  252  250
  248  245  242  241  238  231  221  208  19999998999989999899998
999989999899998999989999899998999989999899998999989999899998
  281  279  277  274  272  269  266  263  261  259  256  253  251
  249  246  243  241  237  229  217  202  19199998999989999899998
999989999899998999989999899998999989999899998999989999899998
  283  281  278  275  272  269  267  264  261  259  256  253  251
  249  247  244  242  237  229  217  206  19799998999989999899998
999989999899998999989999899998999989999899998999989999899998
  285  282  279  276  273  270  267  264  261  258  255  253  251
  249  249  248  245  240  232  225  220  21599998999989999899998
999989999899998999989999899998999989999899998999989999899998
  285  284  281  277  274  271  268  265  262  259  257  255  254
  254  254  254  250  245  240  238  239  23999998999989999899998
999989999899998999989999899998999989999899998999989999899998
  285  283  281  278  275  273  271  268  266  263  261  260  260
  260  261  260  257  253  251  254  258  26499998999989999899998
999989999899998999989999899998999989999899998999989999899998
  282  281  280  279  277  276  274  272  270  268  267  268  268
  268  268  267  265  263  264  268  272  278  284999989999899998
999989999899998999989999899998999989999899998999989999899998
  278  279  280  280  280  279  278  276  274  273  273  274  275
  275  275  274  273  273  274  277  281  284  288  2909999899998
999989999899998999989999899998999989999899998999989999899998
99998  276  279  281  283  282  280  279  278  278  278  280  281
  281  280  280  279  280  280  282  283  286  289  291  29399998
999989999899998999989999899998999989999899998999989999899998
99998999989999899998  285  285  282  280  280  280  281  283  284
  284  283  283  283  282  281  281  282  284  285  288  288  287
  283  280  277  275  276  279  283  290  296999989999899998
9999899998999989999899998  286  284  281  280  280  282  283  284
  283  282  281  281  280  278  276  276  276  278  279  278  277
  276  275  274  275  275  278  282  286  290999989999899998
9999899998999989999899998  288  285  282  280  280  281  283  282
  280  278  278  277  275  272  270  268  268  268  267  266  264
  263  265  267  269  270  273  274  276  277999989999899998
999989999899998999989999899998  286  281  279  279  281  282  281
  279  277  277  275  272  269  266  264  263  263  261  259  257
  256  258  261  263  264  265  266  264  261999989999899998
9999899998999989999899998999989999899998  277  279  281  282  282
  281  279  279  277  273  270  267  266  265  265  264  262  259
  259  260  262  264  263  263  262  259  253999989999899998
9999899998999989999899998999989999899998999989999899998  282  283
  282  281  281  280  277  274  272  271  270  270  270  269  266
  265  265  267  266  265  264  263  260  254  2489999899998
999989999899998999989999899998999989999899998999989999899998  281
  282  282  281  280  279  277  276  274  273  272  271  270  269
  267  266  266  264  263  263  263  261  256  250  24599998
999989999899998999989999899998999989999899998999989999899998  278
  280  279  278  277  276  275  273  271  270  268  267  265  264
  263  261  258  256  255  255  255  255  253  251  24999998
9999899998999989999899998999989999899998999989999899998  274  276
  276  275  272  271  270  268  267  265  264  261  258  257  257
  255  251  247  243  242  243  243  243  245  245  24799998
99998999989999899998999989999899998999989999899998  272  273  275
  274  270  266  263  262  260  258  257  255  253  250  249  248
  245  241  236  232  230  231  230  230  229  230  23399998
99998999989999899998999989999899998999989999899998  267  269  270
  268  266  262  259  256  253  251  250  248  246  243  241  239
  237  233  228  224  221  220  219  218  213  211  21399998
99998999989999899998999989999899998999989999899998  257  262  263
  263  261  258  256  252  250  247  245  243  240  238  235  233
  230  227  223  218  215  213  212  208  201  1929999899998
99998999989999899998999989999899998999989999899998  247  255  258
  259  259  258  254  250  250  247  244  241  238  235  232  230
  226  224  221  217  213  211  210  206  196  181  16699998
