sst_total_02_2017_moy.22
  227  227  226  225  224  222  221  220  218  217  217  215  214
  212  210  208  209  210  208  205  199  190  183  1769999899998
999989999899998999989999899998999989999899998999989999899998
  235  234  233  231  230  229  228  227  225  224  224  222  221
  218  216  214  214  213  210  206  199  190  183999989999899998
999989999899998999989999899998999989999899998999989999899998
  245  244  242  241  240  238  237  236  234  233  232  231  229
  227  224  220  219  216  212  205  196  187  181999989999899998
999989999899998999989999899998999989999899998999989999899998
  253  252  250  248  247  245  244  243  241  240  238  237  235
  232  229  224  221  217  212  202  191  18399998999989999899998
999989999899998999989999899998999989999899998999989999899998
  260  258  256  253  252  250  249  247  245  243  241  240  238
  234  230  225  222  217  210  199  187  17999998999989999899998
999989999899998999989999899998999989999899998999989999899998
  266  263  260  257  255  253  251  249  247  245  243  242  239
  235  231  226  222  217  209  199  187  17799998999989999899998
999989999899998999989999899998999989999899998999989999899998
  271  268  265  262  258  254  252  249  247  246  245  244  242
  238  234  228  223  218  211  201  188  17799998999989999899998
999989999899998999989999899998999989999899998999989999899998
  274  271  269  265  261  256  253  249  248  247  246  246  246
  242  238  233  227  222  216  205  192  18099998999989999899998
999989999899998999989999899998999989999899998999989999899998
  276  274  272  268  263  259  254  251  249  248  248  249  249
  246  243  240  234  230  224  215  203  19599998999989999899998
999989999899998999989999899998999989999899998999989999899998
  276  275  274  271  266  262  257  254  251  251  252  253  253
  252  250  248  243  240  238  231  222  221  233999989999899998
999989999899998999989999899998999989999899998999989999899998
  274  275  274  273  270  266  262  259  257  257  257  258  259
  259  258  257  255  254  253  250  246  248  257  2739999899998
999989999899998999989999899998999989999899998999989999899998
99998  272  274  274  274  271  267  265  265  264  264  265  265
  266  267  266  266  267  268  267  266  269  276  285  29399998
999989999899998999989999899998999989999899998999989999899998
99998999989999899998  276  274  272  271  271  270  270  270  271
  272  273  274  275  277  277  276  275  278  283  290  295  296
  295  294  295  294  293  293  292  292  293999989999899998
9999899998999989999899998  277  276  275  274  275  274  275  275
  276  278  279  282  283  282  279  277  277  282  289  293  294
  293  293  294  294  293  292  291  291  291999989999899998
9999899998999989999899998  279  278  277  277  277  276  277  277
  278  280  282  284  285  283  279  275  275  278  283  287  288
  288  289  290  291  291  290  289  289  288999989999899998
999989999899998999989999899998  277  278  278  277  277  277  277
  278  280  283  285  284  281  278  275  273  274  277  278  279
  281  282  284  286  287  287  287  287  286999989999899998
9999899998999989999899998999989999899998  279  278  277  277  277
  277  279  281  282  282  280  277  274  272  271  272  271  272
  273  275  278  281  284  285  286  286  287999989999899998
9999899998999989999899998999989999899998999989999899998  277  276
  276  277  278  278  278  276  273  271  268  267  267  266  264
  267  269  272  277  281  284  286  287  286  2869999899998
999989999899998999989999899998999989999899998999989999899998  276
  276  275  275  274  273  271  269  266  264  263  263  261  260
  260  263  266  272  277  281  284  285  285  284  28399998
999989999899998999989999899998999989999899998999989999899998  278
  276  274  272  269  268  266  264  261  260  260  259  258  256
  255  255  259  264  268  273  278  279  279  279  27899998
9999899998999989999899998999989999899998999989999899998  281  279
  277  273  270  266  264  261  258  256  257  256  255  254  251
  250  249  251  255  258  262  266  269  269  269  26999998
99998999989999899998999989999899998999989999899998  282  281  280
  277  273  270  266  262  258  255  253  254  254  253  250  248
  245  244  245  247  249  251  253  255  255  254  25399998
99998999989999899998999989999899998999989999899998  282  281  280
  276  274  271  267  263  258  255  253  253  253  251  249  246
  243  242  241  241  241  241  241  241  239  235  23599998
99998999989999899998999989999899998999989999899998  279  280  278
  276  274  271  269  264  260  256  255  253  251  250  248  246
  244  242  239  237  236  234  234  230  222  2129999899998
99998999989999899998999989999899998999989999899998  276  278  278
  276  274  272  270  266  263  259  257  255  252  250  249  248
  246  243  239  234  232  231  230  224  212  195  17599998
