sst_total_07_2014_moy.22
  279  278  276  274  273  272  270  268  266  263  260  258  256
  254  251  250  246  242  239  234  230  225  222  2199999899998
999989999899998999989999899998999989999899998999989999899998
  280  279  277  275  273  271  269  267  264  262  259  257  255
  253  250  249  245  241  238  233  228  222  218999989999899998
999989999899998999989999899998999989999899998999989999899998
  280  279  276  274  272  270  268  265  263  260  258  256  253
  251  248  246  244  240  235  229  222  215  210999989999899998
999989999899998999989999899998999989999899998999989999899998
  280  278  276  273  271  268  267  264  261  259  257  254  252
  249  246  244  242  238  233  226  218  21199998999989999899998
999989999899998999989999899998999989999899998999989999899998
  280  277  275  272  269  267  265  263  260  258  256  253  250
  247  245  243  240  238  233  229  224  21999998999989999899998
999989999899998999989999899998999989999899998999989999899998
  279  277  274  271  269  266  264  261  259  257  255  252  249
  247  246  245  244  241  238  238  240  24399998999989999899998
999989999899998999989999899998999989999899998999989999899998
  278  277  275  273  270  267  264  261  258  256  255  254  252
  251  251  252  251  248  247  251  260  26899998999989999899998
999989999899998999989999899998999989999899998999989999899998
  277  278  277  275  271  268  265  261  259  258  258  258  257
  258  259  261  260  257  258  264  275  28599998999989999899998
999989999899998999989999899998999989999899998999989999899998
  278  279  278  277  274  271  268  266  264  263  264  264  264
  266  267  269  269  267  268  274  283  29199998999989999899998
999989999899998999989999899998999989999899998999989999899998
  279  280  280  279  278  276  273  272  271  270  270  271  272
  273  274  275  275  274  274  278  284  288  290999989999899998
999989999899998999989999899998999989999899998999989999899998
  280  281  281  281  281  280  278  277  276  276  276  277  277
  279  279  278  278  277  276  278  281  283  285  2859999899998
999989999899998999989999899998999989999899998999989999899998
99998  281  282  282  282  281  280  279  279  279  279  280  281
  281  281  280  278  276  275  274  275  276  279  281  28299998
999989999899998999989999899998999989999899998999989999899998
99998999989999899998  281  280  279  278  279  280  280  281  280
  280  279  278  276  272  269  266  265  267  269  272  274  274
  274  272  269  267  266  267  269  270  272999989999899998
9999899998999989999899998  277  276  276  278  278  279  278  277
  275  274  273  269  264  257  253  251  254  256  257  259  261
  264  267  269  270  269  267  267  268  268999989999899998
9999899998999989999899998  274  275  276  277  277  276  275  273
  270  268  267  262  255  247  241  240  242  242  241  241  242
  248  256  262  265  264  261  259  258  257999989999899998
999989999899998999989999899998  277  278  278  276  274  272  269
  267  265  265  260  252  245  240  240  240  239  235  233  233
  237  244  251  254  252  248  246  244  242999989999899998
9999899998999989999899998999989999899998  280  276  273  270  268
  267  267  267  264  259  254  251  251  251  249  245  240  237
  237  240  244  245  243  239  237  234  231999989999899998
9999899998999989999899998999989999899998999989999899998  270  268
  269  271  272  271  268  267  266  266  264  261  258  252  247
  244  243  242  241  240  237  235  232  228  2239999899998
999989999899998999989999899998999989999899998999989999899998  269
  272  275  276  276  276  276  276  275  273  268  264  258  253
  247  243  239  238  238  238  236  233  229  223  21899998
999989999899998999989999899998999989999899998999989999899998  269
  274  277  277  278  278  277  276  275  271  267  262  256  252
  245  239  234  231  233  235  234  230  225  220  21599998
9999899998999989999899998999989999899998999989999899998  265  269
  274  276  276  275  273  271  268  266  262  258  254  249  245
  239  232  225  222  223  227  227  223  217  211  20799998
99998999989999899998999989999899998999989999899998  261  265  268
  271  273  272  268  264  260  256  254  250  247  243  240  236
  230  223  217  212  212  217  218  211  203  196  19099998
99998999989999899998999989999899998999989999899998  259  261  264
  265  265  262  258  254  249  245  242  240  237  234  231  228
  222  216  210  206  203  206  206  198  187  178  17199998
99998999989999899998999989999899998999989999899998  254  256  258
  258  256  253  249  244  240  236  233  231  229  226  225  222
  218  213  207  201  198  197  196  187  174  1599999899998
99998999989999899998999989999899998999989999899998  249  251  253
  252  251  247  243  238  234  231  228  226  225  222  221  220
  216  211  205  199  194  192  191  182  167  147  12799998
