sst_total_05_2015_moy.22
  238  237  236  233  232  231  229  227  226  224  224  222  220
  217  215  213  210  208  206  205  205  204  202  2019999899998
999989999899998999989999899998999989999899998999989999899998
  247  245  244  241  240  238  236  234  232  230  229  227  225
  222  219  216  214  212  210  208  206  204  202999989999899998
999989999899998999989999899998999989999899998999989999899998
  257  255  253  251  248  247  245  242  240  237  235  234  231
  227  224  221  219  216  214  210  205  202  200999989999899998
999989999899998999989999899998999989999899998999989999899998
  264  262  260  258  255  253  251  248  246  243  240  238  235
  231  227  224  221  218  215  209  202  19899998999989999899998
999989999899998999989999899998999989999899998999989999899998
  269  267  264  261  258  256  254  251  248  245  242  239  236
  232  228  224  221  220  216  209  202  19699998999989999899998
999989999899998999989999899998999989999899998999989999899998
  271  268  265  262  260  257  254  251  248  245  242  238  235
  232  228  225  224  222  219  214  208  20499998999989999899998
999989999899998999989999899998999989999899998999989999899998
  272  269  266  263  260  257  254  251  247  244  241  239  236
  233  231  230  229  228  226  224  221  21999998999989999899998
999989999899998999989999899998999989999899998999989999899998
  273  271  269  265  261  258  255  252  249  245  242  240  239
  238  238  237  237  236  235  236  237  23999998999989999899998
999989999899998999989999899998999989999899998999989999899998
  276  273  271  268  264  262  259  256  253  250  247  246  245
  246  247  247  246  245  246  251  256  26299998999989999899998
999989999899998999989999899998999989999899998999989999899998
  278  276  274  271  269  267  265  262  260  257  254  254  254
  255  256  257  256  256  259  267  274  282  291999989999899998
999989999899998999989999899998999989999899998999989999899998
  280  278  276  275  273  272  270  268  266  264  263  262  263
  264  265  266  266  268  273  280  288  296  301  3049999899998
999989999899998999989999899998999989999899998999989999899998
99998  279  277  277  276  275  274  273  271  271  270  270  272
  273  274  276  277  279  282  288  295  301  303  303  30499998
999989999899998999989999899998999989999899998999989999899998
99998999989999899998  278  278  277  276  275  275  275  276  278
  280  281  283  284  285  286  289  292  295  297  299  298  296
  295  294  291  290  291  293  295  299  302999989999899998
9999899998999989999899998  279  279  279  279  279  279  280  282
  284  285  286  285  284  283  282  282  284  287  290  290  288
  286  284  283  283  285  290  292  295  297999989999899998
9999899998999989999899998  281  282  283  283  283  283  284  285
  285  286  285  283  280  277  274  273  273  276  280  281  279
  275  272  272  274  278  283  286  288  289999989999899998
999989999899998999989999899998  284  285  286  285  285  286  286
  286  285  284  281  277  274  270  269  269  271  275  276  273
  265  260  260  264  270  277  281  281  278999989999899998
9999899998999989999899998999989999899998  286  286  286  287  287
  287  285  284  281  277  274  272  270  271  273  276  276  273
  265  258  257  261  268  275  280  279  274999989999899998
9999899998999989999899998999989999899998999989999899998  288  288
  288  286  284  282  279  276  275  274  275  277  279  278  275
  270  263  261  264  270  278  282  282  277  2699999899998
999989999899998999989999899998999989999899998999989999899998  290
  288  286  284  282  279  277  276  276  277  278  279  278  275
  272  268  266  267  272  278  283  284  279  273  26499998
999989999899998999989999899998999989999899998999989999899998  289
  288  285  282  279  277  275  274  273  275  276  276  274  271
  269  266  264  263  265  272  278  281  280  276  27299998
9999899998999989999899998999989999899998999989999899998  289  289
  287  283  279  274  272  270  270  269  270  270  270  268  265
  262  259  256  255  255  261  265  270  272  272  27399998
99998999989999899998999989999899998999989999899998  286  287  286
  284  279  275  269  266  265  264  264  265  265  263  260  258
  255  251  249  245  243  245  247  251  253  257  26099998
99998999989999899998999989999899998999989999899998  281  281  281
  278  274  270  266  262  261  260  260  260  259  257  254  251
  248  244  240  236  232  230  229  230  230  232  23699998
99998999989999899998999989999899998999989999899998  273  274  274
  272  269  266  264  260  258  258  257  256  255  252  248  245
  242  239  234  228  223  218  216  214  208  2009999899998
99998999989999899998999989999899998999989999899998  265  269  270
  268  265  263  261  259  257  256  255  254  252  249  245  242
  239  236  231  223  217  210  208  204  193  177  15899998
