sst_total_07_2016_moy.22
  286  284  281  278  276  274  269  264  259  254  251  249  247
  244  242  240  237  234  232  230  226  224  223  2229999899998
999989999899998999989999899998999989999899998999989999899998
  285  283  281  278  276  273  268  264  259  255  252  250  248
  245  243  241  239  236  233  229  225  220  218999989999899998
999989999899998999989999899998999989999899998999989999899998
  284  283  280  277  275  272  268  264  260  256  254  252  249
  247  244  242  241  238  234  228  220  213  208999989999899998
999989999899998999989999899998999989999899998999989999899998
  283  282  279  276  274  271  269  265  261  258  256  254  251
  249  246  244  242  239  234  225  214  20599998999989999899998
999989999899998999989999899998999989999899998999989999899998
  284  281  278  276  273  271  269  266  263  260  258  255  253
  250  247  244  243  240  235  226  217  20999998999989999899998
999989999899998999989999899998999989999899998999989999899998
  284  282  279  276  273  271  269  266  264  261  259  256  254
  252  250  247  246  244  238  234  231  22799998999989999899998
999989999899998999989999899998999989999899998999989999899998
  285  283  281  278  275  272  269  266  263  261  259  258  257
  255  255  254  253  249  246  246  249  25199998999989999899998
999989999899998999989999899998999989999899998999989999899998
  285  284  283  280  277  274  271  267  264  262  262  262  262
  261  262  262  261  258  256  259  265  27099998999989999899998
999989999899998999989999899998999989999899998999989999899998
  286  286  285  283  280  277  274  271  268  266  265  266  267
  269  270  270  269  267  267  270  276  27999998999989999899998
999989999899998999989999899998999989999899998999989999899998
  288  288  288  287  285  283  279  277  274  271  271  272  273
  274  276  276  276  274  275  276  280  281  281999989999899998
999989999899998999989999899998999989999899998999989999899998
  290  291  291  291  290  289  286  282  279  277  276  277  278
  279  280  280  280  280  279  280  281  282  281  2819999899998
999989999899998999989999899998999989999899998999989999899998
99998  293  293  294  294  292  289  286  283  281  280  280  281
  282  283  282  282  282  282  282  281  281  281  280  27799998
999989999899998999989999899998999989999899998999989999899998
99998999989999899998  293  291  288  286  284  283  282  282  281
  281  282  282  283  282  282  280  279  277  276  275  272  269
  266  263  263  264  268  270  273  274  275999989999899998
9999899998999989999899998  288  284  283  282  282  282  281  280
  279  278  278  278  277  275  273  271  269  267  263  261  259
  259  260  263  266  267  269  271  272  272999989999899998
9999899998999989999899998  284  281  280  280  280  280  279  278
  275  273  273  273  270  266  263  260  258  255  250  247  245
  247  252  258  260  260  260  262  263  264999989999899998
999989999899998999989999899998  280  279  278  279  279  278  276
  273  271  270  270  266  261  257  254  252  248  244  241  239
  239  244  249  250  248  247  248  250  250999989999899998
9999899998999989999899998999989999899998  279  279  278  277  276
  274  273  272  271  267  263  260  256  254  251  249  245  242
  241  243  245  243  239  237  239  240  239999989999899998
9999899998999989999899998999989999899998999989999899998  277  275
  275  275  275  273  271  269  266  263  260  258  256  253  249
  247  246  245  241  236  235  236  237  236  2309999899998
999989999899998999989999899998999989999899998999989999899998  274
  275  275  274  273  272  272  269  266  263  261  259  256  253
  250  248  245  241  237  236  236  236  235  231  22699998
999989999899998999989999899998999989999899998999989999899998  270
  273  273  271  270  270  268  266  263  260  258  256  254  251
  248  245  241  238  235  235  234  234  232  229  22699998
9999899998999989999899998999989999899998999989999899998  265  269
  270  269  266  264  263  261  258  255  253  251  250  248  246
  242  238  234  231  229  230  228  227  226  224  22499998
99998999989999899998999989999899998999989999899998  262  264  267
  267  265  261  258  255  253  250  248  245  243  242  240  237
  233  230  227  224  222  222  220  218  215  212  21199998
99998999989999899998999989999899998999989999899998  258  261  264
  263  261  257  253  249  245  243  240  238  236  234  232  229
  226  223  220  218  215  213  212  208  200  196  19499998
99998999989999899998999989999899998999989999899998  252  256  258
  259  257  253  249  244  240  237  234  232  230  228  226  224
  221  218  216  213  210  207  205  199  189  1789999899998
99998999989999899998999989999899998999989999899998  247  252  255
  255  255  251  247  242  238  234  231  228  227  224  223  221
  219  216  214  210  208  205  203  196  182  165  14799998
