sst_total_01_2015_moy.22
  234  233  232  231  229  227  225  222  220  218  216  214  212
  209  206  203  202  200  198  197  194  191  189  1869999899998
999989999899998999989999899998999989999899998999989999899998
  242  241  239  237  235  234  231  229  226  224  222  220  219
  216  213  210  209  206  204  200  196  192  190999989999899998
999989999899998999989999899998999989999899998999989999899998
  251  249  247  245  244  242  240  237  235  233  231  229  226
  223  221  219  217  214  209  203  196  190  188999989999899998
999989999899998999989999899998999989999899998999989999899998
  259  257  254  252  250  248  246  244  241  239  236  234  231
  229  227  225  223  219  212  203  193  18799998999989999899998
999989999899998999989999899998999989999899998999989999899998
  264  261  259  257  255  253  251  249  246  243  240  237  234
  233  230  227  225  221  213  204  194  18899998999989999899998
999989999899998999989999899998999989999899998999989999899998
  266  264  261  260  258  257  255  252  250  246  242  240  237
  235  232  228  226  223  216  208  198  19299998999989999899998
999989999899998999989999899998999989999899998999989999899998
  268  266  264  263  262  261  258  255  252  249  246  244  241
  238  234  231  228  225  221  215  205  19799998999989999899998
999989999899998999989999899998999989999899998999989999899998
  272  270  268  266  265  263  261  258  255  253  251  249  246
  243  239  236  232  231  228  223  212  20399998999989999899998
999989999899998999989999899998999989999899998999989999899998
  275  274  272  269  267  265  263  260  258  256  255  253  252
  250  246  242  239  239  238  234  225  21999998999989999899998
999989999899998999989999899998999989999899998999989999899998
  278  276  274  271  268  267  266  263  261  259  258  258  259
  258  256  251  249  249  251  249  244  243  251999989999899998
999989999899998999989999899998999989999899998999989999899998
  278  276  275  272  269  268  268  267  265  263  262  263  265
  266  264  262  259  260  264  265  265  266  271  2809999899998
999989999899998999989999899998999989999899998999989999899998
99998  275  274  272  270  270  269  269  269  268  266  268  271
  272  272  270  270  271  276  279  281  282  286  289  29199998
999989999899998999989999899998999989999899998999989999899998
99998999989999899998  272  272  271  272  272  271  270  272  274
  276  276  276  277  280  284  287  289  289  291  292  292  291
  288  285  283  283  285  287  288  289  289999989999899998
9999899998999989999899998  274  274  273  273  273  273  274  276
  277  278  279  282  286  289  291  290  288  287  288  289  287
  284  281  280  281  284  287  288  289  290999989999899998
9999899998999989999899998  276  275  274  274  273  274  274  276
  277  279  280  285  288  290  290  287  280  279  281  281  281
  277  275  274  276  280  284  287  289  289999989999899998
999989999899998999989999899998  276  275  274  273  273  274  275
  277  279  281  285  287  286  283  278  271  270  272  273  273
  270  267  266  269  275  281  285  287  287999989999899998
9999899998999989999899998999989999899998  273  273  273  274  275
  276  278  280  281  282  279  275  270  265  264  266  267  267
  265  262  261  263  269  276  282  284  284999989999899998
9999899998999989999899998999989999899998999989999899998  275  275
  276  276  277  276  275  272  268  265  261  260  261  263  263
  261  258  257  258  264  273  279  282  283  2819999899998
999989999899998999989999899998999989999899998999989999899998  276
  275  274  273  269  268  266  264  261  260  259  258  258  259
  258  255  252  253  259  267  273  279  281  281  27899998
999989999899998999989999899998999989999899998999989999899998  277
  275  272  269  264  261  261  261  259  258  257  255  254  253
  252  249  246  246  250  258  266  273  277  279  27999998
9999899998999989999899998999989999899998999989999899998  277  278
  275  271  265  260  257  256  257  257  257  255  252  249  249
  247  243  240  239  240  247  255  264  270  273  27499998
99998999989999899998999989999899998999989999899998  278  278  277
  275  270  262  257  253  252  253  255  254  252  248  246  245
  243  239  236  233  233  236  243  251  257  260  26199998
99998999989999899998999989999899998999989999899998  277  277  276
  274  269  262  256  251  249  251  252  252  250  247  245  244
  242  239  235  231  228  228  230  236  239  242  24599998
99998999989999899998999989999899998999989999899998  275  276  275
  273  270  265  257  250  248  248  250  251  249  247  246  245
  242  240  235  231  226  222  221  223  222  2199999899998
99998999989999899998999989999899998999989999899998  272  275  274
  274  271  267  261  251  248  247  249  250  249  249  248  247
  245  242  237  232  227  218  215  216  213  204  19399998
