sst_total_10_2014_moy.22
  273  274  274  274  274  274  273  272  272  270  268  266  263
  260  257  255  253  251  249  247  245  240  236  2329999899998
999989999899998999989999899998999989999899998999989999899998
  279  279  278  278  277  277  276  275  274  273  271  269  267
  264  261  259  257  255  252  248  243  237  232999989999899998
999989999899998999989999899998999989999899998999989999899998
  284  284  284  283  282  281  280  278  277  276  274  272  270
  267  265  262  261  259  255  247  237  229  224999989999899998
999989999899998999989999899998999989999899998999989999899998
  287  288  287  286  285  283  281  279  278  276  275  273  271
  269  267  264  263  262  257  247  234  22299998999989999899998
999989999899998999989999899998999989999899998999989999899998
  289  289  288  287  285  283  281  279  277  276  274  272  271
  269  268  266  265  265  261  252  241  22999998999989999899998
999989999899998999989999899998999989999899998999989999899998
  288  288  287  286  285  282  279  277  276  275  274  273  272
  271  270  270  269  269  268  265  260  25599998999989999899998
999989999899998999989999899998999989999899998999989999899998
  287  286  286  285  284  281  278  277  276  275  275  274  274
  274  275  275  276  276  277  279  280  28199998999989999899998
999989999899998999989999899998999989999899998999989999899998
  286  286  286  285  283  282  280  278  277  277  276  277  277
  278  280  282  283  284  286  289  292  29599998999989999899998
999989999899998999989999899998999989999899998999989999899998
  287  288  287  286  285  284  284  282  281  280  279  279  280
  282  285  286  288  289  291  293  295  29699998999989999899998
999989999899998999989999899998999989999899998999989999899998
  289  289  288  288  288  288  288  288  287  285  283  282  283
  285  288  290  291  292  293  293  293  292  289999989999899998
999989999899998999989999899998999989999899998999989999899998
  290  289  288  289  289  290  291  292  292  289  286  284  284
  287  289  292  292  292  291  290  289  288  285  2829999899998
999989999899998999989999899998999989999899998999989999899998
99998  289  287  287  288  289  291  292  292  290  287  285  285
  287  289  291  291  290  287  285  284  283  282  281  28099998
999989999899998999989999899998999989999899998999989999899998
99998999989999899998  284  285  286  288  289  288  285  283  283
  284  286  286  286  285  282  279  278  278  278  278  277  275
  272  270  270  271  274  277  278  279  279999989999899998
9999899998999989999899998  279  280  281  283  283  281  280  279
  279  279  280  280  278  275  272  271  272  272  271  270  269
  268  268  269  271  273  275  275  276  276999989999899998
9999899998999989999899998  274  275  276  276  276  277  275  274
  272  272  273  273  270  267  265  264  265  264  262  260  259
  259  261  263  266  268  270  270  271  270999989999899998
999989999899998999989999899998  273  273  272  272  272  271  270
  268  268  268  268  265  262  260  258  257  257  254  251  250
  250  252  255  258  260  261  263  265  265999989999899998
9999899998999989999899998999989999899998  272  271  270  269  268
  266  266  266  265  263  260  257  255  253  251  249  246  245
  245  245  247  249  251  253  256  259  261999989999899998
9999899998999989999899998999989999899998999989999899998  270  269
  267  266  265  264  262  260  257  254  251  248  246  245  242
  242  241  241  241  241  244  248  252  256  2589999899998
999989999899998999989999899998999989999899998999989999899998  269
  268  266  264  262  261  260  257  254  249  246  245  242  240
  239  236  234  232  232  234  238  243  248  252  25499998
999989999899998999989999899998999989999899998999989999899998  269
  268  265  262  260  260  259  256  253  249  245  242  239  237
  234  230  226  223  221  223  226  231  238  244  24799998
9999899998999989999899998999989999899998999989999899998  268  267
  266  263  259  257  256  255  253  250  247  242  237  233  230
  226  221  216  212  210  211  213  218  225  233  23899998
99998999989999899998999989999899998999989999899998  266  266  265
  263  259  256  253  251  249  247  244  242  237  231  226  222
  216  211  206  202  199  198  199  203  209  216  22199998
99998999989999899998999989999899998999989999899998  262  261  259
  257  253  250  247  245  243  240  237  234  230  224  219  214
  208  202  198  193  189  188  188  190  193  198  20399998
99998999989999899998999989999899998999989999899998  254  254  252
  250  247  244  242  240  238  234  230  226  222  218  213  208
  203  198  193  188  184  182  181  182  180  1779999899998
99998999989999899998999989999899998999989999899998  248  248  246
  245  243  240  238  237  234  231  225  221  218  214  210  205
  201  196  191  186  182  180  179  179  175  166  15599998
