sst_total_08_2014_moy.22
  294  293  292  290  288  286  284  282  280  278  276  274  272
  269  266  263  260  255  251  247  243  230  219  2079999899998
999989999899998999989999899998999989999899998999989999899998
  293  293  291  289  287  285  283  280  278  276  274  272  269
  266  263  260  257  253  249  244  237  224  213999989999899998
999989999899998999989999899998999989999899998999989999899998
  292  291  290  288  285  283  280  277  275  272  270  268  266
  263  260  257  254  251  246  238  229  215  205999989999899998
999989999899998999989999899998999989999899998999989999899998
  289  288  287  285  282  280  278  274  272  269  267  264  262
  259  256  252  251  249  244  236  225  21299998999989999899998
999989999899998999989999899998999989999899998999989999899998
  286  285  284  282  280  277  275  272  269  266  264  261  258
  255  253  251  250  249  246  240  233  22699998999989999899998
999989999899998999989999899998999989999899998999989999899998
  284  283  281  279  277  275  272  269  267  265  262  259  257
  255  254  254  254  253  252  252  251  25099998999989999899998
999989999899998999989999899998999989999899998999989999899998
  282  281  279  277  275  273  269  267  264  263  261  260  258
  257  258  260  261  260  261  265  270  27499998999989999899998
999989999899998999989999899998999989999899998999989999899998
  281  281  279  277  275  273  270  267  265  264  264  264  263
  263  265  268  269  268  269  274  280  28599998999989999899998
999989999899998999989999899998999989999899998999989999899998
  282  282  281  279  277  277  275  273  270  268  268  269  268
  269  272  275  274  273  274  277  281  28499998999989999899998
999989999899998999989999899998999989999899998999989999899998
  283  282  281  280  281  282  283  282  279  276  274  273  272
  273  275  277  277  276  276  277  279  279  279999989999899998
999989999899998999989999899998999989999899998999989999899998
  282  281  280  280  283  285  289  289  287  283  280  275  273
  274  275  277  277  277  276  275  276  276  277  2769999899998
999989999899998999989999899998999989999899998999989999899998
99998  278  278  279  281  284  288  290  289  286  282  276  273
  272  273  275  277  277  275  273  273  275  275  276  27599998
999989999899998999989999899998999989999899998999989999899998
99998999989999899998  276  278  281  284  285  284  281  276  272
  270  270  273  274  274  271  269  270  272  272  273  271  269
  262  258  254  251  253  257  261  266  268999989999899998
9999899998999989999899998  271  273  276  278  279  278  275  271
  268  267  269  270  267  263  261  263  266  265  263  261  260
  260  261  262  262  261  261  264  267  269999989999899998
9999899998999989999899998  265  267  269  271  272  273  272  269
  267  265  266  264  259  254  252  254  255  254  249  246  245
  251  258  263  265  264  262  262  263  264999989999899998
999989999899998999989999899998  264  264  265  266  268  269  268
  266  265  264  260  254  248  246  247  247  244  238  234  233
  242  250  257  259  258  255  253  254  253999989999899998
9999899998999989999899998999989999899998  261  263  265  268  268
  267  266  265  261  254  247  245  246  244  240  235  232  232
  239  246  251  251  248  245  244  243  241999989999899998
9999899998999989999899998999989999899998999989999899998  267  268
  268  268  266  262  257  251  249  249  247  243  240  238  237
  240  244  246  245  240  237  237  237  234  2279999899998
999989999899998999989999899998999989999899998999989999899998  269
  268  268  266  263  259  256  255  254  252  249  246  243  242
  241  241  241  238  233  230  231  231  229  223  21899998
999989999899998999989999899998999989999899998999989999899998  269
  269  267  265  261  259  257  256  255  254  251  248  245  243
  240  237  234  230  226  224  223  223  221  219  21699998
9999899998999989999899998999989999899998999989999899998  268  269
  268  265  261  257  255  253  252  251  249  247  244  241  238
  233  228  224  221  218  216  214  211  210  210  21199998
99998999989999899998999989999899998999989999899998  265  267  267
  265  262  257  253  248  246  245  244  242  239  235  232  227
  221  217  213  210  209  206  202  198  196  197  19899998
99998999989999899998999989999899998999989999899998  262  263  262
  259  256  251  246  241  238  236  235  233  230  225  220  213
  208  204  202  201  199  196  192  188  183  182  18499998
99998999989999899998999989999899998999989999899998  256  256  255
  252  249  245  241  235  231  228  226  224  221  216  210  203
  198  195  195  195  193  190  186  181  174  1679999899998
99998999989999899998999989999899998999989999899998  251  251  249
  247  244  241  237  232  227  222  220  218  215  210  204  196
  192  189  191  192  191  188  185  180  171  159  14799998
