sst_total_09_2017_moy.22
  287  286  284  282  280  279  279  278  277  275  272  268  265
  261  258  254  253  252  249  246  242  235  228  2239999899998
999989999899998999989999899998999989999899998999989999899998
  289  287  285  283  281  280  279  278  276  274  272  268  265
  262  259  256  256  254  250  245  237  228  222999989999899998
999989999899998999989999899998999989999899998999989999899998
  289  287  286  284  282  280  279  278  276  273  271  267  265
  262  260  258  257  256  251  242  230  219  210999989999899998
999989999899998999989999899998999989999899998999989999899998
  288  287  285  284  282  281  280  278  275  273  270  268  265
  264  262  259  258  258  252  241  226  21399998999989999899998
999989999899998999989999899998999989999899998999989999899998
  288  287  286  284  282  281  279  277  275  273  270  269  268
  266  264  262  260  259  255  247  235  22499998999989999899998
999989999899998999989999899998999989999899998999989999899998
  288  287  286  284  283  281  279  277  276  274  273  272  271
  269  267  266  265  264  262  260  256  25299998999989999899998
999989999899998999989999899998999989999899998999989999899998
  289  288  287  285  284  282  280  278  276  276  275  275  275
  274  274  273  272  271  272  274  277  27999998999989999899998
999989999899998999989999899998999989999899998999989999899998
  291  291  290  288  287  285  283  280  279  277  277  278  278
  279  280  280  280  279  279  284  287  28999998999989999899998
999989999899998999989999899998999989999899998999989999899998
  293  294  293  292  291  290  287  284  281  280  279  279  279
  280  282  284  284  283  283  285  287  28899998999989999899998
999989999899998999989999899998999989999899998999989999899998
  296  296  296  295  294  294  293  289  285  282  281  280  280
  280  282  284  285  284  283  282  283  283  281999989999899998
999989999899998999989999899998999989999899998999989999899998
  296  296  295  294  295  296  295  292  288  285  283  281  280
  279  279  282  283  283  281  280  279  279  279  2789999899998
999989999899998999989999899998999989999899998999989999899998
99998  294  292  291  291  292  293  292  291  288  286  282  279
  277  277  278  280  281  280  278  277  277  277  277  27699998
999989999899998999989999899998999989999899998999989999899998
99998999989999899998  284  285  286  288  289  288  286  281  277
  274  273  274  278  278  276  274  274  274  274  274  273  269
  263  259  258  258  260  263  265  267  269999989999899998
9999899998999989999899998  277  279  281  283  283  282  279  274
  270  268  271  273  272  269  267  267  268  268  267  265  263
  260  260  260  261  263  264  265  267  268999989999899998
9999899998999989999899998  273  274  275  276  276  276  274  271
  267  265  267  267  264  260  259  258  259  258  257  254  252
  252  254  257  259  260  261  262  263  264999989999899998
999989999899998999989999899998  271  271  270  269  269  269  267
  265  265  266  264  259  255  253  253  252  251  248  245  243
  243  245  248  250  251  252  254  255  256999989999899998
9999899998999989999899998999989999899998  266  266  267  267  266
  265  265  265  262  257  253  251  250  249  247  244  242  240
  238  239  240  240  241  242  245  247  248999989999899998
9999899998999989999899998999989999899998999989999899998  266  266
  265  265  264  262  258  255  252  251  248  247  245  244  241
  238  237  236  235  234  235  238  240  242  2419999899998
999989999899998999989999899998999989999899998999989999899998  265
  264  263  260  259  258  256  255  253  251  248  247  245  243
  240  237  234  231  229  229  231  233  235  235  23599998
999989999899998999989999899998999989999899998999989999899998  263
  261  258  255  254  253  254  255  254  252  249  246  243  241
  239  234  230  227  225  223  222  224  225  227  22999998
9999899998999989999899998999989999899998999989999899998  259  259
  256  252  249  247  247  248  250  251  249  245  241  238  236
  234  229  224  220  218  214  210  210  213  217  22099998
99998999989999899998999989999899998999989999899998  259  257  255
  251  246  243  241  239  239  241  243  242  238  234  231  229
  226  221  216  212  208  203  198  194  197  201  20599998
99998999989999899998999989999899998999989999899998  255  252  249
  245  241  238  236  233  232  232  233  233  230  226  223  221
  219  215  210  205  199  193  187  182  179  182  18699998
99998999989999899998999989999899998999989999899998  247  245  243
  240  236  234  231  229  227  225  225  224  221  219  217  216
  215  212  207  200  193  187  181  174  167  1619999899998
99998999989999899998999989999899998999989999899998  242  241  238
  235  234  232  230  227  222  220  220  218  215  214  214  214
  214  212  206  199  191  184  179  172  162  149  13499998
