sst_total_11_2017_moy.22
  265  260  256  253  250  247  243  240  238  237  237  237  237
  237  238  239  239  238  236  234  232  230  227  2249999899998
999989999899998999989999899998999989999899998999989999899998
  269  265  262  259  256  254  250  247  245  244  244  244  245
  244  244  243  244  243  241  238  233  230  227999989999899998
999989999899998999989999899998999989999899998999989999899998
  276  273  270  267  264  261  259  256  254  253  253  254  254
  252  250  249  249  249  246  241  232  226  224999989999899998
999989999899998999989999899998999989999899998999989999899998
  280  278  276  273  270  268  265  263  261  261  261  262  261
  259  256  254  253  253  249  241  231  22299998999989999899998
999989999899998999989999899998999989999899998999989999899998
  282  281  279  276  274  272  269  268  267  267  267  267  265
  263  260  257  255  255  253  246  237  22899998999989999899998
999989999899998999989999899998999989999899998999989999899998
  283  282  280  278  276  274  273  272  272  272  271  270  268
  266  263  261  260  259  259  257  253  25199998999989999899998
999989999899998999989999899998999989999899998999989999899998
  285  283  281  279  277  276  275  275  275  275  275  273  271
  268  267  266  265  265  267  270  272  27499998999989999899998
999989999899998999989999899998999989999899998999989999899998
  287  285  282  280  279  278  278  277  277  277  277  275  273
  271  271  270  270  271  275  281  285  28999998999989999899998
999989999899998999989999899998999989999899998999989999899998
  289  287  285  283  281  280  280  279  278  277  277  276  275
  275  275  275  276  277  281  288  293  29799998999989999899998
999989999899998999989999899998999989999899998999989999899998
  290  289  287  285  284  284  283  281  279  278  278  277  277
  278  279  279  279  280  285  290  295  298  300999989999899998
999989999899998999989999899998999989999899998999989999899998
  290  289  288  286  286  286  284  283  281  280  279  279  279
  281  281  282  281  282  285  289  293  296  297  2969999899998
999989999899998999989999899998999989999899998999989999899998
99998  288  287  286  285  286  285  284  282  281  280  280  280
  281  282  283  282  282  283  286  289  291  293  291  29199998
999989999899998999989999899998999989999899998999989999899998
99998999989999899998  286  285  284  284  283  282  280  279  278
  278  280  281  280  280  281  282  283  284  286  285  285  284
  283  284  284  284  284  287  290  295  302999989999899998
9999899998999989999899998  286  284  284  283  282  279  278  275
  275  275  277  277  277  278  277  277  277  277  276  276  276
  277  278  279  280  281  284  288  293  298999989999899998
9999899998999989999899998  287  286  285  283  281  278  275  272
  270  270  271  273  274  274  273  271  270  268  266  265  265
  266  268  270  273  274  278  282  287  293999989999899998
999989999899998999989999899998  290  287  285  281  278  274  270
  267  266  266  270  271  271  270  268  265  261  259  257  256
  256  258  261  264  266  270  275  281  284999989999899998
9999899998999989999899998999989999899998  286  282  278  273  269
  267  264  264  268  269  269  268  266  262  259  256  254  253
  251  252  253  255  258  263  269  275  278999989999899998
9999899998999989999899998999989999899998999989999899998  273  270
  268  266  264  265  267  267  266  264  261  258  255  253  251
  248  246  245  246  249  254  262  269  272  2699999899998
999989999899998999989999899998999989999899998999989999899998  271
  270  267  264  263  264  264  263  261  258  256  253  251  248
  245  241  238  237  238  244  253  260  265  264  26099998
999989999899998999989999899998999989999899998999989999899998  271
  270  267  264  261  261  261  260  259  256  253  250  247  245
  242  237  231  228  228  233  241  249  255  257  25699998
9999899998999989999899998999989999899998999989999899998  270  270
  269  266  261  260  259  258  257  256  255  250  246  242  240
  237  231  225  220  219  222  228  235  242  247  24999998
99998999989999899998999989999899998999989999899998  268  268  268
  265  262  257  256  254  253  252  253  251  247  243  238  235
  230  224  217  212  209  211  214  218  225  231  23499998
99998999989999899998999989999899998999989999899998  266  265  263
  260  256  252  250  247  246  245  245  246  244  240  234  229
  222  216  209  204  200  200  201  203  205  209  21399998
99998999989999899998999989999899998999989999899998  259  259  257
  254  250  247  244  240  239  239  239  241  241  238  232  225
  217  209  203  197  193  192  192  191  188  1839999899998
99998999989999899998999989999899998999989999899998  254  254  253
  251  247  244  239  235  234  234  234  236  239  237  231  223
  213  204  198  194  190  187  187  185  178  166  15099998
