sst_total_08_2015_moy.22
  291  291  290  288  286  285  284  282  280  277  275  271  268
  266  263  261  259  255  252  248  246  241  237  2339999899998
999989999899998999989999899998999989999899998999989999899998
  291  291  289  287  285  283  282  280  278  275  273  270  267
  264  262  259  257  254  251  246  241  235  231999989999899998
999989999899998999989999899998999989999899998999989999899998
  290  289  287  285  283  281  279  277  274  272  270  268  266
  263  260  258  256  253  249  243  235  227  223999989999899998
999989999899998999989999899998999989999899998999989999899998
  289  287  285  283  280  278  277  274  272  270  268  266  264
  261  259  256  255  254  250  243  234  22599998999989999899998
999989999899998999989999899998999989999899998999989999899998
  287  285  283  280  278  276  274  272  270  269  267  265  263
  261  258  258  257  257  256  251  246  24099998999989999899998
999989999899998999989999899998999989999899998999989999899998
  286  284  281  278  276  274  272  271  269  268  267  265  263
  261  261  262  263  263  264  265  266  26699998999989999899998
999989999899998999989999899998999989999899998999989999899998
  285  283  281  278  276  273  271  270  269  268  267  266  264
  263  265  268  271  271  273  278  284  28999998999989999899998
999989999899998999989999899998999989999899998999989999899998
  284  283  282  279  277  274  272  271  270  270  270  269  267
  268  270  274  278  278  280  286  293  29799998999989999899998
999989999899998999989999899998999989999899998999989999899998
  285  284  283  281  279  278  277  275  274  274  274  273  273
  274  276  279  281  282  284  287  292  29499998999989999899998
999989999899998999989999899998999989999899998999989999899998
  284  283  283  282  282  283  283  282  280  279  279  278  278
  279  281  282  283  283  283  285  287  287  287999989999899998
999989999899998999989999899998999989999899998999989999899998
  282  282  281  282  284  286  288  287  285  283  281  281  281
  282  282  283  282  281  281  281  281  283  284  2849999899998
999989999899998999989999899998999989999899998999989999899998
99998  278  279  280  282  285  287  286  285  283  282  281  281
  281  282  282  281  279  277  275  275  278  280  281  28199998
999989999899998999989999899998999989999899998999989999899998
99998999989999899998  279  281  282  282  282  281  280  279  279
  278  278  279  277  274  270  267  268  271  272  273  272  270
  265  261  258  257  262  266  271  274  274999989999899998
9999899998999989999899998  276  276  276  277  277  276  276  275
  274  273  274  272  266  260  257  259  261  262  260  259  258
  257  256  256  257  260  263  266  268  268999989999899998
9999899998999989999899998  274  273  273  273  273  273  272  271
  270  269  270  266  259  251  247  248  249  248  244  242  241
  242  245  248  251  253  255  256  256  256999989999899998
999989999899998999989999899998  275  273  271  270  269  270  268
  267  267  267  263  254  246  242  242  241  238  233  230  228
  229  232  235  238  240  241  242  242  240999989999899998
9999899998999989999899998999989999899998  270  269  268  268  267
  267  267  268  264  255  247  243  242  241  237  233  229  227
  226  227  228  228  229  230  231  230  226999989999899998
9999899998999989999899998999989999899998999989999899998  266  266
  267  269  269  265  258  252  249  247  245  241  237  234  231
  230  229  229  227  226  226  226  225  219  2099999899998
999989999899998999989999899998999989999899998999989999899998  266
  267  268  267  264  260  256  253  252  249  246  241  238  235
  233  232  231  230  228  225  224  222  215  204  19399998
999989999899998999989999899998999989999899998999989999899998  265
  266  265  263  260  257  255  254  253  250  245  241  237  234
  232  231  230  228  226  223  221  216  209  200  19099998
9999899998999989999899998999989999899998999989999899998  262  264
  264  262  258  255  252  250  249  248  245  240  235  231  228
  227  225  223  221  220  216  213  207  199  191  18599998
99998999989999899998999989999899998999989999899998  258  260  262
  261  258  253  249  245  243  242  240  237  232  225  221  219
  217  215  213  211  210  206  202  195  186  179  17399998
99998999989999899998999989999899998999989999899998  256  257  257
  255  252  247  242  238  235  233  232  228  222  215  211  209
  208  206  203  201  198  195  192  184  174  166  16099998
99998999989999899998999989999899998999989999899998  250  251  251
  248  245  241  237  232  229  227  225  220  214  209  205  203
  201  199  197  194  190  188  185  178  165  1529999899998
99998999989999899998999989999899998999989999899998  246  247  246
  244  240  237  234  230  226  223  221  215  209  205  202  199
  198  196  195  191  187  185  183  177  164  145  12699998
