sst_total_12_2017_moy.22
  247  245  244  242  241  239  236  232  229  227  226  228  228
  227  227  224  221  216  212  209  207  206  204  2029999899998
999989999899998999989999899998999989999899998999989999899998
  254  251  249  248  247  245  242  239  236  235  235  236  236
  235  233  231  226  220  215  210  206  203  203999989999899998
999989999899998999989999899998999989999899998999989999899998
  261  259  257  256  254  253  251  248  246  245  245  246  246
  243  241  238  231  225  218  210  202  198  197999989999899998
999989999899998999989999899998999989999899998999989999899998
  267  266  265  263  261  260  258  256  255  254  254  254  253
  250  246  242  234  227  219  208  198  19299998999989999899998
999989999899998999989999899998999989999899998999989999899998
  271  271  270  268  267  265  264  262  261  260  259  258  256
  253  248  243  235  228  221  211  202  19599998999989999899998
999989999899998999989999899998999989999899998999989999899998
  274  274  273  272  272  271  270  268  266  264  262  260  258
  254  250  245  239  232  227  221  215  21199998999989999899998
999989999899998999989999899998999989999899998999989999899998
  276  276  276  276  276  276  274  273  271  268  265  263  260
  256  251  247  242  238  236  234  232  23099998999989999899998
999989999899998999989999899998999989999899998999989999899998
  277  277  278  279  279  279  279  277  275  272  270  267  264
  260  255  251  248  245  245  247  246  24599998999989999899998
999989999899998999989999899998999989999899998999989999899998
  278  279  278  279  281  281  282  281  279  277  274  271  268
  265  262  257  254  253  256  259  261  26399998999989999899998
999989999899998999989999899998999989999899998999989999899998
  279  279  279  279  280  281  283  283  282  280  278  276  273
  271  268  265  262  262  266  271  275  280  287999989999899998
999989999899998999989999899998999989999899998999989999899998
  279  278  277  277  278  280  282  283  283  282  281  279  277
  275  272  270  269  270  274  281  286  290  295  2999999899998
999989999899998999989999899998999989999899998999989999899998
99998  276  275  274  275  277  280  282  283  284  283  281  279
  277  274  272  273  275  279  284  289  292  295  298  29999998
999989999899998999989999899998999989999899998999989999899998
99998999989999899998  275  276  279  281  283  285  284  283  280
  276  274  273  274  276  278  281  284  287  290  292  293  293
  292  292  292  291  290  289  287  287  289999989999899998
9999899998999989999899998  276  277  279  281  283  284  282  279
  275  273  273  274  274  274  274  274  276  280  283  285  285
  286  287  289  289  288  286  286  287  287999989999899998
9999899998999989999899998  277  277  277  278  279  280  279  276
  274  272  273  274  272  269  266  264  266  268  272  274  275
  277  279  281  281  281  281  282  284  285999989999899998
999989999899998999989999899998  277  275  274  274  276  276  275
  272  272  273  273  271  266  262  259  259  260  263  265  266
  267  269  271  272  273  274  277  279  278999989999899998
9999899998999989999899998999989999899998  270  271  273  274  274
  273  273  274  274  271  266  262  259  257  257  259  260  260
  260  261  262  263  264  267  272  275  272999989999899998
9999899998999989999899998999989999899998999989999899998  274  275
  275  274  274  273  271  268  264  260  257  256  255  256  255
  254  253  253  254  256  261  268  272  269  2619999899998
999989999899998999989999899998999989999899998999989999899998  275
  275  274  273  271  270  268  265  261  257  254  252  250  249
  247  245  244  244  246  253  262  268  267  262  25599998
999989999899998999989999899998999989999899998999989999899998  275
  276  274  271  269  267  265  263  259  255  251  248  244  242
  239  236  234  233  235  242  252  260  264  263  26199998
9999899998999989999899998999989999899998999989999899998  273  276
  276  273  269  266  262  260  258  255  251  247  242  238  235
  231  228  225  223  223  229  238  248  256  260  26299998
99998999989999899998999989999899998999989999899998  270  273  275
  275  271  266  261  258  254  251  248  245  241  237  232  228
  224  221  219  215  214  217  224  233  241  247  25099998
99998999989999899998999989999899998999989999899998  270  271  272
  271  267  262  257  253  249  245  242  240  236  232  227  223
  219  216  213  209  207  207  211  217  222  226  23199998
99998999989999899998999989999899998999989999899998  266  267  267
  266  263  259  254  249  245  240  237  235  232  228  224  220
  216  213  210  206  203  201  202  205  204  2019999899998
99998999989999899998999989999899998999989999899998  261  263  264
  262  259  256  252  247  242  238  234  233  229  225  222  218
  216  212  208  204  201  197  197  197  193  185  17599998
