sst_total_08_2016_moy.22
  295  293  291  287  284  281  278  275  272  269  266  262  258
  255  251  249  246  242  239  236  235  233  230  2299999899998
999989999899998999989999899998999989999899998999989999899998
  293  292  290  287  283  281  278  275  272  268  266  262  259
  255  252  249  247  243  240  236  231  228  226999989999899998
999989999899998999989999899998999989999899998999989999899998
  291  290  288  285  282  280  277  274  270  268  265  262  259
  255  252  250  247  245  241  234  226  220  218999989999899998
999989999899998999989999899998999989999899998999989999899998
  289  288  286  284  281  278  276  273  270  267  265  262  259
  256  253  250  249  248  243  235  225  21699998999989999899998
999989999899998999989999899998999989999899998999989999899998
  287  286  284  282  280  277  275  273  270  267  265  262  260
  257  255  253  253  252  249  242  235  22899998999989999899998
999989999899998999989999899998999989999899998999989999899998
  285  285  283  281  279  277  274  272  270  268  266  263  262
  260  260  259  260  259  257  255  254  25199998999989999899998
999989999899998999989999899998999989999899998999989999899998
  285  285  283  282  279  276  273  271  269  268  267  266  265
  265  266  267  268  266  266  268  272  27499998999989999899998
999989999899998999989999899998999989999899998999989999899998
  286  286  285  283  281  278  274  272  270  269  269  271  271
  272  274  275  275  273  273  277  281  28499998999989999899998
999989999899998999989999899998999989999899998999989999899998
  288  288  288  286  284  282  279  276  274  274  274  276  278
  279  280  281  279  277  277  279  282  28399998999989999899998
999989999899998999989999899998999989999899998999989999899998
  290  290  291  290  289  289  286  284  281  279  279  281  283
  284  285  284  281  278  278  279  279  279  278999989999899998
999989999899998999989999899998999989999899998999989999899998
  290  292  292  292  293  294  293  291  288  286  284  284  285
  286  285  284  281  279  278  277  277  277  277  2769999899998
999989999899998999989999899998999989999899998999989999899998
99998  291  292  293  294  295  295  294  292  289  286  284  284
  283  283  281  280  279  277  276  275  276  276  275  27499998
999989999899998999989999899998999989999899998999989999899998
99998999989999899998  292  292  291  291  290  288  285  283  280
  278  277  277  277  276  273  271  271  272  272  271  269  267
  263  258  255  254  258  261  266  270  271999989999899998
9999899998999989999899998  285  284  283  283  283  281  279  276
  273  271  271  271  269  265  263  263  264  263  261  260  260
  260  259  259  259  260  262  265  268  269999989999899998
9999899998999989999899998  280  277  276  276  276  276  275  272
  268  266  266  265  261  257  254  253  252  250  248  247  248
  251  254  256  258  258  259  260  261  262999989999899998
999989999899998999989999899998  273  271  269  270  271  272  269
  266  264  264  262  257  252  248  246  245  241  239  238  239
  242  245  248  248  249  249  249  250  250999989999899998
9999899998999989999899998999989999899998  265  266  268  269  269
  267  266  266  263  258  252  248  246  243  240  238  237  237
  239  241  241  239  238  239  240  241  241999989999899998
9999899998999989999899998999989999899998999989999899998  268  268
  268  268  268  266  262  257  253  250  246  244  242  241  241
  241  241  239  237  234  234  236  237  238  2339999899998
999989999899998999989999899998999989999899998999989999899998  267
  267  268  268  267  264  261  257  253  250  248  246  245  244
  242  242  239  237  234  233  233  235  234  229  22499998
999989999899998999989999899998999989999899998999989999899998  265
  266  266  265  264  263  260  258  254  251  248  246  245  244
  243  241  238  235  232  230  230  229  227  224  22099998
9999899998999989999899998999989999899998999989999899998  263  264
  264  263  260  259  257  255  253  251  247  244  242  241  240
  239  236  233  230  228  226  223  220  215  213  21199998
99998999989999899998999989999899998999989999899998  262  262  262
  261  258  255  253  250  247  246  243  241  238  236  234  233
  232  229  226  223  220  217  213  207  200  198  19799998
99998999989999899998999989999899998999989999899998  260  260  258
  255  253  249  246  242  240  238  236  234  232  229  227  226
  224  221  217  213  210  206  201  194  187  184  18499998
99998999989999899998999989999899998999989999899998  256  255  253
  249  247  244  241  237  234  232  231  229  226  224  221  219
  217  214  210  205  200  195  191  186  178  1719999899998
99998999989999899998999989999899998999989999899998  252  251  248
  246  243  241  239  235  232  229  228  226  223  220  218  216
  213  210  206  201  194  190  187  183  175  164  15399998
