sst_total_03_2016_moy.22
  225  225  225  223  221  219  217  215  213  213  211  210  209
  207  205  204  203  200  198  195  193  190  186  1849999899998
999989999899998999989999899998999989999899998999989999899998
  236  234  232  230  228  227  225  222  221  220  218  217  215
  213  210  208  207  204  201  197  193  188  185999989999899998
999989999899998999989999899998999989999899998999989999899998
  246  245  243  240  238  237  235  233  231  230  229  226  224
  220  217  214  211  208  204  198  191  186  182999989999899998
999989999899998999989999899998999989999899998999989999899998
  254  253  250  248  247  245  244  242  240  238  236  234  230
  226  222  217  214  210  205  197  188  18199998999989999899998
999989999899998999989999899998999989999899998999989999899998
  259  257  255  253  252  251  250  248  246  244  242  239  235
  229  224  219  216  212  206  197  187  17899998999989999899998
999989999899998999989999899998999989999899998999989999899998
  262  260  258  257  256  255  253  252  249  247  245  241  237
  231  226  222  219  216  210  201  190  18299998999989999899998
999989999899998999989999899998999989999899998999989999899998
  265  263  262  260  258  257  255  253  250  248  245  242  238
  234  230  227  225  223  217  208  196  18799998999989999899998
999989999899998999989999899998999989999899998999989999899998
  267  266  266  264  261  259  257  254  252  249  246  244  241
  238  236  235  234  231  226  216  204  19399998999989999899998
999989999899998999989999899998999989999899998999989999899998
  270  270  269  267  265  262  260  257  254  252  250  249  247
  245  244  244  243  241  237  228  216  20899998999989999899998
999989999899998999989999899998999989999899998999989999899998
  272  272  272  271  268  266  264  262  259  257  256  256  254
  253  253  253  252  251  249  243  235  232  240999989999899998
999989999899998999989999899998999989999899998999989999899998
  272  273  274  274  272  271  270  268  266  265  264  263  261
  261  261  261  261  262  263  261  259  258  265  2749999899998
999989999899998999989999899998999989999899998999989999899998
99998  273  275  276  276  276  274  274  273  272  271  269  268
  268  268  269  270  273  275  278  280  282  285  288  28999998
999989999899998999989999899998999989999899998999989999899998
99998999989999899998  279  279  278  277  277  276  275  274  273
  274  274  276  278  281  285  288  291  293  295  295  293  291
  287  286  283  281  280  282  286  291  298999989999899998
9999899998999989999899998  281  280  279  279  278  278  277  277
  278  280  281  283  286  288  291  292  293  295  296  294  291
  288  287  288  287  287  289  292  296  301999989999899998
9999899998999989999899998  281  281  281  281  280  279  280  281
  282  283  284  286  288  290  290  289  288  290  291  290  289
  288  287  289  290  290  293  295  297  299999989999899998
999989999899998999989999899998  280  281  282  282  282  282  284
  285  287  288  288  289  290  289  287  285  285  286  285  284
  284  285  286  288  290  292  294  296  296999989999899998
9999899998999989999899998999989999899998  282  282  283  285  286
  288  289  290  290  290  291  290  288  285  284  282  282  282
  282  282  283  285  286  289  292  294  295999989999899998
9999899998999989999899998999989999899998999989999899998  286  287
  289  290  290  290  290  290  289  288  285  283  281  281  281
  280  280  280  281  282  286  290  293  294  2939999899998
999989999899998999989999899998999989999899998999989999899998  287
  288  289  289  288  287  287  287  286  284  283  281  280  279
  278  277  276  275  276  280  285  290  293  293  29199998
999989999899998999989999899998999989999899998999989999899998  286
  287  287  286  284  283  282  281  281  281  280  278  277  275
  274  272  270  268  268  271  277  282  288  291  29399998
9999899998999989999899998999989999899998999989999899998  285  286
  286  284  282  280  278  276  276  275  276  275  273  272  270
  269  266  263  260  259  261  266  272  280  287  29199998
99998999989999899998999989999899998999989999899998  288  288  287
  285  283  280  275  273  271  269  269  269  269  268  267  266
  263  260  257  253  252  252  254  260  268  275  28099998
99998999989999899998999989999899998999989999899998  289  290  289
  286  281  278  274  270  267  266  265  265  264  263  262  261
  258  255  252  248  246  245  245  248  253  258  26299998
99998999989999899998999989999899998999989999899998  289  290  289
  285  281  278  273  269  266  264  263  262  262  261  259  257
  255  252  248  245  242  240  239  239  237  2349999899998
99998999989999899998999989999899998999989999899998  289  291  290
  285  280  278  274  270  266  264  262  262  262  260  258  256
  254  251  247  243  240  237  235  232  226  216  20399998
