sst_total_09_2015_moy.22
  293  293  292  290  288  286  285  283  282  280  279  278  277
  276  275  273  272  270  264  258  251  245  238  2349999899998
999989999899998999989999899998999989999899998999989999899998
  296  295  294  292  290  288  287  285  283  281  280  278  277
  275  273  271  270  269  264  257  248  239  233999989999899998
999989999899998999989999899998999989999899998999989999899998
  298  297  296  294  292  290  288  286  284  281  279  277  275
  272  270  269  268  267  262  254  242  232  224999989999899998
999989999899998999989999899998999989999899998999989999899998
  298  298  296  295  292  291  289  286  283  280  278  275  273
  270  268  266  265  265  261  253  240  22999998999989999899998
999989999899998999989999899998999989999899998999989999899998
  298  297  295  293  291  290  287  284  281  278  276  273  271
  269  267  266  265  265  263  257  249  24199998999989999899998
999989999899998999989999899998999989999899998999989999899998
  296  295  294  291  289  287  285  282  279  277  276  273  272
  270  269  269  269  268  268  268  268  26799998999989999899998
999989999899998999989999899998999989999899998999989999899998
  296  294  293  290  288  286  283  281  279  277  277  276  274
  275  275  276  275  273  275  279  284  28999998999989999899998
999989999899998999989999899998999989999899998999989999899998
  295  294  293  291  288  286  284  282  281  280  279  279  279
  280  282  283  281  279  280  284  290  29499998999989999899998
999989999899998999989999899998999989999899998999989999899998
  295  295  294  292  290  288  287  285  284  283  283  283  283
  283  285  286  283  282  282  284  288  28999998999989999899998
999989999899998999989999899998999989999899998999989999899998
  296  295  295  293  292  291  291  290  288  287  287  286  286
  286  285  285  284  282  282  282  284  283  281999989999899998
999989999899998999989999899998999989999899998999989999899998
  295  294  293  292  292  293  293  292  291  289  289  289  288
  286  284  283  282  282  281  281  280  280  279  2789999899998
999989999899998999989999899998999989999899998999989999899998
99998  291  290  289  289  289  291  291  291  290  290  289  288
  286  282  281  281  282  281  280  278  277  277  276  27599998
999989999899998999989999899998999989999899998999989999899998
99998999989999899998  284  284  284  286  287  288  288  287  286
  283  280  279  280  280  278  277  275  273  272  272  271  268
  264  260  258  258  262  265  268  270  271999989999899998
9999899998999989999899998  277  277  278  280  282  283  283  281
  277  274  274  275  275  273  271  269  266  263  263  262  261
  259  259  260  261  263  265  267  268  268999989999899998
9999899998999989999899998  272  271  272  273  275  277  277  275
  271  269  268  269  267  265  263  262  257  252  250  249  248
  250  253  256  259  260  260  261  261  261999989999899998
999989999899998999989999899998  268  267  267  269  270  271  270
  267  265  264  264  261  258  257  255  249  244  240  238  237
  239  243  247  250  250  250  251  251  251999989999899998
9999899998999989999899998999989999899998  264  266  268  269  268
  265  264  262  261  258  254  252  250  245  241  237  235  233
  233  236  238  239  238  238  239  241  240999989999899998
9999899998999989999899998999989999899998999989999899998  268  267
  265  264  262  260  257  254  251  249  245  241  239  236  233
  232  233  234  232  230  230  231  232  230  2239999899998
999989999899998999989999899998999989999899998999989999899998  267
  266  264  261  259  257  255  252  249  246  242  239  236  233
  232  231  231  228  225  223  224  224  222  217  21099998
999989999899998999989999899998999989999899998999989999899998  266
  265  263  260  257  255  253  252  249  246  242  238  234  232
  231  228  227  225  221  218  217  217  214  212  20999998
9999899998999989999899998999989999899998999989999899998  265  265
  263  260  256  254  251  249  248  247  244  238  233  229  226
  225  222  220  218  216  212  208  207  208  209  20999998
99998999989999899998999989999899998999989999899998  264  263  263
  260  256  252  249  245  242  241  240  237  232  226  221  218
  216  213  210  208  205  201  197  196  198  203  20699998
99998999989999899998999989999899998999989999899998  260  260  259
  255  251  247  242  238  235  232  231  228  224  219  214  211
  208  205  202  198  194  191  187  186  188  192  19899998
99998999989999899998999989999899998999989999899998  255  255  253
  250  246  241  237  232  228  225  222  220  217  213  209  206
  202  199  196  192  187  184  182  182  180  1789999899998
99998999989999899998999989999899998999989999899998  250  252  250
  246  242  239  233  229  223  219  218  215  212  208  206  203
  200  197  193  188  184  181  180  181  178  171  16199998
