sst_total_11_2014_moy.22
  262  262  261  260  259  257  254  253  251  249  247  244  243
  240  239  237  235  233  231  230  229  228  226  2249999899998
999989999899998999989999899998999989999899998999989999899998
  268  268  267  266  264  262  260  258  256  254  252  251  249
  246  244  242  241  239  237  234  230  227  226999989999899998
999989999899998999989999899998999989999899998999989999899998
  276  275  274  273  271  268  267  264  262  260  259  258  256
  253  250  247  247  245  243  237  229  223  221999989999899998
999989999899998999989999899998999989999899998999989999899998
  280  280  279  278  276  273  271  269  266  265  264  262  259
  257  254  251  250  249  246  237  225  21699998999989999899998
999989999899998999989999899998999989999899998999989999899998
  282  283  282  280  278  276  273  270  269  267  266  264  261
  259  255  253  252  252  248  240  228  21899998999989999899998
999989999899998999989999899998999989999899998999989999899998
  283  283  282  280  279  276  274  271  270  269  267  265  262
  259  257  256  256  255  253  248  241  23699998999989999899998
999989999899998999989999899998999989999899998999989999899998
  284  283  282  281  279  277  274  272  271  270  269  267  264
  262  260  260  261  261  260  259  257  25599998999989999899998
999989999899998999989999899998999989999899998999989999899998
  286  284  283  281  280  279  276  274  273  272  271  270  267
  265  265  266  267  268  269  270  269  26799998999989999899998
999989999899998999989999899998999989999899998999989999899998
  287  286  284  282  281  281  280  278  275  274  273  271  270
  270  271  272  274  275  277  278  277  27699998999989999899998
999989999899998999989999899998999989999899998999989999899998
  288  286  285  283  283  283  283  281  278  275  274  273  272
  273  275  276  278  280  283  283  282  279  278999989999899998
999989999899998999989999899998999989999899998999989999899998
  288  286  284  283  283  284  284  283  281  278  276  275  275
  277  278  280  281  283  285  284  283  280  277  2789999899998
999989999899998999989999899998999989999899998999989999899998
99998  285  283  282  281  283  284  284  282  280  278  277  277
  279  280  281  282  284  284  283  280  277  276  276  27899998
999989999899998999989999899998999989999899998999989999899998
99998999989999899998  281  281  282  282  281  280  278  277  277
  277  279  280  281  282  281  279  275  273  272  273  275  275
  277  278  280  282  285  287  287  288  288999989999899998
9999899998999989999899998  280  279  279  278  277  276  276  274
  275  275  277  278  278  276  273  269  266  265  267  267  267
  268  268  270  274  277  281  282  284  284999989999899998
9999899998999989999899998  279  277  275  274  273  273  273  272
  271  272  273  273  272  269  265  262  260  259  258  257  256
  254  254  258  262  267  272  276  277  279999989999899998
999989999899998999989999899998  275  272  270  269  270  271  270
  269  269  270  269  267  263  260  256  254  253  250  248  246
  242  242  245  251  257  263  269  272  273999989999899998
9999899998999989999899998999989999899998  266  268  269  271  270
  269  268  268  266  263  259  255  253  251  250  248  245  242
  237  234  236  241  247  256  263  268  270999989999899998
9999899998999989999899998999989999899998999989999899998  272  272
  270  269  267  264  260  256  253  251  249  248  247  245  241
  236  232  230  232  239  248  257  264  268  2679999899998
999989999899998999989999899998999989999899998999989999899998  273
  272  269  266  261  257  254  250  249  247  246  244  242  239
  235  231  227  226  230  239  249  258  264  266  26599998
999989999899998999989999899998999989999899998999989999899998  273
  272  268  264  259  255  251  248  247  245  243  239  236  234
  231  228  223  219  218  228  239  250  259  266  26899998
9999899998999989999899998999989999899998999989999899998  272  272
  270  267  261  257  252  247  245  244  242  237  232  229  227
  225  221  216  205  201  215  226  239  251  262  26999998
99998999989999899998999989999899998999989999899998  270  271  270
  267  263  258  253  248  243  240  239  236  231  225  220  218
  216  212  207  199  195  204  214  225  239  251  25999998
99998999989999899998999989999899998999989999899998  268  267  266
  262  258  254  249  243  237  234  233  230  225  219  214  211
  208  206  201  196  193  197  204  212  222  232  24099998
99998999989999899998999989999899998999989999899998  261  261  259
  256  252  249  244  238  234  231  228  224  220  216  211  208
  205  202  199  195  192  193  197  203  205  2059999899998
99998999989999899998999989999899998999989999899998  255  255  254
  251  248  245  240  235  232  229  225  221  218  214  211  207
  204  202  199  195  192  192  195  198  196  188  17699998
