sst_total_06_2015_moy.22
  259  260  259  258  257  256  256  255  253  250  246  241  237
  232  228  225  223  221  219  217  215  210  206  2029999899998
999989999899998999989999899998999989999899998999989999899998
  262  263  262  261  259  258  257  255  253  250  246  243  239
  236  232  229  227  225  222  219  215  209  205999989999899998
999989999899998999989999899998999989999899998999989999899998
  267  266  265  263  262  259  258  256  253  249  246  244  242
  238  235  232  231  227  223  218  211  205  203999989999899998
999989999899998999989999899998999989999899998999989999899998
  271  269  267  264  262  260  257  254  251  249  246  244  242
  239  236  232  230  228  223  215  206  19999998999989999899998
999989999899998999989999899998999989999899998999989999899998
  273  270  268  265  261  259  256  252  250  248  245  242  240
  237  233  230  229  227  222  215  206  20099998999989999899998
999989999899998999989999899998999989999899998999989999899998
  275  272  268  265  261  257  255  252  250  247  244  241  239
  235  233  231  229  227  224  220  217  21599998999989999899998
999989999899998999989999899998999989999899998999989999899998
  276  272  269  265  261  258  255  253  251  249  246  243  239
  237  236  236  235  232  231  233  237  24099998999989999899998
999989999899998999989999899998999989999899998999989999899998
  275  273  270  266  262  259  258  256  254  253  250  247  244
  243  244  245  244  242  243  249  259  26799998999989999899998
999989999899998999989999899998999989999899998999989999899998
  275  274  272  268  265  263  262  262  260  258  256  255  252
  253  255  256  256  254  257  266  277  28899998999989999899998
999989999899998999989999899998999989999899998999989999899998
  276  275  274  272  270  269  268  267  266  265  263  264  263
  264  266  268  267  266  270  277  288  296  302999989999899998
999989999899998999989999899998999989999899998999989999899998
  277  277  277  276  275  274  274  273  272  271  270  271  272
  274  276  278  277  277  279  283  290  296  299  2989999899998
999989999899998999989999899998999989999899998999989999899998
99998  278  279  279  279  278  277  276  276  275  274  276  279
  281  283  285  285  283  282  284  289  293  295  295  29399998
999989999899998999989999899998999989999899998999989999899998
99998999989999899998  280  280  278  278  278  277  277  279  282
  285  288  289  288  285  281  280  284  288  290  290  287  283
  278  275  274  275  275  277  279  283  285999989999899998
9999899998999989999899998  279  278  279  279  278  277  279  281
  284  286  288  286  281  277  274  275  278  281  281  277  273
  269  269  269  271  271  271  272  274  276999989999899998
9999899998999989999899998  277  279  280  279  279  278  278  279
  281  283  284  281  276  270  266  265  267  269  268  263  258
  256  258  261  262  262  262  260  260  260999989999899998
999989999899998999989999899998  281  281  280  279  278  278  278
  279  281  281  278  271  266  262  260  259  260  258  253  249
  248  251  254  255  254  252  249  246  243999989999899998
9999899998999989999899998999989999899998  281  280  279  279  280
  280  281  281  277  272  266  262  260  259  259  258  255  251
  252  254  256  255  253  250  246  242  236999989999899998
9999899998999989999899998999989999899998999989999899998  280  281
  282  282  281  278  274  269  266  265  264  263  263  263  259
  260  261  262  262  259  254  251  245  239  2339999899998
999989999899998999989999899998999989999899998999989999899998  282
  283  282  281  278  274  271  270  269  268  268  267  266  265
  264  263  263  262  261  259  255  250  243  238  23399998
999989999899998999989999899998999989999899998999989999899998  281
  282  281  278  275  271  270  269  269  269  268  266  265  265
  263  260  257  256  257  256  253  248  244  240  23899998
9999899998999989999899998999989999899998999989999899998  277  279
  279  276  273  269  266  265  264  265  266  264  261  260  259
  256  251  247  246  247  247  243  238  236  236  23899998
99998999989999899998999989999899998999989999899998  275  276  276
  274  271  267  263  260  258  257  258  259  256  254  252  252
  247  242  238  235  236  234  229  223  219  219  22399998
99998999989999899998999989999899998999989999899998  274  273  272
  268  265  261  258  255  252  251  251  250  248  245  242  241
  238  234  230  227  225  220  214  207  200  198  20299998
99998999989999899998999989999899998999989999899998  270  269  266
  263  259  256  254  251  248  247  246  243  239  236  233  232
  230  227  224  220  218  210  202  194  184  1779999899998
99998999989999899998999989999899998999989999899998  266  265  263
  259  256  254  251  248  247  245  243  239  234  230  227  225
  224  223  221  218  214  205  196  187  175  163  15199998
