sst_total_07_2017_moy.22
  275  272  270  267  266  264  262  260  257  254  251  248  245
  242  240  239  238  237  236  234  231  226  222  2199999899998
999989999899998999989999899998999989999899998999989999899998
  276  274  272  270  268  265  263  261  258  255  253  250  247
  245  243  241  241  239  238  234  230  223  218999989999899998
999989999899998999989999899998999989999899998999989999899998
  278  276  274  272  270  268  265  262  260  257  255  253  250
  247  245  244  243  242  238  232  225  216  210999989999899998
999989999899998999989999899998999989999899998999989999899998
  279  278  276  274  272  270  268  265  262  260  258  255  252
  250  248  247  246  243  238  230  221  21299998999989999899998
999989999899998999989999899998999989999899998999989999899998
  282  280  278  276  273  272  270  267  265  263  261  258  255
  252  251  249  248  245  239  232  226  21999998999989999899998
999989999899998999989999899998999989999899998999989999899998
  283  282  279  277  275  273  272  270  268  265  262  259  257
  255  254  254  252  248  243  241  241  24199998999989999899998
999989999899998999989999899998999989999899998999989999899998
  284  283  281  279  277  275  274  272  269  266  264  262  260
  258  259  260  259  255  251  252  259  26599998999989999899998
999989999899998999989999899998999989999899998999989999899998
  283  283  283  281  279  278  276  274  272  269  268  265  264
  264  265  267  267  263  260  264  272  28099998999989999899998
999989999899998999989999899998999989999899998999989999899998
  283  284  284  283  282  281  279  278  276  273  271  269  268
  269  271  273  273  270  268  271  279  28599998999989999899998
999989999899998999989999899998999989999899998999989999899998
  284  285  286  286  287  286  284  281  279  275  273  272  272
  273  275  276  276  274  273  274  279  283  285999989999899998
999989999899998999989999899998999989999899998999989999899998
  285  287  288  289  290  291  288  284  280  276  274  274  274
  276  277  278  277  275  273  273  275  278  281  2839999899998
999989999899998999989999899998999989999899998999989999899998
99998  287  289  291  293  292  289  286  281  277  275  274  275
  276  278  278  276  274  272  271  271  273  276  279  28199998
999989999899998999989999899998999989999899998999989999899998
99998999989999899998  292  291  287  284  280  278  276  275  275
  276  277  277  275  272  269  267  266  267  269  271  272  272
  271  268  267  266  268  271  275  279  283999989999899998
9999899998999989999899998  287  283  280  278  276  275  275  275
  274  274  275  271  267  262  259  258  258  258  257  257  258
  259  261  263  264  266  268  272  277  280999989999899998
9999899998999989999899998  284  280  277  276  274  274  274  274
  273  272  272  268  262  256  252  250  249  247  243  240  240
  242  248  253  256  256  258  263  267  270999989999899998
999989999899998999989999899998  277  275  273  273  272  273  273
  272  271  272  268  261  255  250  248  245  242  237  233  232
  232  236  241  243  242  243  248  252  255999989999899998
9999899998999989999899998999989999899998  272  271  271  272  271
  272  273  274  272  266  261  256  253  251  247  244  239  236
  234  236  237  236  232  233  236  239  240999989999899998
9999899998999989999899998999989999899998999989999899998  271  270
  272  274  275  274  271  268  264  261  258  255  252  249  245
  243  242  240  236  230  229  231  233  230  2219999899998
999989999899998999989999899998999989999899998999989999899998  269
  270  272  273  273  272  271  268  265  262  259  258  255  252
  249  246  242  237  230  227  228  228  224  215  20299998
999989999899998999989999899998999989999899998999989999899998  265
  267  268  267  268  268  266  265  262  260  259  257  255  253
  249  246  240  233  227  225  223  221  217  209  20099998
9999899998999989999899998999989999899998999989999899998  261  262
  263  262  261  260  259  259  257  256  254  253  252  250  247
  244  239  233  226  220  218  215  213  209  202  19699998
99998999989999899998999989999899998999989999899998  257  258  258
  258  256  253  252  250  249  248  247  246  245  244  242  239
  235  231  224  218  212  209  206  202  197  190  18599998
99998999989999899998999989999899998999989999899998  252  253  253
  252  250  247  245  243  241  239  238  237  236  235  233  230
  226  222  217  212  205  200  197  192  183  176  17299998
99998999989999899998999989999899998999989999899998  245  246  246
  246  244  242  240  237  234  232  230  229  228  227  226  224
  221  216  212  207  201  194  190  184  173  1619999899998
99998999989999899998999989999899998999989999899998  240  241  242
  241  241  238  237  234  230  228  225  223  222  221  221  220
  218  214  210  205  199  193  189  181  168  152  13699998
