sst_total_06_2014_moy.22
  259  258  255  253  251  249  248  247  246  244  242  239  237
  232  227  223  222  220  219  219  218  213  209  2049999899998
999989999899998999989999899998999989999899998999989999899998
  264  262  260  257  255  253  252  250  248  245  242  240  238
  234  229  226  224  222  221  220  217  211  206999989999899998
999989999899998999989999899998999989999899998999989999899998
  270  267  265  263  260  257  255  253  250  246  244  242  239
  235  231  228  227  225  223  218  212  205  201999989999899998
999989999899998999989999899998999989999899998999989999899998
  274  271  269  266  263  260  258  254  251  247  245  242  239
  236  232  229  228  226  222  215  205  19699998999989999899998
999989999899998999989999899998999989999899998999989999899998
  275  273  271  268  265  262  258  254  251  248  246  241  238
  235  232  230  229  228  222  214  204  19599998999989999899998
999989999899998999989999899998999989999899998999989999899998
  276  274  271  268  265  262  258  254  251  248  245  241  238
  236  235  234  233  231  226  220  215  21199998999989999899998
999989999899998999989999899998999989999899998999989999899998
  276  274  272  269  266  263  259  255  251  248  245  242  239
  238  239  240  240  237  234  233  235  23699998999989999899998
999989999899998999989999899998999989999899998999989999899998
  277  276  274  271  267  264  260  257  254  251  248  246  244
  244  246  248  247  245  244  249  257  26399998999989999899998
999989999899998999989999899998999989999899998999989999899998
  278  277  275  273  270  266  264  262  259  256  254  253  252
  253  255  256  256  254  256  263  274  28399998999989999899998
999989999899998999989999899998999989999899998999989999899998
  280  279  278  276  274  271  269  267  265  264  264  264  263
  263  264  266  265  264  267  274  283  290  295999989999899998
999989999899998999989999899998999989999899998999989999899998
  280  281  281  279  278  276  274  272  271  271  272  273  273
  273  273  274  274  274  277  281  287  291  292  2919999899998
999989999899998999989999899998999989999899998999989999899998
99998  281  282  282  282  281  278  276  276  276  277  278  280
  280  280  280  281  281  282  284  287  288  288  288  28899998
999989999899998999989999899998999989999899998999989999899998
99998999989999899998  284  283  281  280  279  279  279  281  283
  284  284  283  285  284  283  282  283  283  282  283  282  283
  284  285  284  284  284  285  286  291  294999989999899998
9999899998999989999899998  286  283  282  281  280  280  281  282
  282  282  283  283  281  278  275  273  271  271  272  272  274
  276  278  280  281  282  282  284  286  288999989999899998
9999899998999989999899998  287  286  284  282  281  281  281  280
  279  280  280  279  276  271  266  262  260  258  258  259  260
  263  266  269  271  273  275  275  276  276999989999899998
999989999899998999989999899998  288  285  283  281  281  281  280
  279  279  280  277  273  267  261  258  254  253  252  252  252
  253  255  257  260  263  265  266  264  260999989999899998
9999899998999989999899998999989999899998  282  282  281  281  282
  282  282  282  279  274  268  264  261  258  257  256  255  254
  254  253  254  256  258  260  261  258  253999989999899998
9999899998999989999899998999989999899998999989999899998  282  283
  283  284  284  282  277  272  269  268  266  265  265  264  262
  260  258  257  258  259  261  262  259  252  2439999899998
999989999899998999989999899998999989999899998999989999899998  282
  283  285  284  282  277  274  273  272  272  270  268  267  266
  264  259  256  255  258  261  262  259  250  240  23099998
999989999899998999989999899998999989999899998999989999899998  279
  282  283  280  277  274  272  271  270  271  269  266  264  264
  260  253  247  246  249  253  255  252  245  236  22899998
9999899998999989999899998999989999899998999989999899998  275  278
  279  277  272  267  265  264  264  264  264  262  259  258  257
  251  242  235  233  235  240  243  240  236  229  22499998
99998999989999899998999989999899998999989999899998  272  275  276
  274  269  262  257  255  255  256  256  256  253  250  249  248
  241  232  224  221  222  227  230  228  223  216  21299998
99998999989999899998999989999899998999989999899998  271  272  272
  268  263  256  251  248  247  248  248  247  245  242  240  238
  233  225  217  213  213  217  219  217  209  202  19899998
99998999989999899998999989999899998999989999899998  266  268  267
  263  257  252  248  244  243  243  242  240  237  235  233  231
  226  220  214  209  208  210  212  209  199  1869999899998
99998999989999899998999989999899998999989999899998  261  263  263
  260  255  251  245  242  242  242  239  236  233  231  229  227
  222  217  212  208  206  207  210  206  195  177  15999998
