sst_total_09_2014_moy.22
  291  290  289  287  286  286  286  285  284  283  281  280  278
  274  270  265  262  259  258  257  256  252  248  2439999899998
999989999899998999989999899998999989999899998999989999899998
  293  291  290  288  287  286  285  284  283  282  280  278  277
  273  269  265  263  260  258  256  252  245  241999989999899998
999989999899998999989999899998999989999899998999989999899998
  293  292  291  289  287  285  284  282  281  280  278  276  275
  271  268  265  263  261  258  252  244  236  230999989999899998
999989999899998999989999899998999989999899998999989999899998
  293  292  291  289  286  284  283  280  278  276  274  273  271
  269  267  264  263  262  259  251  240  23099998999989999899998
999989999899998999989999899998999989999899998999989999899998
  291  291  290  288  285  283  281  278  275  273  271  270  269
  267  266  266  265  265  262  257  249  24099998999989999899998
999989999899998999989999899998999989999899998999989999899998
  289  289  288  286  284  282  279  276  273  271  269  268  268
  268  268  269  270  270  270  269  267  26699998999989999899998
999989999899998999989999899998999989999899998999989999899998
  288  288  287  285  284  281  278  276  273  271  270  269  269
  271  273  276  277  277  279  281  285  28799998999989999899998
999989999899998999989999899998999989999899998999989999899998
  287  287  287  286  284  283  281  279  277  274  273  273  273
  275  278  281  283  283  284  288  291  29399998999989999899998
999989999899998999989999899998999989999899998999989999899998
  288  289  288  288  287  287  286  284  282  280  278  277  277
  279  282  284  285  286  286  287  289  28899998999989999899998
999989999899998999989999899998999989999899998999989999899998
  290  291  291  290  291  291  293  291  288  285  284  282  281
  282  283  285  286  285  285  284  284  282  279999989999899998
999989999899998999989999899998999989999899998999989999899998
  291  291  290  291  292  294  296  295  292  289  286  284  283
  283  283  284  284  284  283  281  279  278  277  2769999899998
999989999899998999989999899998999989999899998999989999899998
99998  290  289  288  289  290  292  293  292  289  286  284  282
  282  282  282  282  282  280  278  276  275  275  275  27499998
999989999899998999989999899998999989999899998999989999899998
99998999989999899998  283  284  284  286  286  285  283  281  279
  278  277  278  279  278  275  272  271  271  271  271  270  267
  261  258  257  257  260  263  266  269  270999989999899998
9999899998999989999899998  275  275  277  278  278  277  276  274
  271  271  273  273  271  267  264  263  263  263  263  261  259
  258  259  261  263  264  265  267  268  269999989999899998
9999899998999989999899998  269  269  270  271  271  271  270  269
  266  266  267  267  263  259  256  254  254  253  251  248  247
  250  255  260  263  264  263  263  263  263999989999899998
999989999899998999989999899998  266  266  266  266  267  267  265
  264  263  265  264  259  254  251  250  247  245  240  238  236
  240  246  253  257  256  255  255  255  254999989999899998
9999899998999989999899998999989999899998  265  265  266  266  265
  264  265  265  264  259  253  250  248  245  242  239  236  234
  236  240  245  246  244  243  245  246  244999989999899998
9999899998999989999899998999989999899998999989999899998  266  266
  266  267  268  266  261  256  251  249  246  245  243  241  238
  236  237  238  236  233  233  236  238  236  2319999899998
999989999899998999989999899998999989999899998999989999899998  267
  267  269  269  267  263  259  254  250  248  247  246  244  241
  237  234  230  226  223  225  228  229  229  226  22199998
999989999899998999989999899998999989999899998999989999899998  265
  266  267  267  266  263  259  255  251  250  247  245  243  240
  236  229  223  218  216  217  219  221  221  219  21799998
9999899998999989999899998999989999899998999989999899998  262  263
  263  263  263  261  259  256  253  251  248  244  241  239  236
  229  221  214  210  208  209  209  210  211  211  21099998
99998999989999899998999989999899998999989999899998  261  260  260
  258  257  256  256  254  250  248  246  244  239  235  231  228
  220  212  205  201  199  199  198  195  196  198  19899998
99998999989999899998999989999899998999989999899998  257  256  255
  253  251  249  249  248  245  242  239  236  232  228  223  218
  211  204  198  194  191  189  187  183  180  181  18399998
99998999989999899998999989999899998999989999899998  252  251  250
  247  245  243  243  243  240  235  231  228  225  221  217  212
  206  200  194  189  185  182  180  176  169  1639999899998
99998999989999899998999989999899998999989999899998  247  247  245
  243  241  240  240  241  234  229  226  223  219  216  213  209
  204  199  193  187  183  179  177  173  166  154  13999998
