sst_total_05_2014_moy.22
  237  237  235  233  233  232  232  231  230  228  227  225  222
  219  217  215  212  209  206  205  204  202  198  1959999899998
999989999899998999989999899998999989999899998999989999899998
  244  243  242  240  239  238  237  236  234  232  231  228  225
  222  220  218  216  214  212  209  206  202  199999989999899998
999989999899998999989999899998999989999899998999989999899998
  254  251  250  248  246  245  244  243  241  238  236  234  231
  227  224  222  221  219  216  212  206  201  198999989999899998
999989999899998999989999899998999989999899998999989999899998
  260  258  256  255  252  251  249  248  246  243  240  237  234
  231  228  225  224  222  219  212  203  19799998999989999899998
999989999899998999989999899998999989999899998999989999899998
  264  263  261  259  256  255  253  251  249  246  243  239  236
  232  229  227  226  225  220  211  200  19299998999989999899998
999989999899998999989999899998999989999899998999989999899998
  267  266  264  262  260  257  256  252  250  247  244  240  236
  233  231  229  229  228  222  214  202  19499998999989999899998
999989999899998999989999899998999989999899998999989999899998
  270  268  266  264  262  259  257  254  250  247  244  240  237
  235  234  234  235  233  227  219  211  20399998999989999899998
999989999899998999989999899998999989999899998999989999899998
  272  271  269  267  264  262  258  255  251  247  243  241  239
  239  240  242  242  239  234  228  222  21799998999989999899998
999989999899998999989999899998999989999899998999989999899998
  274  273  271  269  266  265  261  257  252  248  245  244  244
  246  248  251  249  246  243  240  238  23899998999989999899998
999989999899998999989999899998999989999899998999989999899998
  276  275  274  271  269  269  265  260  256  252  250  251  252
  254  256  259  257  255  255  255  257  259  264999989999899998
999989999899998999989999899998999989999899998999989999899998
  277  276  275  274  273  272  269  265  262  259  258  258  260
  262  264  266  266  266  267  270  274  276  279  2839999899998
999989999899998999989999899998999989999899998999989999899998
99998  276  276  275  275  275  273  270  267  266  265  266  267
  269  271  273  275  277  279  281  285  287  289  290  29299998
999989999899998999989999899998999989999899998999989999899998
99998999989999899998  277  277  276  274  273  272  272  272  273
  275  276  279  282  284  285  286  288  289  291  293  294  293
  293  293  292  293  295  295  296  297  297999989999899998
9999899998999989999899998  278  279  279  278  277  277  276  277
  278  280  282  285  286  287  286  285  286  289  291  292  290
  288  287  288  290  292  294  294  294  293999989999899998
9999899998999989999899998  280  281  282  282  282  281  280  280
  280  282  283  285  286  285  283  281  281  283  287  286  283
  280  279  281  284  287  289  289  288  287999989999899998
999989999899998999989999899998  282  284  284  284  283  283  283
  283  283  284  285  285  284  282  280  278  280  282  281  277
  272  271  273  276  280  283  284  282  280999989999899998
9999899998999989999899998999989999899998  284  284  284  285  285
  285  285  285  286  285  284  282  280  279  279  280  279  276
  271  269  270  273  277  281  283  281  279999989999899998
9999899998999989999899998999989999899998999989999899998  285  285
  285  286  286  286  286  284  282  280  279  279  279  279  277
  275  273  273  275  278  282  284  284  283  2799999899998
999989999899998999989999899998999989999899998999989999899998  284
  285  285  285  285  284  282  280  278  276  276  277  277  276
  277  276  276  277  278  281  283  285  284  280  27699998
999989999899998999989999899998999989999899998999989999899998  283
  284  284  283  282  282  279  276  272  270  269  271  272  272
  274  275  275  273  273  274  276  280  279  277  27599998
9999899998999989999899998999989999899998999989999899998  281  282
  282  281  279  277  276  274  271  267  263  261  262  264  264
  267  268  267  265  263  262  263  265  267  268  26999998
99998999989999899998999989999899998999989999899998  278  280  280
  280  278  275  272  270  268  265  261  258  255  254  254  255
  257  258  258  255  252  249  247  247  249  251  25399998
99998999989999899998999989999899998999989999899998  275  277  277
  276  274  271  268  265  262  260  257  254  250  248  247  247
  249  249  247  244  241  238  235  234  230  230  23299998
99998999989999899998999989999899998999989999899998  270  272  273
  272  270  267  265  262  259  257  254  250  247  244  242  241
  242  241  239  236  233  229  227  224  214  2049999899998
99998999989999899998999989999899998999989999899998  264  268  270
  270  267  265  263  260  258  254  251  248  245  241  238  237
  238  237  236  232  228  225  223  218  206  188  16799998
