sst_total_11_2016_moy.22
  254  256  256  256  256  256  253  250  246  243  241  240  239
  238  238  236  234  232  229  228  226  226  225  2249999899998
999989999899998999989999899998999989999899998999989999899998
  261  262  261  261  261  261  258  255  251  249  246  246  245
  244  242  240  238  236  233  230  226  224  224999989999899998
999989999899998999989999899998999989999899998999989999899998
  270  269  268  268  267  267  265  262  258  256  254  254  253
  251  248  244  242  240  236  230  222  219  219999989999899998
999989999899998999989999899998999989999899998999989999899998
  276  275  274  273  272  271  269  267  264  263  261  261  259
  257  253  249  245  242  238  229  219  21299998999989999899998
999989999899998999989999899998999989999899998999989999899998
  281  279  278  276  274  273  272  270  269  267  267  266  265
  262  257  252  248  244  240  233  224  21699998999989999899998
999989999899998999989999899998999989999899998999989999899998
  285  282  280  278  276  275  274  273  272  272  271  271  269
  266  262  258  253  250  248  245  241  23899998999989999899998
999989999899998999989999899998999989999899998999989999899998
  287  285  282  280  278  277  277  276  276  276  275  275  273
  270  267  265  262  258  258  260  261  26299998999989999899998
999989999899998999989999899998999989999899998999989999899998
  290  288  285  282  281  280  280  280  280  280  279  278  277
  275  273  272  270  268  270  274  276  27999998999989999899998
999989999899998999989999899998999989999899998999989999899998
  292  289  287  284  283  283  284  284  282  282  282  281  280
  279  279  278  278  277  279  283  287  28999998999989999899998
999989999899998999989999899998999989999899998999989999899998
  293  290  288  286  286  286  288  287  285  284  283  283  282
  283  283  283  283  284  286  289  292  293  293999989999899998
999989999899998999989999899998999989999899998999989999899998
  292  289  287  286  287  288  289  289  288  286  285  284  284
  285  286  287  286  287  289  291  293  294  293  2929999899998
999989999899998999989999899998999989999899998999989999899998
99998  288  286  286  286  287  289  289  288  287  285  284  284
  285  286  287  288  288  289  290  291  291  292  291  29299998
999989999899998999989999899998999989999899998999989999899998
99998999989999899998  284  285  285  286  285  285  284  283  282
  282  284  285  286  286  286  285  286  286  287  288  289  291
  295  299  302  302  301  299  297  295  294999989999899998
9999899998999989999899998  281  280  281  281  282  281  281  279
  279  279  281  281  280  279  278  277  278  279  281  283  284
  288  291  293  294  293  292  290  290  289999989999899998
9999899998999989999899998  278  276  276  276  277  277  278  276
  275  275  276  275  274  271  269  268  268  269  271  273  274
  276  279  281  282  282  282  282  283  284999989999899998
999989999899998999989999899998  274  272  272  273  274  275  274
  273  272  272  270  268  266  263  261  260  261  263  264  265
  264  266  269  270  270  272  275  279  280999989999899998
9999899998999989999899998999989999899998  270  271  272  273  273
  272  271  270  268  265  262  259  257  257  257  258  259  259
  257  257  257  259  261  266  272  277  280999989999899998
9999899998999989999899998999989999899998999989999899998  271  272
  271  271  269  266  263  260  258  256  255  254  254  255  253
  250  248  248  248  251  258  266  275  280  2809999899998
999989999899998999989999899998999989999899998999989999899998  271
  271  270  268  265  261  259  256  254  252  251  250  249  247
  243  240  238  238  240  247  256  266  274  277  27799998
999989999899998999989999899998999989999899998999989999899998  271
  271  269  266  262  259  256  254  252  250  247  244  241  239
  237  234  230  229  229  234  241  251  262  270  27599998
9999899998999989999899998999989999899998999989999899998  269  271
  271  269  264  260  256  252  250  248  246  242  237  234  232
  231  227  223  221  220  221  225  234  246  259  26999998
99998999989999899998999989999899998999989999899998  268  270  271
  269  267  262  257  251  247  244  243  240  236  231  227  225
  223  220  216  213  211  209  211  217  228  241  25299998
99998999989999899998999989999899998999989999899998  268  269  269
  266  263  260  254  248  242  238  236  234  230  225  221  219
  216  213  210  206  203  200  200  203  208  218  22799998
99998999989999899998999989999899998999989999899998  264  265  264
  262  259  257  252  246  240  236  232  229  226  222  219  215
  211  208  205  201  198  194  192  192  191  1899999899998
99998999989999899998999989999899998999989999899998  260  261  260
  259  256  255  251  246  241  237  232  227  223  221  218  214
  210  206  202  198  194  191  190  186  180  170  15599998
