sst_total_09_2016_moy.22
  289  287  284  281  278  275  274  272  271  269  267  264  261
  258  255  252  251  250  248  247  245  240  235  2309999899998
999989999899998999989999899998999989999899998999989999899998
  291  288  286  283  279  276  274  272  271  270  268  265  262
  258  254  251  250  249  248  245  240  233  228999989999899998
999989999899998999989999899998999989999899998999989999899998
  292  290  288  284  281  278  275  273  272  270  268  265  262
  258  253  249  248  247  247  242  232  224  217999989999899998
999989999899998999989999899998999989999899998999989999899998
  292  291  288  285  282  279  277  274  272  270  268  266  263
  257  252  247  246  247  246  240  229  21999998999989999899998
999989999899998999989999899998999989999899998999989999899998
  292  291  289  285  283  280  278  275  273  271  269  267  265
  259  252  247  247  249  250  247  239  23199998999989999899998
999989999899998999989999899998999989999899998999989999899998
  293  291  289  286  283  281  278  276  274  273  271  270  269
  264  258  254  255  256  259  261  260  25899998999989999899998
999989999899998999989999899998999989999899998999989999899998
  294  292  290  287  285  282  279  277  275  275  274  274  273
  271  268  266  266  267  270  276  280  28399998999989999899998
999989999899998999989999899998999989999899998999989999899998
  295  294  292  290  287  284  281  278  277  277  277  278  278
  278  278  277  277  277  279  284  288  29199998999989999899998
999989999899998999989999899998999989999899998999989999899998
  295  295  294  292  289  287  284  281  280  280  280  281  282
  282  283  284  283  282  282  285  287  28899998999989999899998
999989999899998999989999899998999989999899998999989999899998
  296  296  295  294  292  291  289  286  284  283  284  284  285
  285  285  285  285  283  283  282  282  281  279999989999899998
999989999899998999989999899998999989999899998999989999899998
  293  294  293  293  292  292  292  290  288  287  287  287  287
  286  285  285  284  284  282  280  277  276  276  2769999899998
999989999899998999989999899998999989999899998999989999899998
99998  291  290  289  289  289  290  290  291  290  289  288  287
  285  284  284  284  283  281  278  275  273  273  275  27699998
999989999899998999989999899998999989999899998999989999899998
99998999989999899998  284  284  285  287  289  290  289  287  285
  282  281  280  281  280  278  274  271  270  270  271  272  270
  265  261  260  260  264  268  270  273  273999989999899998
9999899998999989999899998  277  279  281  284  285  285  284  280
  276  274  274  274  273  271  267  265  264  263  263  263  263
  262  261  262  263  266  268  270  272  273999989999899998
9999899998999989999899998  274  274  275  276  277  278  277  274
  270  267  266  266  264  262  260  257  256  254  252  251  251
  252  255  258  261  262  264  266  267  269999989999899998
999989999899998999989999899998  270  270  269  270  271  271  269
  265  263  262  261  258  256  255  253  250  247  244  241  241
  242  246  250  252  252  254  257  259  261999989999899998
9999899998999989999899998999989999899998  265  265  267  267  266
  263  262  261  260  257  254  253  251  247  244  241  239  238
  238  240  242  242  242  243  246  250  252999989999899998
9999899998999989999899998999989999899998999989999899998  266  266
  264  263  262  262  259  257  254  252  248  245  243  241  239
  237  237  237  235  234  235  238  242  244  2439999899998
999989999899998999989999899998999989999899998999989999899998  266
  266  265  263  262  260  258  255  252  249  246  244  242  240
  238  235  233  230  228  229  231  234  236  236  23599998
999989999899998999989999899998999989999899998999989999899998  266
  265  264  261  260  258  256  254  251  249  245  242  240  239
  237  232  229  225  223  222  222  225  226  229  23099998
9999899998999989999899998999989999899998999989999899998  265  265
  263  260  257  255  252  250  249  248  245  241  237  236  234
  232  227  222  218  215  213  210  211  215  220  22399998
99998999989999899998999989999899998999989999899998  265  263  262
  258  255  252  248  245  243  242  241  240  235  231  228  227
  224  221  215  211  206  201  196  195  199  205  20999998
99998999989999899998999989999899998999989999899998  260  258  256
  253  249  246  243  239  236  235  234  233  229  225  222  219
  218  215  210  203  196  190  184  182  183  187  19299998
99998999989999899998999989999899998999989999899998  253  252  250
  246  243  240  238  235  232  230  228  227  224  220  217  214
  213  211  205  198  190  182  177  174  170  1669999899998
99998999989999899998999989999899998999989999899998  247  247  244
  241  239  238  236  233  229  227  227  224  220  216  214  212
  211  209  203  195  186  178  174  171  165  155  14299998
