sst_total_10_2015_moy.22
  273  273  272  271  269  268  267  266  265  264  264  264  263
  262  260  259  259  257  256  255  252  246  241  2369999899998
999989999899998999989999899998999989999899998999989999899998
  280  279  277  276  275  274  272  271  269  268  267  267  266
  265  263  262  261  261  259  256  250  244  239999989999899998
999989999899998999989999899998999989999899998999989999899998
  286  285  284  283  282  280  278  276  275  273  272  270  269
  267  266  265  265  264  262  255  246  238  233999989999899998
999989999899998999989999899998999989999899998999989999899998
  291  290  288  287  286  285  283  280  278  276  274  273  271
  269  268  266  267  267  264  255  243  23399998999989999899998
999989999899998999989999899998999989999899998999989999899998
  294  293  291  289  288  287  284  281  279  277  276  274  272
  270  268  267  268  269  267  260  250  24099998999989999899998
999989999899998999989999899998999989999899998999989999899998
  295  294  292  290  288  286  284  281  280  278  277  275  274
  272  270  270  271  272  272  270  267  26499998999989999899998
999989999899998999989999899998999989999899998999989999899998
  296  294  292  290  288  286  284  282  281  280  280  278  277
  275  275  275  275  276  278  282  285  28699998999989999899998
999989999899998999989999899998999989999899998999989999899998
  296  294  293  291  288  287  285  284  283  283  282  281  280
  280  280  280  280  281  284  289  294  29899998999989999899998
999989999899998999989999899998999989999899998999989999899998
  296  295  294  292  290  289  288  288  286  285  284  284  284
  284  284  284  284  285  288  293  296  29899998999989999899998
999989999899998999989999899998999989999899998999989999899998
  296  295  294  293  292  292  292  292  290  289  287  286  286
  286  286  286  287  289  291  294  295  296  294999989999899998
999989999899998999989999899998999989999899998999989999899998
  294  293  292  291  291  292  294  294  294  292  290  287  286
  287  287  288  289  290  291  292  293  293  291  2919999899998
999989999899998999989999899998999989999899998999989999899998
99998  290  288  288  288  289  292  293  293  292  290  287  286
  286  287  288  289  289  288  288  288  288  288  288  28899998
999989999899998999989999899998999989999899998999989999899998
99998999989999899998  283  284  286  289  290  290  288  285  284
  284  285  286  287  286  283  282  282  283  284  284  284  282
  278  275  274  273  276  278  280  280  281999989999899998
9999899998999989999899998  278  280  283  285  285  284  282  280
  279  280  282  283  281  277  274  274  275  276  276  276  275
  273  272  272  272  274  275  276  278  278999989999899998
9999899998999989999899998  275  277  278  278  279  279  277  275
  273  274  277  277  273  269  266  266  267  267  266  265  264
  263  264  266  267  268  270  271  272  273999989999899998
999989999899998999989999899998  275  276  275  274  273  272  270
  269  270  273  272  267  262  260  259  258  257  256  254  252
  253  255  257  259  260  262  264  266  266999989999899998
9999899998999989999899998999989999899998  273  272  270  269  267
  266  267  269  268  263  259  255  252  252  251  250  247  246
  246  247  248  250  251  253  256  260  262999989999899998
9999899998999989999899998999989999899998999989999899998  269  268
  266  266  266  264  260  256  252  248  247  246  245  244  242
  241  241  242  243  243  244  248  253  257  2609999899998
999989999899998999989999899998999989999899998999989999899998  268
  267  265  263  261  257  253  249  246  244  242  241  239  238
  237  236  236  235  235  236  239  245  252  257  26299998
999989999899998999989999899998999989999899998999989999899998  269
  267  264  260  256  253  251  247  245  242  238  236  234  232
  232  230  229  228  227  228  229  235  242  251  25699998
9999899998999989999899998999989999899998999989999899998  269  268
  266  261  256  251  248  246  244  242  239  234  230  227  225
  224  222  220  219  218  217  218  223  231  240  24799998
99998999989999899998999989999899998999989999899998  270  269  267
  264  258  253  248  244  241  239  237  234  229  224  219  217
  214  212  210  208  207  206  205  208  214  222  22899998
99998999989999899998999989999899998999989999899998  267  266  264
  260  255  249  244  241  237  234  231  228  223  218  214  210
  207  204  202  200  198  196  195  194  196  201  20799998
99998999989999899998999989999899998999989999899998  262  262  259
  255  251  247  242  238  235  230  226  222  218  214  210  207
  204  200  197  195  192  189  187  185  182  1789999899998
99998999989999899998999989999899998999989999899998  257  257  255
  253  250  246  242  238  234  230  223  219  216  212  209  206
  203  198  195  192  190  187  184  181  175  166  15499998
