sst_total_10_2017_moy.22
  263  267  269  269  269  268  265  263  261  259  257  256  255
  254  252  250  248  246  245  244  242  239  236  2349999899998
999989999899998999989999899998999989999899998999989999899998
  270  272  273  273  273  272  269  268  265  263  261  260  259
  257  255  253  251  249  247  244  240  235  232999989999899998
999989999899998999989999899998999989999899998999989999899998
  276  277  278  278  277  276  274  272  270  268  266  264  263
  261  259  257  255  253  250  243  234  227  224999989999899998
999989999899998999989999899998999989999899998999989999899998
  281  281  281  280  280  279  277  275  273  271  269  267  266
  264  262  260  259  257  252  243  231  22099998999989999899998
999989999899998999989999899998999989999899998999989999899998
  284  283  282  281  280  280  279  277  275  273  271  269  268
  267  265  264  262  261  257  249  238  22899998999989999899998
999989999899998999989999899998999989999899998999989999899998
  285  284  283  282  281  280  279  277  276  275  274  272  271
  270  269  269  268  267  266  263  259  25599998999989999899998
999989999899998999989999899998999989999899998999989999899998
  287  285  284  283  282  281  280  278  277  276  276  275  274
  274  275  275  275  275  276  278  281  28399998999989999899998
999989999899998999989999899998999989999899998999989999899998
  287  286  285  284  283  283  282  281  279  277  276  277  276
  277  280  281  282  283  285  290  295  29999998999989999899998
999989999899998999989999899998999989999899998999989999899998
  288  288  287  286  285  286  286  284  281  279  278  277  278
  280  282  285  287  289  292  296  300  30299998999989999899998
999989999899998999989999899998999989999899998999989999899998
  289  288  287  287  288  289  290  288  284  281  280  279  279
  281  284  287  290  293  296  298  300  300  300999989999899998
999989999899998999989999899998999989999899998999989999899998
  287  286  284  285  287  290  291  290  287  284  282  281  280
  282  284  287  291  294  295  295  295  295  295  2959999899998
999989999899998999989999899998999989999899998999989999899998
99998  282  280  281  284  286  288  288  287  285  284  282  281
  282  283  286  290  291  290  288  287  287  287  289  29099998
999989999899998999989999899998999989999899998999989999899998
99998999989999899998  278  281  282  284  285  285  284  282  280
  280  281  283  285  286  282  278  276  277  278  281  283  281
  279  278  278  276  276  275  274  276  277999989999899998
9999899998999989999899998  274  277  279  280  282  282  280  278
  276  276  278  279  278  273  267  265  267  268  271  273  273
  273  274  275  275  274  274  274  275  276999989999899998
9999899998999989999899998  270  273  274  275  276  277  275  273
  270  270  273  273  270  264  260  257  258  259  261  263  263
  264  267  269  270  270  270  271  273  274999989999899998
999989999899998999989999899998  270  271  271  271  271  270  268
  266  267  269  269  266  261  256  253  252  253  254  254  254
  255  257  261  262  263  264  267  269  270999989999899998
9999899998999989999899998999989999899998  268  268  267  267  265
  264  265  267  267  265  261  256  252  251  250  251  251  250
  250  251  252  253  255  258  262  266  268999989999899998
9999899998999989999899998999989999899998999989999899998  266  266
  265  265  265  265  264  261  258  254  251  250  250  250  248
  248  247  246  247  248  252  256  261  263  2639999899998
999989999899998999989999899998999989999899998999989999899998  266
  266  264  262  261  261  260  258  254  252  250  250  249  248
  246  243  241  241  242  245  249  253  256  258  25999998
999989999899998999989999899998999989999899998999989999899998  266
  265  263  259  256  256  256  255  253  252  250  249  247  246
  243  238  235  234  234  236  238  241  246  251  25399998
9999899998999989999899998999989999899998999989999899998  264  265
  263  259  255  251  249  249  249  248  249  247  245  243  241
  237  232  228  225  224  224  225  227  233  240  24599998
99998999989999899998999989999899998999989999899998  262  263  262
  259  255  250  246  243  242  240  240  242  240  238  236  233
  228  223  218  214  213  211  210  211  216  224  22999998
99998999989999899998999989999899998999989999899998  259  258  256
  253  248  244  239  236  233  231  230  231  230  228  226  222
  218  213  208  203  200  198  196  197  199  204  21099998
99998999989999899998999989999899998999989999899998  253  252  249
  245  241  237  233  229  226  223  221  220  219  217  216  213
  209  204  199  195  191  188  187  186  184  1829999899998
99998999989999899998999989999899998999989999899998  248  246  243
  240  236  231  228  224  221  219  214  212  211  209  208  206
  204  199  194  190  186  184  182  181  177  168  15899998
