sst_total_04_2015_moy.22
  231  229  227  225  222  221  219  218  218  217  215  213  211
  208  204  201  197  194  192  191  190  187  184  1829999899998
999989999899998999989999899998999989999899998999989999899998
  240  238  235  233  230  228  226  225  224  223  222  220  217
  213  210  206  202  199  196  194  192  189  186999989999899998
999989999899998999989999899998999989999899998999989999899998
  249  247  245  242  239  237  236  234  232  231  229  227  224
  220  216  212  208  204  201  197  193  189  186999989999899998
999989999899998999989999899998999989999899998999989999899998
  256  254  252  249  246  244  243  240  239  237  235  233  229
  224  219  215  211  207  203  198  191  18799998999989999899998
999989999899998999989999899998999989999899998999989999899998
  260  258  255  253  250  248  247  245  242  240  237  234  230
  225  220  215  212  209  205  198  190  18599998999989999899998
999989999899998999989999899998999989999899998999989999899998
  263  260  258  255  253  251  249  247  244  241  238  234  230
  225  220  217  214  212  208  201  193  18799998999989999899998
999989999899998999989999899998999989999899998999989999899998
  266  264  261  258  256  253  251  249  246  242  239  235  231
  227  224  221  220  217  213  206  198  19199998999989999899998
999989999899998999989999899998999989999899998999989999899998
  271  268  265  262  259  256  253  251  248  245  241  238  235
  232  230  228  226  224  219  213  204  19699998999989999899998
999989999899998999989999899998999989999899998999989999899998
  276  274  270  266  262  260  257  255  252  249  246  242  241
  240  239  236  234  231  228  221  214  20999998999989999899998
999989999899998999989999899998999989999899998999989999899998
  281  277  273  270  266  264  263  261  259  256  253  251  250
  249  248  246  243  241  238  235  231  230  237999989999899998
999989999899998999989999899998999989999899998999989999899998
  284  279  276  272  269  268  268  268  266  264  261  259  259
  259  259  257  254  253  252  253  253  254  260  2699999899998
999989999899998999989999899998999989999899998999989999899998
99998  279  276  274  272  271  271  271  271  269  267  267  268
  268  268  268  266  265  267  271  274  277  280  284  28899998
999989999899998999989999899998999989999899998999989999899998
99998999989999899998  273  273  273  273  272  271  271  272  273
  275  276  276  277  277  279  281  285  289  291  293  294  295
  297  298  297  297  298  298  299  300  300999989999899998
9999899998999989999899998  275  275  275  274  274  273  275  277
  280  283  284  284  284  284  285  287  290  293  295  296  296
  294  294  294  294  296  297  298  298  298999989999899998
9999899998999989999899998  276  277  277  277  277  277  279  281
  284  286  287  287  287  286  285  286  287  290  292  293  292
  290  289  288  289  292  294  295  295  296999989999899998
999989999899998999989999899998  278  279  281  282  283  284  286
  287  288  288  288  287  286  285  284  285  286  288  289  289
  286  284  283  284  287  290  292  294  295999989999899998
9999899998999989999899998999989999899998  283  285  287  289  289
  289  288  288  287  285  285  284  283  284  285  286  286  286
  284  282  281  282  283  286  291  294  294999989999899998
9999899998999989999899998999989999899998999989999899998  292  292
  291  289  286  284  283  283  283  283  283  283  284  284  284
  282  281  280  280  282  285  289  293  294  2919999899998
999989999899998999989999899998999989999899998999989999899998  294
  291  287  283  280  279  279  280  282  282  281  281  281  281
  280  278  278  278  280  282  287  291  291  289  28599998
999989999899998999989999899998999989999899998999989999899998  295
  291  285  279  275  274  275  277  277  278  277  277  277  276
  275  274  273  272  274  277  281  284  286  285  28499998
9999899998999989999899998999989999899998999989999899998  298  296
  291  284  277  272  270  271  272  272  271  271  271  271  271
  270  268  266  266  266  268  270  272  275  278  27999998
99998999989999899998999989999899998999989999899998  300  299  296
  291  284  276  268  266  267  267  267  266  266  265  264  264
  264  262  261  259  257  257  257  258  260  263  26699998
99998999989999899998999989999899998999989999899998  300  298  295
  291  284  276  270  266  266  265  264  263  261  260  258  257
  258  256  254  252  249  247  246  245  243  244  24699998
99998999989999899998999989999899998999989999899998  298  296  294
  290  284  277  274  270  267  264  263  261  258  256  253  251
  252  251  249  246  243  240  237  235  227  2209999899998
99998999989999899998999989999899998999989999899998  294  294  292
  289  284  278  277  275  270  267  265  261  257  253  250  248
  248  247  245  243  239  236  233  229  220  204  18499998
