sst_total_12_2016_ano.22
   11   11   11   11    9    8    7    6    5    5    5    4    5
    4    2    1    1    3    7   10   12   14   15   169999899998
999989999899998999989999899998999989999899998999989999899998
    9   11   11   10    9    8    7    6    6    5    6    5    5
    4    2    1    3    4    8   10   12   14   15999989999899998
999989999899998999989999899998999989999899998999989999899998
    8   10   10   10   10    9    7    6    6    6    6    6    6
    5    4    3    4    5    8   11   14   15   16999989999899998
999989999899998999989999899998999989999899998999989999899998
    8    9   10   10   10    9    8    7    7    7    7    6    7
    7    6    5    7    9   10   13   15   1799998999989999899998
999989999899998999989999899998999989999899998999989999899998
    7    8    8   10   10   10    9    9    8    8    7    7    8
    7    8    7   10   11   12   14   15   1699998999989999899998
999989999899998999989999899998999989999899998999989999899998
    6    7    8    9    9    9    9    9    9    8    7    7    8
    9   10    9   11   12   12   13   12   1299998999989999899998
999989999899998999989999899998999989999899998999989999899998
    5    6    7    7    8    8   10   10   10    9    8    8    9
   10   11   12   12   12   12   10    8    899998999989999899998
999989999899998999989999899998999989999899998999989999899998
    5    5    5    6    7    9   10   12   12   11    9    9    9
   11   12   12   12   12   10    8    7    899998999989999899998
999989999899998999989999899998999989999899998999989999899998
    5    4    4    5    6    8   11   13   14   12   11   10   10
   10   11   12   11   10    9    7    6    799998999989999899998
999989999899998999989999899998999989999899998999989999899998
    5    4    4    5    6    8   12   14   15   13   12   11   10
   11   11   11   10    9    7    6    5    6    6999989999899998
999989999899998999989999899998999989999899998999989999899998
    5    4    4    4    6    7   11   13   14   14   13   12   12
   11   11   11   10    9    8    6    6    6    7    89999899998
999989999899998999989999899998999989999899998999989999899998
99998    4    4    4    5    6    9   11   13   13   13   12   12
   13   13   12   11   10    9    9    8    8    8    9   1099998
999989999899998999989999899998999989999899998999989999899998
99998999989999899998    4    5    6    8   10   11   11   12   13
   15   15   14   13   12   11   10   10   10   10   11   11   11
   13   15   16   15   13   10    6    2   -2999989999899998
9999899998999989999899998    4    5    6    7    8    9   11   13
   15   16   15   14   13   12   12   11   12   11   11   11   12
   13   13   13   13   12    9    5    2   -2999989999899998
9999899998999989999899998    3    3    4    6    6    7    9   12
   14   15   15   13   12   12   12   12   12   12   11   12   12
   12   12   12   13   12   10    7    2   -2999989999899998
999989999899998999989999899998    4    4    5    6    6    7    9
   11   13   12   11   10   10   10   10   10   11   12   11   11
   12   12   13   14   14   13    9    5    1999989999899998
9999899998999989999899998999989999899998    4    4    4    5    6
    7    8    7    7    6    7    7    7    8    9    9   10   11
   11   11   12   15   16   15   12    9    4999989999899998
9999899998999989999899998999989999899998999989999899998    2    3
    3    3    3    2    3    3    3    3    4    6    7    9   10
   11   11   13   14   16   16   16   12    8    69999899998
999989999899998999989999899998999989999899998999989999899998    1
    1    0   -2   -2   -1    0    0    2    3    5    7    9   11
   11   11   12   14   15   16   17   15   12   10    799998
999989999899998999989999899998999989999899998999989999899998    1
   -1   -3   -4   -4   -4   -3   -1    0    2    4    7   11   12
   12   12   12   12   13   15   17   17   15   12    999998
9999899998999989999899998999989999899998999989999899998    3    2
   -1   -2   -4   -5   -4   -3   -1    0    3    5    9   12   13
   13   12   10   10   11   14   17   18   18   14   1099998
99998999989999899998999989999899998999989999899998    6    5    3
    1    0   -2   -3   -3   -1    1    2    5    7   11   12   13
   12    9    7    6    7   11   14   17   17   13   1199998
99998999989999899998999989999899998999989999899998    7    6    5
    4    3    2    1    1    1    2    4    6    8    9   10   10
    8    6    4    3    4    8   11   13   13   12   1099998
99998999989999899998999989999899998999989999899998    9    8    8
    7    7    6    4    4    3    5    5    6    8    8    6    6
    4    2   -1   -1    0    4    7    7    8    79999899998
99998999989999899998999989999899998999989999899998   12   11   10
   10    9    8    7    6    6    5    7    6    7    7    5    4
    0   -2   -4   -4   -3    1    3    2    1    0   -399998
