sst_total_04_2015_ano.22
   15   13   11   10    8    7    6    6    6    6    6    5    4
    3    1   -1   -3   -4   -3   -2   -1    0    1    19999899998
999989999899998999989999899998999989999899998999989999899998
   13   12   10    9    7    6    5    5    5    5    5    5    3
    1    0   -2   -4   -5   -4   -3   -1    1    1999989999899998
999989999899998999989999899998999989999899998999989999899998
   11    9    9    7    5    4    3    3    3    4    3    2    1
    0   -2   -4   -6   -6   -5   -3   -1    1    3999989999899998
999989999899998999989999899998999989999899998999989999899998
    9    8    7    5    3    2    2    1    2    2    2    1    0
   -2   -4   -5   -6   -6   -5   -3    0    399998999989999899998
999989999899998999989999899998999989999899998999989999899998
    7    6    4    3    1    0    0    0    0    0    0   -1   -3
   -4   -5   -6   -6   -6   -5   -3    0    399998999989999899998
999989999899998999989999899998999989999899998999989999899998
    4    3    2    1   -1   -2   -2   -1   -2   -2   -2   -4   -5
   -6   -7   -7   -7   -6   -5   -3   -1    199998999989999899998
999989999899998999989999899998999989999899998999989999899998
    3    2    1   -1   -2   -3   -2   -2   -2   -2   -3   -5   -6
   -7   -7   -8   -7   -6   -5   -5   -3   -199998999989999899998
999989999899998999989999899998999989999899998999989999899998
    4    2    0   -1   -2   -3   -3   -2   -2   -2   -3   -4   -5
   -6   -7   -8   -7   -6   -6   -5   -4   -199998999989999899998
999989999899998999989999899998999989999899998999989999899998
    6    4    1   -1   -2   -2   -2   -1   -2   -2   -2   -3   -3
   -4   -5   -6   -6   -6   -6   -6   -3    099998999989999899998
999989999899998999989999899998999989999899998999989999899998
    9    5    2    0   -1   -1   -1   -1    0   -1   -1   -1   -1
   -2   -3   -3   -4   -5   -7   -6   -3    0   -2999989999899998
999989999899998999989999899998999989999899998999989999899998
   12    6    3    0   -2   -2   -1    0    0    0    0    0    1
    1    1    0   -2   -4   -6   -5   -3   -1   -1   -29999899998
999989999899998999989999899998999989999899998999989999899998
99998    7    2   -1   -3   -2   -1    0    0    0   -1    1    2
    3    3    3    0   -3   -4   -3   -1    1    0    0    299998
999989999899998999989999899998999989999899998999989999899998
99998999989999899998   -4   -3   -1   -1   -1   -1    0    1    2
    4    5    5    4    1    0    0    2    4    3    3    4    7
   10   10    8    8    8    8    8   10   10999989999899998
9999899998999989999899998   -4   -3   -2   -2   -1   -1    2    3
    5    7    8    6    4    3    3    5    7    6    4    5    7
    7    6    5    5    6    7    8    9   10999989999899998
9999899998999989999899998   -5   -4   -4   -3   -2    0    2    4
    6    8    8    7    6    5    4    6    7    7    5    5    6
    5    4    2    2    4    6    8    9   10999989999899998
999989999899998999989999899998   -5   -5   -3   -1    1    3    5
    7    8    7    6    5    5    4    5    6    6    6    5    6
    4    1   -1    0    2    5    7    9   10999989999899998
9999899998999989999899998999989999899998   -2    0    3    5    6
    7    6    5    4    3    2    2    3    5    6    6    5    5
    3    0   -2   -1    1    5    7    8    9999989999899998
9999899998999989999899998999989999899998999989999899998    8    8
    7    5    1    0   -1    0    1    2    4    5    6    5    5
    2    0   -1   -1    3    7    7    7    9   119999899998
999989999899998999989999899998999989999899998999989999899998   10
    7    3   -1   -3   -4   -3    0    2    3    4    5    5    5
    4    2    2    3    5    7    8    8    8   11   1399998
999989999899998999989999899998999989999899998999989999899998   11
    7    2   -2   -6   -7   -5   -2    0    2    3    5    6    6
    5    5    5    5    6    7    7    7    8    9   1299998
9999899998999989999899998999989999899998999989999899998   15   13
    9    4   -2   -5   -6   -5   -3   -1    1    3    5    7    8
    7    7    7    8    8    8    7    7    7    8    999998
99998999989999899998999989999899998999989999899998   18   16   14
   10    6    0   -5   -5   -3   -2    0    1    3    6    7    8
    9    9   10   10    9    9    7    6    6    6    899998
99998999989999899998999989999899998999989999899998   20   17   15
   12    8    3    0    0    1    2    3    4    4    5    6    7
    9   10   11   11   10    9    7    6    7    8   1099998
99998999989999899998999989999899998999989999899998   22   19   17
   14   11    7    7    6    6    6    6    6    5    6    6    6
    9   11   12   12   12    9    5    5    6   109999899998
99998999989999899998999989999899998999989999899998   24   21   18
   15   12    9   11   12   11   10    9    8    7    6    5    5
    8   11   12   13   12    9    5    4    6   10   1499998
