sst_total_06_2014_ano.22
    6    5    4    4    4    3    3    3    3    4    4    5    6
    4    2    0    1    2    5    8   10    9    9    89999899998
999989999899998999989999899998999989999899998999989999899998
    6    5    4    3    3    2    2    2    2    2    2    2    3
    1   -1   -2   -1    1    4    7    9    8    7999989999899998
999989999899998999989999899998999989999899998999989999899998
    6    5    4    3    2    1    0    0    0    0    1    0   -1
   -2   -3   -3   -2    1    4    6    8    7    5999989999899998
999989999899998999989999899998999989999899998999989999899998
    6    4    4    3    1    0    0   -1   -1   -2   -2   -3   -3
   -4   -4   -3   -1    1    3    5    7    799998999989999899998
999989999899998999989999899998999989999899998999989999899998
    5    4    3    2    1    0   -2   -2   -3   -4   -4   -5   -5
   -5   -4   -2    0    2    2    4    7    799998999989999899998
999989999899998999989999899998999989999899998999989999899998
    3    2    2    1   -1   -1   -3   -4   -5   -5   -5   -6   -6
   -4   -2    0    1    3    3    5    7    899998999989999899998
999989999899998999989999899998999989999899998999989999899998
    1    1    1    0   -1   -2   -3   -5   -5   -6   -6   -6   -5
   -3   -1    1    2    4    5    6    7    999998999989999899998
999989999899998999989999899998999989999899998999989999899998
    2    1    1    0   -1   -2   -4   -4   -4   -5   -5   -4   -3
   -1    1    2    3    4    5    7    8   1199998999989999899998
999989999899998999989999899998999989999899998999989999899998
    2    2    1    1    0   -2   -3   -3   -3   -3   -3   -2    0
    2    3    4    4    4    6    6    8   1099998999989999899998
999989999899998999989999899998999989999899998999989999899998
    3    3    2    2    1   -1   -2   -2   -1    0    2    2    2
    4    5    6    6    5    5    5    7    9   11999989999899998
999989999899998999989999899998999989999899998999989999899998
    4    4    4    3    2    0   -1   -1    0    2    4    5    5
    6    6    7    7    6    6    6    7    9    9    99999899998
999989999899998999989999899998999989999899998999989999899998
99998    5    5    4    3    2    1    0    1    2    4    5    6
    6    7    7    8    7    7    7    8    8    7    6    699998
999989999899998999989999899998999989999899998999989999899998
99998999989999899998    4    3    2    2    2    2    2    4    5
    6    7    7    8    8    8    8    7    6    5    4    3    3
    5    7    8    9    9    9   10   11   12999989999899998
9999899998999989999899998    6    4    3    3    2    2    3    4
    5    7    8    8    7    6    5    4    2    1    1    1    2
    4    5    7    8    9   10   11   12   13999989999899998
9999899998999989999899998    7    6    5    4    3    3    3    5
    6    9    9    7    6    4    2    1    0   -1   -1    1    3
    5    6    7    8   10   12   14   15   16999989999899998
999989999899998999989999899998    6    6    5    4    4    4    5
    7    9   10    7    6    3    0    0   -2   -1    1    3    4
    6    6    7   10   13   15   17   18   19999989999899998
9999899998999989999899998999989999899998    6    5    4    4    6
    8    9    9    7    5    2    1    0    0    0    1    3    5
    6    5    6    9   12   15   18   18   19999989999899998
9999899998999989999899998999989999899998999989999899998    5    7
    8    9    9    7    4    2    1    1    2    3    4    5    6
    6    5    4    6    9   13   15   16   15   139999899998
999989999899998999989999899998999989999899998999989999899998    7
    8    9    8    6    3    2    2    2    4    4    6    7    7
    7    4    2    2    6   10   12   12   10    7    399998
999989999899998999989999899998999989999899998999989999899998    7
    8    9    7    4    2    2    2    2    4    6    7    8    8
    5    1   -2   -1    1    5   10   10    6    1   -399998
9999899998999989999899998999989999899998999989999899998    6    8
    8    7    3   -1   -2   -1    1    1    2    4    7    8    8
    3   -1   -5   -6   -4    1    7    7    5   -2   -899998
99998999989999899998999989999899998999989999899998    4    6    7
    6    4   -1   -4   -4   -2    1    1    2    3    4    6    6
    2   -3   -7   -8   -7   -2    4    6    5    0   -699998
99998999989999899998999989999899998999989999899998    5    6    7
    6    3   -2   -5   -6   -2    1    1    1    2    3    4    4
    1   -3   -7   -8   -6   -1    4    5    6    5    199998
99998999989999899998999989999899998999989999899998    5    7    8
    6    3   -1   -4   -5   -2    1    2    1    1    2    3    3
    1   -2   -5   -6   -4    0    4    6    7    79999899998
99998999989999899998999989999899998999989999899998    6    7    8
    7    4    0   -2   -3   -1    2    2    2    2    2    2    2
    1   -2   -4   -4   -2    1    5    5    7    7    899998
