sst_total_12_2014_ano.22
   10   12   12   13   13   13   11   10    9    8    7    5    3
    1   -1   -1    0    2    4    6    7   10   12   159999899998
999989999899998999989999899998999989999899998999989999899998
   10   11   11   11   10   10    9    8    7    6    5    3    2
    0   -1   -1    1    3    5    6    7    9   11999989999899998
999989999899998999989999899998999989999899998999989999899998
   10   10   10    9    9    8    6    5    4    4    3    2    1
    1    0    1    3    4    5    7    8   10   11999989999899998
999989999899998999989999899998999989999899998999989999899998
   10    9    9    8    7    6    5    3    3    3    3    2    1
    2    2    3    6    8    7    8    9   1199998999989999899998
999989999899998999989999899998999989999899998999989999899998
    9    9    7    7    6    5    4    3    2    2    2    3    3
    3    5    6    8    9    8    8    8    899998999989999899998
999989999899998999989999899998999989999899998999989999899998
   10    8    7    6    4    4    3    3    3    3    4    4    4
    5    6    7    9    9    8    6    4    299998999989999899998
999989999899998999989999899998999989999899998999989999899998
   11    9    7    5    3    2    3    3    5    6    6    6    6
    7    7    8    8    8    7    3    0   -299998999989999899998
999989999899998999989999899998999989999899998999989999899998
   13   10    7    5    3    2    4    5    6    8    8    7    7
    7    7    7    8    8    5    1   -1   -299998999989999899998
999989999899998999989999899998999989999899998999989999899998
   13   10    7    5    3    2    4    6    8    9    8    7    6
    6    6    6    7    7    4    1    0    099998999989999899998
999989999899998999989999899998999989999899998999989999899998
   12    8    6    4    3    2    4    5    8    7    7    6    6
    5    5    6    5    5    3    1    0    1    2999989999899998
999989999899998999989999899998999989999899998999989999899998
    9    7    6    4    3    2    3    5    5    6    5    5    5
    5    5    5    5    4    3    2    1    2    4    69999899998
999989999899998999989999899998999989999899998999989999899998
99998    6    5    4    3    2    2    3    4    4    3    3    4
    5    5    5    4    3    3    2    3    4    6    7    799998
999989999899998999989999899998999989999899998999989999899998
99998999989999899998    2    1    1    2    2    2    2    2    2
    4    5    4    4    2    1    1    3    5    6    6    7    6
    7    8    8    7    7    6    7    8    8999989999899998
9999899998999989999899998    0    1    0    0    0    0    1    1
    2    3    2    1    0   -1   -1    1    4    5    5    5    5
    6    6    5    5    5    6    6    8    8999989999899998
9999899998999989999899998   -1   -1   -1   -1   -1   -1   -1    0
    1    1    0   -2   -3   -4   -4   -3    0    3    4    4    4
    4    3    3    3    4    5    6    7    7999989999899998
999989999899998999989999899998   -3   -4   -3   -3   -2   -2    0
    0    0   -1   -4   -5   -6   -6   -6   -4    0    2    1    2
    1    0    0    1    2    4    5    6    6999989999899998
9999899998999989999899998999989999899998   -5   -4   -3   -2   -1
   -1    0   -2   -4   -5   -6   -7   -7   -6   -2   -2   -1    0
   -2   -3   -4   -3   -1    2    4    6    6999989999899998
9999899998999989999899998999989999899998999989999899998   -2   -1
   -1    0   -1   -3   -4   -6   -7   -7   -6   -3   -2   -1   -1
   -2   -4   -5   -6   -4    1    5    5    7    99999899998
999989999899998999989999899998999989999899998999989999899998   -1
    0    0   -2   -2   -3   -4   -5   -5   -5   -3   -1    0    1
   -1   -2   -4   -5   -4    1    6    8   10   12   1399998
999989999899998999989999899998999989999899998999989999899998   -1
   -1   -1   -2   -2   -2   -2   -2   -3   -4   -2    0    3    3
    2    0    0   -2   -2    3    8   10   13   15   1799998
9999899998999989999899998999989999899998999989999899998   -2   -1
   -2   -1   -2   -2   -1    0    0   -2   -3   -2    1    4    5
    4    3    2    1    2    6   10   13   15   16   1999998
99998999989999899998999989999899998999989999899998   -4   -3   -2
   -1   -1   -2   -1    1    2    2   -1   -2   -2    1    4    5
    6    4    3    3    3    6    8   11   13   14   1799998
99998999989999899998999989999899998999989999899998   -5   -4   -2
   -1    1    0    1    3    3    2    0   -2   -2    1    3    4
    4    4    3    3    4    5    6    7    8   11   1399998
99998999989999899998999989999899998999989999899998   -6   -4   -2
    0    3    3    4    7    5    3    0   -2   -1    0    1    2
    3    3    2    3    3    3    3    3    5    79999899998
99998999989999899998999989999899998999989999899998   -6   -3   -1
    1    4    5    6   11    6    2    0   -2   -2   -1   -1    0
    1    1    2    3    3    2    2    0    0    1    299998
