sst_total_11_2017_ano.22
   17   12    9    7    5    3    0   -2   -3   -3   -2    0    1
    3    4    6    8   10   12   13   13   16   18   219999899998
999989999899998999989999899998999989999899998999989999899998
   14   11    9    7    4    3    1   -2   -2   -2   -1    1    3
    4    6    7    9   10   12   13   13   16   18999989999899998
999989999899998999989999899998999989999899998999989999899998
   13   11    9    7    5    3    1    0    0    0    1    3    5
    6    7    9   10   12   13   14   15   18   20999989999899998
999989999899998999989999899998999989999899998999989999899998
   11   10    9    7    5    4    2    1    2    3    4    6    8
    8    9   10   12   14   14   16   19   2299998999989999899998
999989999899998999989999899998999989999899998999989999899998
   10    9    8    7    5    4    3    4    5    7    8    9    9
    9   10   10   12   14   16   18   22   2599998999989999899998
999989999899998999989999899998999989999899998999989999899998
    8    8    7    6    5    4    5    6    8    9   10   10   10
   10    9    9   11   13   16   19   22   2599998999989999899998
999989999899998999989999899998999989999899998999989999899998
    8    7    6    5    4    4    5    7    9   10   11   10   10
    9    9    8    9   12   16   19   22   2599998999989999899998
999989999899998999989999899998999989999899998999989999899998
    7    6    5    4    4    4    6    7    8    9   10    9    9
    8    8    7    8   10   14   18   21   2599998999989999899998
999989999899998999989999899998999989999899998999989999899998
    7    6    5    5    4    4    5    5    7    7    8    8    8
    8    7    7    8    9   11   15   18   2299998999989999899998
999989999899998999989999899998999989999899998999989999899998
    7    7    6    5    5    5    4    5    5    6    7    7    7
    7    7    7    7    7    8   10   13   16   17999989999899998
999989999899998999989999899998999989999899998999989999899998
    8    7    7    6    6    6    4    4    4    5    5    6    6
    7    6    7    6    5    5    6    8   10   13   129999899998
999989999899998999989999899998999989999899998999989999899998
99998    8    8    7    7    7    5    4    3    3    4    5    5
    5    6    7    5    4    3    4    6    7    9    9    999998
999989999899998999989999899998999989999899998999989999899998
99998999989999899998    9    8    7    5    4    3    2    3    3
    4    5    6    4    3    3    4    5    6    7    6    6    5
    5    5    4    4    4    7   12   19   28999989999899998
9999899998999989999899998   11   10    8    6    4    2    2    2
    3    4    5    4    4    5    6    7    7    7    5    4    4
    4    4    4    4    5    8   14   20   26999989999899998
9999899998999989999899998   13   13   12   10    7    4    1    1
    1    3    3    4    6    8    9    9    8    7    5    4    4
    4    4    3    4    5    9   13   19   24999989999899998
999989999899998999989999899998   18   17   15   11    7    3    1
    1    2    1    5    7    9   10   11   10    7    6    5    4
    4    3    2    3    5    9   12   16   19999989999899998
9999899998999989999899998999989999899998   19   14    9    3    1
    1    0    0    4    7    9   11   11    9    8    6    4    5
    4    3    2    2    4    7   10   13   15999989999899998
9999899998999989999899998999989999899998999989999899998    4    1
    1    0   -1    2    6    9   10   10    9    8    6    5    6
    5    3    2    2    3    5    8   10   11   119999899998
999989999899998999989999899998999989999899998999989999899998    2
    1    0   -1    1    5    7    9    9    8    8    7    7    7
    7    5    3    2    2    5    8    9   10   10    999998
999989999899998999989999899998999989999899998999989999899998    2
    0    0    0    1    3    6    8    8    8    8    9   10   10
    9    7    4    2    2    5    8   10    9    7    699998
9999899998999989999899998999989999899998999989999899998    2    1
    1    0    0    2    4    7    8    8    9   10   12   12   12
   10    8    5    2    2    5    8    9    8    4    099998
99998999989999899998999989999899998999989999899998    1    0    0
    0    0   -1    2    4    7    9   10   11   12   15   15   14
   11    8    5    3    1    3    5    6    4    0   -499998
99998999989999899998999989999899998999989999899998    0   -1   -1
    0    0   -1    0    2    6    8    9   12   15   17   16   14
   10    7    3    2    0    1    2    3    1   -2   -399998
99998999989999899998999989999899998999989999899998   -1   -1    0
    0    0   -1   -1    0    2    5    8   13   17   18   16   13
    9    4    1   -2   -2   -1    0   -1   -1   -19999899998
99998999989999899998999989999899998999989999899998   -1    0    0
    1    1    0   -2   -3   -1    1    5   12   18   18   15   10
    5    0   -3   -3   -3   -3   -3   -3   -3   -3   -399998
