sst_total_04_2017_ano.22
    6    3    2    1    0    0    2    4    5    6    7    7    7
    8    9   10   10   12   13   13   14   17   19   219999899998
999989999899998999989999899998999989999899998999989999899998
    5    3    2    1    0    1    2    3    5    6    6    6    6
    6    7    8    9   11   12   13   14   16   18999989999899998
999989999899998999989999899998999989999899998999989999899998
    5    3    2    1    1    1    1    3    4    5    5    5    4
    4    4    5    6    9   11   12   13   15   18999989999899998
999989999899998999989999899998999989999899998999989999899998
    5    4    3    2    2    2    2    3    4    4    5    4    3
    2    1    1    3    6    9   11   13   1599998999989999899998
999989999899998999989999899998999989999899998999989999899998
    5    4    4    3    3    2    2    2    3    4    5    3    1
   -1   -2   -2    1    4    7   10   12   1399998999989999899998
999989999899998999989999899998999989999899998999989999899998
    5    5    4    4    3    2    2    2    2    3    4    1    0
   -2   -3   -4   -1    2    6    9   10   1099998999989999899998
999989999899998999989999899998999989999899998999989999899998
    5    5    4    3    2    2    2    1    2    3    3    1    0
   -2   -3   -4   -2    3    6    8    8    999998999989999899998
999989999899998999989999899998999989999899998999989999899998
    6    5    4    4    3    2    2    2    2    2    3    1    1
    0   -1   -1    1    5    7    9   10   1199998999989999899998
999989999899998999989999899998999989999899998999989999899998
    6    5    5    4    3    2    2    3    2    3    3    4    3
    3    3    4    5    8    9   11   12   1599998999989999899998
999989999899998999989999899998999989999899998999989999899998
    6    6    5    4    4    3    3    3    4    5    5    6    6
    7    7    9   10   10   11   12   13   16   15999989999899998
999989999899998999989999899998999989999899998999989999899998
    7    6    5    5    4    3    3    3    5    5    7    8   10
   11   12   13   13   12   11   10   11   13   13   129999899998
999989999899998999989999899998999989999899998999989999899998
99998    6    5    4    4    4    4    5    5    6    7    9   11
   14   15   16   14   12   10    8    8    9    9    9    899998
999989999899998999989999899998999989999899998999989999899998
99998999989999899998    4    4    5    6    6    7    7    9   12
   15   17   17   14   11    9    8    7    8    8    8    7    5
    2   -1   -2   -1    0    4    8   11   15999989999899998
9999899998999989999899998    4    5    6    6    6    7   10   12
   15   16   16   13   11    9    9    9   10    9    8    7    5
    3    1    0    1    1    4    7    9   12999989999899998
9999899998999989999899998    5    5    5    5    5    6    8   11
   13   14   13   11   10   10    9   10   12   12   11   10    8
    6    4    3    3    3    4    6    7    8999989999899998
999989999899998999989999899998    4    3    3    3    4    6    8
   11   11   10    9    8    9   10   11   13   14   14   13   11
    9    7    6    5    4    4    4    5    5999989999899998
9999899998999989999899998999989999899998    2    2    3    4    6
    7    7    6    6    7    7    8   10   12   14   16   15   15
   12   10    8    6    5    5    4    3    3999989999899998
9999899998999989999899998999989999899998999989999899998    4    4
    4    4    2    3    3    5    6    7   10   13   15   16   17
   15   13   11    8    8    7    5    3    2    19999899998
999989999899998999989999899998999989999899998999989999899998    3
    3    1    0    0    0    1    3    4    6    9   12   15   16
   17   16   14   12   10   10    8    6    4    3    299998
999989999899998999989999899998999989999899998999989999899998    2
    1   -1   -2   -4   -5   -4   -2   -1    2    4    8   11   15
   17   18   17   15   13   12   11    9    7    6    699998
9999899998999989999899998999989999899998999989999899998    4    3
    1   -1   -4   -7   -8   -8   -7   -5   -2    1    4    8   12
   16   18   19   18   16   15   14   13   13   12   1399998
99998999989999899998999989999899998999989999899998    5    4    4
    1   -1   -4   -8  -10  -11  -11   -9   -6   -3    1    5    9
   13   16   17   17   17   16   15   15   16   18   2199998
99998999989999899998999989999899998999989999899998    5    4    4
    2    0   -3   -8  -11  -13  -13  -12   -8   -6   -3    1    5
    9   12   13   14   14   14   13   15   19   24   2999998
99998999989999899998999989999899998999989999899998    5    5    4
    3    1   -2   -7  -11  -13  -14  -13  -11   -8   -5   -1    2
    4    7    9   10   11   10    9   12   19   269999899998
99998999989999899998999989999899998999989999899998    6    6    5
    4    1   -2   -6  -11  -13  -15  -14  -12  -10   -7   -5   -2
    0    3    4    6    7    7    7   10   17   26   3499998
