sst_total_07_2017_ano.22
    4    3    3    2    2    1    1    2    1    1    1    1    1
    1    2    3    4    6    8   10   12   11   11   119999899998
999989999899998999989999899998999989999899998999989999899998
    4    3    3    3    3    2    2    2    2    2    3    3    2
    3    4    4    7    8   10   11   12   12   12999989999899998
999989999899998999989999899998999989999899998999989999899998
    5    4    4    4    4    4    3    3    4    4    4    4    5
    5    6    7    8   10   11   11   12   12   13999989999899998
999989999899998999989999899998999989999899998999989999899998
    5    5    5    5    5    5    4    4    5    6    6    6    6
    7    8    9   11   12   11   12   13   1499998999989999899998
999989999899998999989999899998999989999899998999989999899998
    6    6    6    6    5    6    6    6    7    7    8    8    8
    9   10   11   13   13   11   11   12   1299998999989999899998
999989999899998999989999899998999989999899998999989999899998
    6    6    6    6    6    6    7    8    9    9    9    9   10
   10   11   13   13   12   11   10    9    899998999989999899998
999989999899998999989999899998999989999899998999989999899998
    6    6    6    6    6    6    8    9   10   11   11   10   10
   10   11   12   12   12   11    8    7    599998999989999899998
999989999899998999989999899998999989999899998999989999899998
    6    6    6    6    7    8    9   11   12   12   12   10    9
   10   10   11   11   11    9    8    5    499998999989999899998
999989999899998999989999899998999989999899998999989999899998
    6    6    7    8    9   10   10   11   11   11   10    8    7
    7    8    9   10    9    7    5    4    499998999989999899998
999989999899998999989999899998999989999899998999989999899998
    6    7    8    9   11   11   11    9    9    7    6    5    5
    5    6    7    7    7    5    3    3    4    6999989999899998
999989999899998999989999899998999989999899998999989999899998
    6    8   10   11   12   12   10    8    5    3    2    1    2
    3    4    6    6    4    2    1    1    2    5    79999899998
999989999899998999989999899998999989999899998999989999899998
99998    9   11   12   13   12    9    7    3    0   -1   -1    0
    1    3    4    3    1   -1   -1   -1    1    3    5    899998
999989999899998999989999899998999989999899998999989999899998
99998999989999899998   13   12    8    5    1   -1   -2   -2    0
    2    3    4    1   -1   -3   -3   -3   -1    1    3    4    4
    5    7   10   11   11   11   12   14   16999989999899998
9999899998999989999899998   11    7    4    1   -1   -3   -1    2
    3    5    5    1   -1   -2   -3   -3   -2    0    2    2    1
    1    2    4    5    7    9   11   14   17999989999899998
9999899998999989999899998    9    6    4    2    0   -1    0    3
    6    8    7    3    2    1    1    1    1    3    3    3    2
    0    0    0    2    3    7   11   14   18999989999899998
999989999899998999989999899998    5    4    2    1    0    1    4
    7    9    9    6    5    5    5    5    4    5    5    4    3
    2    0    0    1    2    6   11   15   19999989999899998
9999899998999989999899998999989999899998    2    1    0    1    2
    6    8    9    8    7    7    6    6    6    6    5    4    3
    2    2    0    1    0    4    8   13   16999989999899998
9999899998999989999899998999989999899998999989999899998    0    1
    4    6    7    8    8    7    6    6    7    6    5    5    4
    4    3    1   -1   -3   -1    3    7    8    69999899998
999989999899998999989999899998999989999899998999989999899998    1
    2    4    6    7    7    6    5    5    5    6    6    6    6
    5    4    2   -2   -6   -6   -2    1    1   -2   -899998
999989999899998999989999899998999989999899998999989999899998    0
    0    2    3    5    5    4    5    4    5    6    7    7    8
    6    5    2   -2   -7   -8   -6   -3   -3   -6  -1099998
9999899998999989999899998999989999899998999989999899998   -1   -2
   -1    0    1    2    2    3    3    4    5    6    7    8    8
    7    5    2   -2   -7   -8   -7   -4   -5   -8  -1299998
99998999989999899998999989999899998999989999899998   -3   -3   -4
   -4   -3   -2   -1    0    1    2    2    4    6    8    9    9
    8    6    2   -1   -6   -7   -7   -6   -6   -8  -1199998
99998999989999899998999989999899998999989999899998   -5   -5   -6
   -5   -5   -4   -3   -2    0    0    0    2    5    7    8    8
    7    6    3    0   -3   -5   -6   -6   -6   -7   -799998
99998999989999899998999989999899998999989999899998   -6   -7   -7
   -6   -6   -5   -4   -2   -2   -1   -1    1    3    6    7    7
    7    5    4    2    0   -3   -5   -7   -7   -79999899998
99998999989999899998999989999899998999989999899998   -6   -7   -7
   -7   -7   -6   -4   -3   -3   -2   -2    1    1    4    5    6
    6    5    5    5    3   -1   -4   -8   -9   -8   -699998
