sst_total_10_2016_ano.22
   11   10   10    9    9    8    9    9    8    7    7    7    7
    7    7    7    6    5    6    7    7    9   11   159999899998
999989999899998999989999899998999989999899998999989999899998
    9    9    9    8    7    7    7    7    6    6    6    6    6
    6    6    5    5    5    5    4    4    5    9999989999899998
999989999899998999989999899998999989999899998999989999899998
    7    7    7    6    5    5    5    5    5    5    4    5    5
    5    5    5    4    5    3    2    2    4    6999989999899998
999989999899998999989999899998999989999899998999989999899998
    7    6    5    5    4    3    3    3    4    4    4    4    4
    5    5    5    5    5    3    2    2    499998999989999899998
999989999899998999989999899998999989999899998999989999899998
    6    6    5    4    3    2    2    3    3    4    4    4    4
    4    4    5    6    6    4    3    3    499998999989999899998
999989999899998999989999899998999989999899998999989999899998
    7    6    6    4    3    2    2    3    3    4    3    2    2
    3    4    5    6    6    5    4    3    299998999989999899998
999989999899998999989999899998999989999899998999989999899998
    8    8    8    6    5    4    4    4    4    3    1    1    1
    2    4    5    6    6    7    5    4    499998999989999899998
999989999899998999989999899998999989999899998999989999899998
   12   11   11   10    9    7    7    7    5    3    1    0    0
    2    4    5    6    6    7    7    6    699998999989999899998
999989999899998999989999899998999989999899998999989999899998
   15   14   14   13   13   12   10   10    9    6    4    3    3
    4    6    6    7    7    7    7    8    999998999989999899998
999989999899998999989999899998999989999899998999989999899998
   17   17   17   16   16   15   14   13   12   11    9    9    8
    8    9    9    9    8    8    8    8    9   10999989999899998
999989999899998999989999899998999989999899998999989999899998
   19   19   18   17   16   15   15   14   15   14   14   14   14
   13   13   12   11   10    9    9    9    9   11   129999899998
999989999899998999989999899998999989999899998999989999899998
99998   19   18   16   14   13   12   13   15   16   16   17   17
   17   16   15   13   12   10    9    9    9   11   13   1699998
999989999899998999989999899998999989999899998999989999899998
99998999989999899998   11    8    9   10   12   14   16   18   17
   17   16   15   13   11    9    8    8    9   10   14   16   17
   18   16   15   15   16   14   12   10    7999989999899998
9999899998999989999899998    3    4    5    7   10   13   15   15
   15   14   13   10    7    6    5    5    6    9   13   16   16
   14   11    8    8   10   10   10    8    7999989999899998
9999899998999989999899998   -3   -2    1    4    7    9   11   12
   12   11   10    6    4    2    1    1    3    7   11   14   14
   10    6    3    3    5    7    9    8    8999989999899998
999989999899998999989999899998   -5   -3    1    4    7    9    9
    9    8    6    2    0   -1   -2   -2    1    4    7   11   12
    7    3    0    0    3    7   10   10   11999989999899998
9999899998999989999899998999989999899998   -1    2    5    7    8
    8    6    4    0   -1   -3   -4   -3   -3    1    4    7    8
    5    2    0    0    2    7   11   13   13999989999899998
9999899998999989999899998999989999899998999989999899998    6    6
    6    5    3    0   -2   -2   -4   -4   -2    0    3    5    6
    5    3    2    1    3    8   11   13   15   179999899998
999989999899998999989999899998999989999899998999989999899998    6
    5    4    2    1    0   -1   -1   -2   -1    0    3    5    6
    6    6    4    4    4    6   10   13   16   19   2199998
999989999899998999989999899998999989999899998999989999899998    5
    4    3    2    2    1    1    1    0    0    1    3    5    6
    6    6    6    4    3    4    8   12   17   20   2499998
9999899998999989999899998999989999899998999989999899998    6    5
    4    4    3    2    2    2    2    1    0    1    3    4    5
    5    5    5    4    2    3    6   11   17   20   2599998
99998999989999899998999989999899998999989999899998    6    5    5
    4    4    3    3    3    3    3    2    1    1    2    3    4
    5    5    5    3    2    3    5   11   16   20   2599998
99998999989999899998999989999899998999989999899998    5    4    4
    4    4    3    4    4    4    4    3    2    2    2    2    3
    3    4    4    3    3    3    4    8   13   18   2499998
99998999989999899998999989999899998999989999899998    3    3    4
    4    5    4    5    5    5    6    5    4    3    3    2    2
    2    3    3    2    2    2    2    5    9   159999899998
99998999989999899998999989999899998999989999899998    2    3    4
    4    5    6    6    7    8    7    8    6    4    4    3    2
    1    2    1    1    1    1    1    2    5   10   1399998
