sst_total_11_2014_ano.22
   14   14   14   14   14   13   11   11   10    9    8    7    7
    6    5    4    4    5    7    9   10   14   17   219999899998
999989999899998999989999899998999989999899998999989999899998
   13   14   14   14   12   11   11    9    9    8    7    8    7
    6    6    6    6    6    8    9   10   13   17999989999899998
999989999899998999989999899998999989999899998999989999899998
   13   13   13   13   12   10    9    8    8    7    7    7    7
    7    7    7    8    8   10   10   12   15   17999989999899998
999989999899998999989999899998999989999899998999989999899998
   11   12   12   12   11    9    8    7    7    7    7    6    6
    6    7    7    9   10   11   12   13   1699998999989999899998
999989999899998999989999899998999989999899998999989999899998
   10   11   11   11    9    8    7    6    7    7    7    6    5
    5    5    6    9   11   11   12   13   1599998999989999899998
999989999899998999989999899998999989999899998999989999899998
    8    9    9    8    8    6    6    5    6    6    6    5    4
    3    3    4    7    9   10   10   10   1099998999989999899998
999989999899998999989999899998999989999899998999989999899998
    7    7    7    7    6    5    4    4    5    5    5    4    3
    3    2    2    5    8    9    8    7    699998999989999899998
999989999899998999989999899998999989999899998999989999899998
    6    5    6    5    5    5    4    4    4    4    4    4    3
    2    2    3    5    7    8    7    5    399998999989999899998
999989999899998999989999899998999989999899998999989999899998
    5    5    4    4    4    5    5    4    4    4    4    3    3
    3    3    4    6    7    7    5    2    199998999989999899998
999989999899998999989999899998999989999899998999989999899998
    5    4    4    3    4    4    4    5    4    3    3    3    2
    2    3    4    6    7    6    3    0   -3   -5999989999899998
999989999899998999989999899998999989999899998999989999899998
    6    4    3    3    3    4    4    4    4    3    2    2    2
    3    3    5    6    6    5    1   -2   -6   -7   -69999899998
999989999899998999989999899998999989999899998999989999899998
99998    5    4    3    3    4    4    4    3    2    2    2    2
    3    4    5    5    6    4    1   -3   -7   -8   -6   -499998
999989999899998999989999899998999989999899998999989999899998
99998999989999899998    4    4    5    3    2    1    0    1    2
    3    4    5    5    5    3    1   -3   -5   -7   -6   -4   -4
   -1   -1    0    2    5    7    9   12   14999989999899998
9999899998999989999899998    5    5    3    1   -1   -1    0    1
    3    4    5    5    5    3    2   -1   -4   -5   -4   -5   -5
   -5   -6   -5   -2    1    5    8   11   12999989999899998
9999899998999989999899998    5    4    2    1   -1   -1   -1    1
    2    5    5    4    4    3    1    0   -2   -2   -3   -4   -5
   -8  -10   -9   -7   -2    3    7    9   10999989999899998
999989999899998999989999899998    3    2    0   -1   -1    0    1
    3    5    5    4    3    1    0   -1   -1   -1   -3   -4   -6
  -10  -13  -14  -10   -4    2    6    7    8999989999899998
9999899998999989999899998999989999899998   -1    0    0    1    2
    3    4    4    2    1   -1   -2   -2   -2   -1   -2   -5   -6
  -10  -15  -15  -12   -7    0    4    6    7999989999899998
9999899998999989999899998999989999899998999989999899998    3    3
    3    3    2    1   -1   -2   -3   -3   -3   -2   -2   -3   -4
   -7  -11  -13  -12   -7   -1    3    5    7    99999899998
999989999899998999989999899998999989999899998999989999899998    4
    3    2    1   -1   -2   -3   -4   -3   -3   -2   -2   -2   -2
   -3   -5   -8   -9   -6    0    4    7    9   12   1499998
999989999899998999989999899998999989999899998999989999899998    4
    2    1    0   -1   -3   -4   -4   -4   -3   -2   -2   -1   -1
   -2   -2   -4   -7   -8    0    6   11   13   16   1899998
9999899998999989999899998999989999899998999989999899998    4    3
    2    1    0   -1   -3   -4   -4   -4   -4   -3   -2   -1   -1
   -2   -2   -4  -13  -16   -2    6   13   17   19   2099998
99998999989999899998999989999899998999989999899998    3    3    2
    2    1    0   -1   -2   -3   -3   -4   -4   -4   -3   -3   -3
   -3   -4   -5  -10  -13   -4    5   13   18   20   2199998
99998999989999899998999989999899998999989999899998    2    1    2
    2    2    1   -1   -2   -3   -3   -3   -4   -4   -4   -4   -4
   -4   -3   -5   -6   -7   -2    5   12   18   21   2499998
99998999989999899998999989999899998999989999899998    1    1    2
    2    2    1   -1   -2   -3   -3   -3   -4   -4   -4   -5   -4
   -3   -3   -3   -4   -3    0    5   11   16   219999899998
99998999989999899998999989999899998999989999899998    0    1    1
    1    2    1   -1   -3   -3   -4   -4   -3   -3   -5   -5   -6
   -4   -2   -2   -2   -1    2    5   10   15   19   2399998
