sst_total_09_2017_ano.22
    9    9    8    8    8    8    9   10   11   11   10    8    7
    5    5    4    6    8    9    9    8    6    5    79999899998
999989999899998999989999899998999989999899998999989999899998
    9    8    7    7    7    7    8    9    9    9    9    8    6
    6    6    6    8    9    9    8    6    5    5999989999899998
999989999899998999989999899998999989999899998999989999899998
    8    7    7    7    6    6    7    8    8    8    8    7    7
    7    8    7    9   10    8    7    6    5    4999989999899998
999989999899998999989999899998999989999899998999989999899998
    7    6    6    6    6    6    6    7    7    8    8    8    8
    9    9    9   10   10    8    6    5    599998999989999899998
999989999899998999989999899998999989999899998999989999899998
    7    6    6    6    5    5    5    6    7    8    8    9   10
   10   11   10   10    9    7    5    3    399998999989999899998
999989999899998999989999899998999989999899998999989999899998
    6    6    6    6    6    5    5    6    7    8    9   10   10
   10   10   10    9    9    7    5    2    099998999989999899998
999989999899998999989999899998999989999899998999989999899998
    6    6    6    6    6    6    6    6    6    8    8    9   10
   10   10    9    9    9    9    6    3    199998999989999899998
999989999899998999989999899998999989999899998999989999899998
    8    8    8    7    8    8    7    6    6    5    6    7    8
    9    9    9    9   10   10    9    6    599998999989999899998
999989999899998999989999899998999989999899998999989999899998
    9    9    9    9   10   10    8    6    5    4    4    4    5
    6    7    8   10   10   10    9    8    899998999989999899998
999989999899998999989999899998999989999899998999989999899998
   10   10   10   10   10   10    8    6    5    3    2    2    3
    3    5    7    9   10    9    8    8    8    8999989999899998
999989999899998999989999899998999989999899998999989999899998
   11   10   10    9   10    9    7    6    4    3    2    1    1
    1    2    5    7    8    7    7    7    7    8    89999899998
999989999899998999989999899998999989999899998999989999899998
99998   10   10    9    8    8    7    6    5    4    3    1    0
    0    1    2    4    5    6    5    7    8    8    8    999998
999989999899998999989999899998999989999899998999989999899998
99998999989999899998    6    6    6    6    6    5    4    1    0
   -1    0    1    3    4    5    6    7    8    8    8    8    8
    9   11   12   12   10    8    7    5    5999989999899998
9999899998999989999899998    4    5    5    5    4    3    1    0
    1    1    2    3    4    5    7    8    9    9    8    7    7
    7    8    8    8    8    7    5    6    5999989999899998
9999899998999989999899998    2    4    4    4    3    2    1    1
    2    3    4    3    4    5    7    8    8    9    9    8    7
    7    6    6    5    5    6    6    6    7999989999899998
999989999899998999989999899998    3    4    3    2    1    1    2
    3    5    5    3    4    5    5    7    8    9    9    8    8
    7    6    4    4    5    5    6    7    8999989999899998
9999899998999989999899998999989999899998    2    2    1    1    2
    4    4    4    2    2    4    4    5    7    8    7    7    7
    6    6    4    4    5    6    7    7    8999989999899998
9999899998999989999899998999989999899998999989999899998    1    2
    3    3    2    1    1    3    4    5    6    7    6    7    7
    7    6    4    4    5    5    6    6    8   109999899998
999989999899998999989999899998999989999899998999989999899998    1
    1    0   -1   -1    0    1    4    6    7    7    8    8    9
    9    8    6    5    5    5    5    6    7    9   1199998
999989999899998999989999899998999989999899998999989999899998    1
   -1   -3   -4   -4   -3    0    4    6    7    8    9    9    9
    8    8    7    6    5    5    4    4    5    6    899998
9999899998999989999899998999989999899998999989999899998    0   -1
   -3   -5   -6   -6   -4   -1    3    5    6    8    9    9    9
    9    9    8    6    5    3    3    2    2    2    399998
99998999989999899998999989999899998999989999899998    1   -1   -3
   -4   -6   -7   -6   -5   -2    1    3    4    6    8    9    9
   10    9    9    7    5    2    2    1    0   -2   -199998
99998999989999899998999989999899998999989999899998    1   -2   -4
   -5   -6   -6   -5   -4   -2    0    2    3    4    5    7    8
   10   10    9    8    6    3    1    0   -2   -2   -299998
99998999989999899998999989999899998999989999899998   -1   -3   -4
   -4   -5   -4   -4   -3   -2   -1    1    1    1    3    5    7
   10   11   10    8    6    3    0   -3   -3   -39999899998
99998999989999899998999989999899998999989999899998   -1   -3   -4
   -4   -3   -3   -2   -2   -1   -1   -1   -1    0    2    4    6
   10   12   11    9    6    3   -1   -4   -6   -5   -499998
