sst_total_08_2016_ano.22
   16   15   14   12   11   10    8    7    6    6    5    4    3
    3    2    2    2    3    5    7    8   11   13   179999899998
999989999899998999989999899998999989999899998999989999899998
   14   13   13   12   10   10    9    8    7    6    6    5    5
    4    4    3    4    4    6    7    8   11   14999989999899998
999989999899998999989999899998999989999899998999989999899998
   12   12   11   10    9    9    8    8    7    7    7    6    6
    5    5    5    5    6    7    7    8   11   13999989999899998
999989999899998999989999899998999989999899998999989999899998
   10   10    9    9    9    7    7    7    7    7    7    7    7
    7    7    7    8    8    7    8    8   1199998999989999899998
999989999899998999989999899998999989999899998999989999899998
    8    8    7    7    7    6    6    6    6    6    6    7    8
    8    9    8   10   10    9    8    7    899998999989999899998
999989999899998999989999899998999989999899998999989999899998
    5    6    6    6    5    5    4    5    5    5    6    7    9
    9   10    9   10   11   10    8    6    499998999989999899998
999989999899998999989999899998999989999899998999989999899998
    5    6    6    6    5    4    4    3    4    5    6    7    9
   11   11   10   10   10   11    8    5    299998999989999899998
999989999899998999989999899998999989999899998999989999899998
    6    6    6    6    6    6    4    4    4    4    5    8   10
   12   12   11    9    9    9    8    5    499998999989999899998
999989999899998999989999899998999989999899998999989999899998
    6    6    7    7    7    6    5    4    4    5    6    8   11
   12   12   11    9    8    8    7    6    599998999989999899998
999989999899998999989999899998999989999899998999989999899998
    6    7    8    9    9    8    6    6    6    6    6    9   11
   12   12   11    9    7    7    7    6    6    6999989999899998
999989999899998999989999899998999989999899998999989999899998
    6    8    9   10   10   10    8    8    8    8    8   10   11
   11   11   10    9    8    7    7    7    7    7    69999899998
999989999899998999989999899998999989999899998999989999899998
99998    9   10   11   12   12   11   11   10    9    8    9    9
    9    9    7    7    7    7    9    9    9    8    7    799998
999989999899998999989999899998999989999899998999989999899998
99998999989999899998   13   13   12   11    9    8    7    7    6
    6    6    5    6    6    7    9    9    9    9    8    7    7
    9   10   12   13   12    9    8    6    5999989999899998
9999899998999989999899998   11   11    9    7    6    5    4    4
    5    5    4    4    5    6    8    8    8    8    8    8    8
    9   10   11   11   11    9    8    7    6999989999899998
9999899998999989999899998    9    7    6    5    4    3    3    4
    3    4    4    3    4    6    7    7    7    7    8    9   10
   11   11   11   11   11   10    9    8    8999989999899998
999989999899998999989999899998    3    3    3    3    3    3    3
    4    4    4    4    4    5    5    5    5    6    8    9   11
   13   13   13   12   12   11   11   10   11999989999899998
9999899998999989999899998999989999899998    2    2    3    3    4
    4    5    4    3    4    4    4    4    3    4    6    7    9
   11   13   12   12   11   11   11   12   15999989999899998
9999899998999989999899998999989999899998999989999899998    4    4
    4    4    4    4    4    4    3    3    2    3    4    6    8
   10   11   10   10   10   10   10   11   15   189999899998
999989999899998999989999899998999989999899998999989999899998    4
    4    4    4    5    4    4    3    2    2    2    4    6    8
    9   10    9    9    9   11   10   11   12   14   1699998
999989999899998999989999899998999989999899998999989999899998    4
    4    4    4    4    5    4    4    2    2    3    4    6    8
   10   10   11   11   11   11   11   10   10   10   1199998
9999899998999989999899998999989999899998999989999899998    5    4
    4    4    4    5    4    4    4    3    3    4    5    7    8
   10   11   13   13   13   13   12   11    8    6    499998
99998999989999899998999989999899998999989999899998    7    5    4
    4    3    3    4    5    4    4    3    3    4    7    7    8
   11   12   14   15   14   13   12   11    6    3    299998
99998999989999899998999989999899998999989999899998    7    6    4
    4    4    3    4    4    5    5    3    4    5    7    8    9
   10   12   13   13   13   12   10    8    7    6    599998
99998999989999899998999989999899998999989999899998    8    7    6
    5    5    4    4    5    6    5    6    6    6    7    7    8
    9   10   10    9    9    8    7    6    7    89999899998
99998999989999899998999989999899998999989999899998    8    7    6
    6    6    5    6    6    7    7    6    7    8    7    7    8
    8    9    8    7    6    5    4    4    6    9   1299998
