sst_total_07_2014_ano.22
    8    9    9    9    9    9    9   10   10   10   10   11   12
   13   13   14   12   11   11   10   11   10   11   119999899998
999989999899998999989999899998999989999899998999989999899998
    8    8    8    8    8    8    8    8    8    9    9   10   10
   11   11   12   11   10   10   10   10   11   12999989999899998
999989999899998999989999899998999989999899998999989999899998
    7    7    6    6    6    6    6    6    7    7    7    7    8
    9    9    9    9    8    8    8    9   11   13999989999899998
999989999899998999989999899998999989999899998999989999899998
    6    5    5    4    4    3    3    3    4    5    5    5    6
    6    6    6    7    7    6    8   10   1399998999989999899998
999989999899998999989999899998999989999899998999989999899998
    4    3    3    2    1    1    1    2    2    2    3    3    3
    4    4    5    5    6    5    8   10   1299998999989999899998
999989999899998999989999899998999989999899998999989999899998
    2    1    1    0    0   -1   -1   -1    0    1    2    2    2
    2    3    4    5    5    6    7    8   1099998999989999899998
999989999899998999989999899998999989999899998999989999899998
    0    0    0    0   -1   -2   -2   -2   -1    1    2    2    2
    3    3    4    4    5    7    7    8    899998999989999899998
999989999899998999989999899998999989999899998999989999899998
    0    1    0    0   -1   -2   -2   -2   -1    1    2    3    2
    4    4    5    4    5    7    8    8    999998999989999899998
999989999899998999989999899998999989999899998999989999899998
    1    1    1    2    1    0   -1   -1   -1    1    3    3    3
    4    4    5    6    6    7    8    8   1099998999989999899998
999989999899998999989999899998999989999899998999989999899998
    1    2    2    2    2    1    0    0    1    2    3    4    5
    5    5    6    6    7    6    7    8    9   11999989999899998
999989999899998999989999899998999989999899998999989999899998
    1    2    3    3    3    1    0    1    1    3    4    4    5
    6    6    6    7    6    5    6    7    7    9    99999899998
999989999899998999989999899998999989999899998999989999899998
99998    3    4    3    2    1    0    0    1    2    3    5    6
    6    6    6    5    3    2    2    3    4    6    7    999998
999989999899998999989999899998999989999899998999989999899998
99998999989999899998    2    1    0   -1    0    1    2    4    5
    6    5    5    2   -1   -3   -4   -4   -1    1    4    6    6
    8   11   12   12    9    7    6    5    5999989999899998
9999899998999989999899998    1    0    0    1    1    1    2    4
    4    5    3   -1   -4   -7   -9  -10   -6   -2    2    4    4
    6    8   10   11   10    8    6    5    5999989999899998
9999899998999989999899998   -1    1    3    3    3    1    1    2
    3    4    2   -3   -5   -8  -10   -9   -6   -2    1    4    4
    6    8    9   11   11   10    7    5    5999989999899998
999989999899998999989999899998    5    7    7    4    2    0    0
    2    3    2   -2   -4   -5   -5   -3   -1    2    3    4    4
    7    8   10   12   12   11    9    7    6999989999899998
9999899998999989999899998999989999899998   10    6    2   -1   -1
    1    2    2    0    0    0    1    4    6    8    6    5    4
    5    6    7   10   11   10    9    8    7999989999899998
9999899998999989999899998999989999899998999989999899998   -1   -1
    1    3    4    5    5    6    8   11   13   12   11    8    6
    5    4    3    4    7    7    7    6    6    89999899998
999989999899998999989999899998999989999899998999989999899998    1
    4    7    9   10   11   11   13   15   16   15   12    9    7
    3    1   -1   -1    2    5    6    6    6    6    899998
999989999899998999989999899998999989999899998999989999899998    4
    7   11   13   15   15   15   16   17   16   14   12    8    7
    2   -2   -4   -4   -1    2    5    6    5    5    599998
9999899998999989999899998999989999899998999989999899998    3    5
   10   14   16   17   16   15   14   14   13   11    9    7    6
    2   -2   -6   -6   -4    1    5    6    3    1   -199998
99998999989999899998999989999899998999989999899998    1    4    6
    9   14   17   15   14   12   10    9    8    8    7    7    6
    3   -2   -5   -7   -6    1    5    3    0   -2   -699998
99998999989999899998999989999899998999989999899998    2    3    5
    8   10   11   10    9    8    6    4    5    6    6    6    6
    3    0   -4   -6   -5    1    3    0   -2   -5   -899998
99998999989999899998999989999899998999989999899998    3    3    5
    6    6    6    5    5    4    3    2    3    4    5    6    5
    4    2   -1   -4   -3    0    1   -4   -6   -99999899998
99998999989999899998999989999899998999989999899998    3    3    4
    4    3    3    2    1    1    1    1    4    4    5    5    6
    4    2    0   -1   -2   -2   -2   -7  -10  -13  -1599998
