sst_total_03_2017_ano.22
   12   11   10    9    9    8   10   10   11   11   11    8    5
    4    3    3    6    8   10   11   10    8    7    79999899998
999989999899998999989999899998999989999899998999989999899998
    9    8    8    7    7    6    7    8    8    9    8    6    4
    3    3    3    5    8    9    9    8    6    5999989999899998
999989999899998999989999899998999989999899998999989999899998
    6    6    6    6    5    4    5    5    5    6    5    4    3
    3    3    3    5    8    8    8    7    5    4999989999899998
999989999899998999989999899998999989999899998999989999899998
    5    5    5    4    4    3    2    3    3    3    3    2    2
    2    3    4    6    8    8    7    5    499998999989999899998
999989999899998999989999899998999989999899998999989999899998
    4    4    4    4    3    2    1    1    1    1    1    1    2
    2    4    5    6    8    7    5    3    199998999989999899998
999989999899998999989999899998999989999899998999989999899998
    5    5    4    3    2    1    0   -1   -1    0   -1    0    1
    3    4    4    6    6    5    2   -1   -499998999989999899998
999989999899998999989999899998999989999899998999989999899998
    7    6    5    3    2    0    0   -1   -1    0    0    0    1
    2    4    4    5    5    3   -1   -4   -799998999989999899998
999989999899998999989999899998999989999899998999989999899998
    9    7    5    3    2    1   -1    0   -1   -1   -1    0    0
    1    3    3    4    3    1   -3   -5   -699998999989999899998
999989999899998999989999899998999989999899998999989999899998
    9    7    5    3    2    1    0   -1   -1   -1   -1   -1   -2
   -1    0    1    2    2    1   -2   -2    099998999989999899998
999989999899998999989999899998999989999899998999989999899998
    9    7    5    3    2    3    1    0   -1   -1   -1   -3   -3
   -3   -2    0    2    3    2    1    2    5    5999989999899998
999989999899998999989999899998999989999899998999989999899998
    9    6    4    3    3    2    1    1    0    0    0   -2   -2
   -3   -2    0    3    5    4    4    4    7    8   109999899998
999989999899998999989999899998999989999899998999989999899998
99998    5    3    2    2    3    3    2    1    1    1    0   -1
   -1    0    2    5    7    7    6    6    7    8   11   1599998
999989999899998999989999899998999989999899998999989999899998
99998999989999899998    3    4    5    4    3    2    3    2    2
    2    3    5    8    9    9    8    7    8    8   10   12   14
   13   10    9    8    9   11   14   16   18999989999899998
9999899998999989999899998    5    5    4    3    3    3    5    6
    7    7    9   10   10   10    9    9    9    8    8    9   10
    9    7    6    7    8   11   13   15   16999989999899998
9999899998999989999899998    6    5    3    1    1    2    5    7
    9   10   11   11   10    9    9    9   10    8    7    7    7
    6    6    5    5    8   10   12   14   15999989999899998
999989999899998999989999899998    4    1   -1   -2   -1    3    6
    9   10   11   10    9    8    8    9    9    8    6    5    5
    5    4    4    6    8   10   12   13   13999989999899998
9999899998999989999899998999989999899998   -4   -4   -3    1    4
    7    9    9    8    7    6    7    8    9    8    7    6    5
    4    4    5    7    9   11   13   12   12999989999899998
9999899998999989999899998999989999899998999989999899998    0    3
    6    6    6    6    5    5    7    8    9    9    8    7    5
    5    4    6    8   11   13   13   13   11    89999899998
999989999899998999989999899998999989999899998999989999899998    3
    4    4    3    3    3    5    7    8    9    9    8    7    7
    7    7    7   10   13   14   14   12   10    8    699998
999989999899998999989999899998999989999899998999989999899998    2
    2    2    1    1    1    3    6    8    9    9    9    9    9
   10   10   10   11   13   14   14   13   10    7    599998
9999899998999989999899998999989999899998999989999899998    2    2
    2    2    0   -1   -2    1    4    7    8    8    9   10   11
   11   11   11   10   11   12   12   11    9    6    499998
99998999989999899998999989999899998999989999899998    0    1    2
    3    1    0   -1   -3   -1    2    5    6    7    8    9   11
   11   11    9    8    7    8    9    8    6    5    599998
99998999989999899998999989999899998999989999899998    1    2    3
    3    3    2   -1   -2   -2   -1    2    4    5    6    7    9
    9    8    6    3    3    4    4    4    4    5    899998
99998999989999899998999989999899998999989999899998    3    3    3
    5    5    4    1   -1   -1   -1    1    2    3    3    4    5
    4    3    1    0    0    0    0    0    2    49999899998
99998999989999899998999989999899998999989999899998    4    5    5
    6    7    5    3    0    0   -1    1    1    1    0   -1    0
   -1   -2   -4   -3   -3   -3   -3   -2    1    4    899998
