sst_total_06_2016_ano.22
   14   15   15   15   14   13   10    8    5    5    4    4    4
    5    7    9   11   13   14   15   15   14   14   149999899998
999989999899998999989999899998999989999899998999989999899998
   13   14   13   13   12   11    9    7    6    5    5    5    5
    6    7    9   11   13   14   14   14   13   13999989999899998
999989999899998999989999899998999989999899998999989999899998
   12   12   12   11   11   10    8    7    6    6    7    6    6
    7    8    9   11   13   13   13   13   12   11999989999899998
999989999899998999989999899998999989999899998999989999899998
   11   11   10   10    9    8    7    7    7    7    7    7    8
    8    9   10   12   13   12   11   10   1099998999989999899998
999989999899998999989999899998999989999899998999989999899998
   11   10    9    8    8    7    6    7    7    7    6    7    8
    9   10   11   12   11    9    7    5    399998999989999899998
999989999899998999989999899998999989999899998999989999899998
   10    9    9    8    6    6    6    6    5    6    6    6    7
    9   10   10   10    9    6    2   -2   -699998999989999899998
999989999899998999989999899998999989999899998999989999899998
   10    9    8    7    6    5    5    4    5    4    4    5    7
    8    9    9    7    7    3   -2   -8  -1299998999989999899998
999989999899998999989999899998999989999899998999989999899998
   10    9    8    6    6    5    4    4    4    3    4    5    7
    9    9    8    6    4    1   -4  -10  -1399998999989999899998
999989999899998999989999899998999989999899998999989999899998
    9    8    7    6    5    5    4    3    4    4    4    5    8
    9    9    8    5    3    1   -3   -8   -999998999989999899998
999989999899998999989999899998999989999899998999989999899998
    5    5    4    5    4    4    3    3    4    4    5    6    7
    9    9    7    6    4    2   -1   -4   -3    0999989999899998
999989999899998999989999899998999989999899998999989999899998
    2    2    3    4    4    3    3    3    3    4    5    6    7
    8    8    7    6    5    3    2    1    2    5    89999899998
999989999899998999989999899998999989999899998999989999899998
99998    0    2    3    4    3    3    3    3    4    5    7    7
    7    7    7    6    6    5    5    4    6    8    9   1199998
999989999899998999989999899998999989999899998999989999899998
99998999989999899998    5    5    3    2    3    3    4    6    6
    6    6    7    6    6    6    7    6    7    8    9    9    7
    4    2    1    0    1    3    7   10   14999989999899998
9999899998999989999899998    6    5    2    2    2    4    5    6
    6    7    6    6    6    6    6    7    7    8    8    7    5
    4    2    1    2    2    6    9   12   15999989999899998
9999899998999989999899998    8    5    3    2    2    3    5    7
    7    7    7    5    5    5    6    7    8    9    8    8    7
    5    5    5    6    7   10   13   15   17999989999899998
999989999899998999989999899998    4    2    1    2    4    5    6
    7    7    7    5    5    5    5    6    7    9   10   10    9
    9    9   11   13   14   15   17   18   20999989999899998
9999899998999989999899998999989999899998    1    2    4    5    6
    7    6    6    5    4    4    4    5    7    8    9   10   10
   11   12   14   17   17   18   19   19   19999989999899998
9999899998999989999899998999989999899998999989999899998    5    7
    7    6    6    5    4    4    4    4    6    8    9   10   10
   11   12   14   14   15   16   16   17   17   189999899998
999989999899998999989999899998999989999899998999989999899998    6
    7    6    5    4    5    5    5    4    5    6    9   10   10
   10   11   12   11   11   12   13   14   16   17   1899998
999989999899998999989999899998999989999899998999989999899998    6
    6    5    5    4    4    5    4    3    3    5    8    9    8
    8    9    9    9    7    7   10   13   14   16   1899998
9999899998999989999899998999989999899998999989999899998    5    6
    5    5    3    3    3    3    4    2    2    3    6    7    8
    7    8    7    4    3    4    7   10   14   14   1599998
99998999989999899998999989999899998999989999899998    4    4    6
    6    5    3    2    3    3    3    2    1    3    4    6    6
    6    6    5    3    1    2    4    8   11   14   1599998
99998999989999899998999989999899998999989999899998    1    3    5
    6    6    4    3    2    4    4    3    2    3    4    5    5
    5    5    4    3    2    2    4    6   10   14   1699998
99998999989999899998999989999899998999989999899998   -4    1    4
    6    7    5    4    3    5    5    5    4    4    5    5    5
    5    5    4    3    3    3    4    5    9   139999899998
99998999989999899998999989999899998999989999899998   -8   -1    3
    6    8    7    7    5    7    7    7    7    7    6    5    5
    5    5    5    5    5    5    5    5    8   11   1599998
