sst_total_02_2016_ano.22
   16   16   15   14   13   12   10    9    7    6    5    4    3
    3    3    2    4    5    7    9   12   13   15   169999899998
999989999899998999989999899998999989999899998999989999899998
   14   14   14   13   13   11    9    7    6    5    3    3    2
    2    2    2    3    4    7    9   10   12   13999989999899998
999989999899998999989999899998999989999899998999989999899998
   12   12   12   12   11   10    8    6    4    3    2    1    0
    1    1    2    3    5    7    9   10   12   13999989999899998
999989999899998999989999899998999989999899998999989999899998
   11   11   10   11   10    9    7    5    3    2    1    1    1
    1    2    3    6    8    9   10   11   1299998999989999899998
999989999899998999989999899998999989999899998999989999899998
   10    9    9    9    8    7    5    2    1    1    1    1    2
    2    4    7   10   11   11   11   12   1199998999989999899998
999989999899998999989999899998999989999899998999989999899998
    8    8    8    7    6    4    2    1    0   -1    0    1    2
    5    8   11   13   13   13   12   12   1299998999989999899998
999989999899998999989999899998999989999899998999989999899998
    7    7    7    5    4    3    1   -1   -1   -1    0    1    3
    6   10   13   14   15   14   13   13   1399998999989999899998
999989999899998999989999899998999989999899998999989999899998
    6    6    5    4    3    1    0   -1   -1    0    1    2    4
    7   10   13   14   15   15   14   15   1799998999989999899998
999989999899998999989999899998999989999899998999989999899998
    6    6    5    4    3    1    0    0    0    2    2    4    5
    8   10   12   14   14   15   15   17   2099998999989999899998
999989999899998999989999899998999989999899998999989999899998
    6    5    5    4    3    2    1    1    3    4    4    5    7
    9    9   10   12   13   14   14   17   19   15999989999899998
999989999899998999989999899998999989999899998999989999899998
    6    6    6    5    4    3    3    3    5    6    6    7    7
    8    8    9   11   12   12   14   16   15   13    79999899998
999989999899998999989999899998999989999899998999989999899998
99998    7    6    6    4    4    4    4    5    6    7    7    7
    7    7    8   10   11   12   13   14   13   10    7    599998
999989999899998999989999899998999989999899998999989999899998
99998999989999899998    6    6    6    5    5    6    6    7    7
    7    7    8   10   11   12   14   15   13   10    6    5    5
    2   -3   -9  -10  -10   -3    6   14   23999989999899998
9999899998999989999899998    7    6    6    6    5    5    5    6
    6    7    8    9   11   13   14   16   15   11    7    5    4
    0   -4   -9  -10   -8   -2    6   14   22999989999899998
9999899998999989999899998    8    6    5    4    4    4    4    4
    5    6    7    9   11   12   15   16   15   13    8    6    5
    1   -3   -7   -8   -7    0    6   14   20999989999899998
999989999899998999989999899998    6    4    3    3    3    3    3
    4    5    5    7   10   12   14   15   14   13   10    8    7
    4    1   -2   -4   -4    0    6   13   17999989999899998
9999899998999989999899998999989999899998    2    2    2    2    2
    2    3    4    6    8   10   11   13   12   12   11   10    9
    7    6    4    2   -1    0    5    9   11999989999899998
9999899998999989999899998999989999899998999989999899998    1    2
    2    1    1    3    5    7    9   10   11   12   11   11   11
   10    9    8    4    0   -1    2    6    8    79999899998
999989999899998999989999899998999989999899998999989999899998    2
    1    0   -1    0    0    3    6    7   10   11   12   12   12
   12   12   10    5    0   -2    0    5    7    7    699998
999989999899998999989999899998999989999899998999989999899998    3
    1   -1   -2   -3   -3   -1    2    5    8   10   11   12   11
   13   12   10    6    1   -1    1    5   10   11   1099998
9999899998999989999899998999989999899998999989999899998    6    5
    3    1   -1   -3   -3   -2    0    3    6    9   10   11   11
   11   12   10    7    3    2    4    8   13   15   1599998
99998999989999899998999989999899998999989999899998    8    7    7
    6    4    2    0   -1   -1    0    2    5    7    9   10   10
   10   10   10    8    5    5    7   11   15   17   1899998
99998999989999899998999989999899998999989999899998   10   10   10
   10    9    8    5    3    3    3    3    5    6    8    8    8
    9    9    9    9    7    8    9   11   12   15   1699998
99998999989999899998999989999899998999989999899998   12   12   13
   14   14   13   11    9    8    6    6    6    7    7    7    6
    6    8    8    9    9    9    9    8    9   109999899998
99998999989999899998999989999899998999989999899998   13   14   16
   17   18   19   17   15   12   10    9    8    7    6    5    5
    5    6    8   10   11    9    8    5    3    3    399998
