sst_total_05_2017_ano.22
   13   10    8    5    2   -1   -4   -5   -5   -3   -1    0    2
    4    6    9   11   13   16   17   19   21   24   269999899998
999989999899998999989999899998999989999899998999989999899998
   10    8    6    4    1   -1   -2   -3   -2   -1    1    3    5
    7    9   11   13   15   17   18   20   22   24999989999899998
999989999899998999989999899998999989999899998999989999899998
    7    6    5    3    2    1   -1   -1    0    2    4    6    7
   10   11   13   15   17   19   20   20   23   24999989999899998
999989999899998999989999899998999989999899998999989999899998
    6    5    4    3    3    2    2    1    2    5    7    9   11
   12   13   14   17   19   20   21   21   2399998999989999899998
999989999899998999989999899998999989999899998999989999899998
    5    4    4    3    4    3    3    2    4    6    8   11   12
   13   14   15   18   19   19   19   20   2099998999989999899998
999989999899998999989999899998999989999899998999989999899998
    5    5    4    4    3    3    3    3    4    6    8   11   12
   12   13   15   16   17   17   17   17   1799998999989999899998
999989999899998999989999899998999989999899998999989999899998
    6    6    5    4    3    3    3    3    4    6    8    9   10
   10   11   13   14   15   15   15   14   1599998999989999899998
999989999899998999989999899998999989999899998999989999899998
    7    6    5    4    3    2    3    3    4    6    7    8    8
    8    9   10   12   14   14   14   14   1599998999989999899998
999989999899998999989999899998999989999899998999989999899998
    7    6    5    4    4    2    3    4    5    7    8    7    7
    6    7    8   12   13   14   14   15   1699998999989999899998
999989999899998999989999899998999989999899998999989999899998
    7    6    5    5    4    3    3    5    6    8    9    8    7
    6    7    9   11   12   13   12   14   16   18999989999899998
999989999899998999989999899998999989999899998999989999899998
    6    6    6    6    5    5    5    6    8    9   10    9    8
    7    8   10   11   12   11   11   12   13   15   149999899998
999989999899998999989999899998999989999899998999989999899998
99998    7    8    8    7    7    7    7    9    9   10   10    8
    9    9   11   11   10   10   10   11   12   13   11   1099998
999989999899998999989999899998999989999899998999989999899998
99998999989999899998    9    8    8    8    9    9    9    9    9
    9   10   11   10    9   10   11   13   13   12   10    7    7
    7    7    7    8    8   11   13   16   20999989999899998
9999899998999989999899998    9    8    7    7    8    8    9    9
    9   10   10   10   10   11   13   15   15   12    8    5    4
    4    4    5    6    6    9   11   14   17999989999899998
9999899998999989999899998    8    7    5    4    5    6    8    9
    9    9    9   10   11   13   14   16   16   14    8    4    3
    4    5    5    5    6    8   10   12   13999989999899998
999989999899998999989999899998    3    1    1    2    4    6    8
    8    8    7    9   11   13   15   16   17   15    9    5    4
    6    7    7    8    9    9   10   10   10999989999899998
9999899998999989999899998999989999899998   -2    0    2    4    6
    7    6    6    8   10   13   14   16   15   13   10    6    6
    8    9   10   11   12   11   11   10    8999989999899998
9999899998999989999899998999989999899998999989999899998    2    4
    5    4    3    5    8   11   13   14   14   13   11    8    7
    9   10   12   13   13   13   12    9    5    19999899998
999989999899998999989999899998999989999899998999989999899998    1
    2    2    1    2    5    8   11   12   13   12   11   10    9
   10   10   11   13   14   14   12    9    4   -1   -499998
999989999899998999989999899998999989999899998999989999899998    1
    1    1   -2   -1    0    4    7    9   10   11   10   10   11
    9    8    9   12   13   14   13    8    2   -3   -799998
9999899998999989999899998999989999899998999989999899998   -1    1
    1    0   -2   -3   -3   -1    2    4    8    9    9   10   11
    9    7    7    8   11   12   12    8    2   -4   -999998
99998999989999899998999989999899998999989999899998   -1    0    2
    1    0   -2   -5   -6   -4   -2    0    3    5    7    9   10
    8    7    5    5    7    9   11    9    3   -2   -799998
99998999989999899998999989999899998999989999899998    0    1    2
    2    1   -3   -6   -7   -6   -4   -3   -1    1    3    6    7
    8    6    5    4    5    6    8    7    5    3    099998
99998999989999899998999989999899998999989999899998    1    3    3
    2    0   -3   -6   -7   -6   -6   -5   -5   -4   -1    3    5
    6    6    4    4    3    5    5    5    7    89999899998
99998999989999899998999989999899998999989999899998    2    3    4
    2    0   -3   -5   -6   -6   -6   -5   -7   -7   -4    0    3
    4    5    3    3    3    4    4    6    8   12   1499998
