sst_total_09_2015_ano.22
   15   16   16   16   16   15   15   15   16   16   17   18   19
   20   22   23   25   26   24   21   17   16   15   189999899998
999989999899998999989999899998999989999899998999989999899998
   16   16   16   16   16   15   16   16   16   16   17   18   18
   19   20   21   22   24   23   20   17   16   16999989999899998
999989999899998999989999899998999989999899998999989999899998
   17   17   17   17   16   16   16   16   16   16   16   17   17
   17   18   18   20   21   19   19   18   18   18999989999899998
999989999899998999989999899998999989999899998999989999899998
   17   17   17   17   16   16   15   15   15   15   16   15   16
   15   15   16   17   17   17   18   19   2199998999989999899998
999989999899998999989999899998999989999899998999989999899998
   17   16   15   15   14   14   13   13   13   13   14   13   13
   13   14   14   15   15   15   15   17   2099998999989999899998
999989999899998999989999899998999989999899998999989999899998
   14   14   14   13   12   11   11   11   10   11   12   11   11
   11   12   13   13   13   13   13   14   1599998999989999899998
999989999899998999989999899998999989999899998999989999899998
   13   12   12   11   10   10    9    9    9    9   10   10    9
   11   11   12   12   11   12   11   10   1199998999989999899998
999989999899998999989999899998999989999899998999989999899998
   12   11   11   10    9    9    8    8    8    8    8    8    9
   10   11   12   10   10   11    9    9   1099998999989999899998
999989999899998999989999899998999989999899998999989999899998
   11   10   10    9    9    8    8    7    8    7    8    8    9
    9   10   10    9    9    9    8    9    999998999989999899998
999989999899998999989999899998999989999899998999989999899998
   10    9    9    8    8    7    6    7    8    8    8    8    9
    9    8    8    8    8    8    8    9    8    8999989999899998
999989999899998999989999899998999989999899998999989999899998
   10    8    8    7    7    6    5    6    7    7    8    9    9
    8    7    6    6    7    7    8    8    8    8    89999899998
999989999899998999989999899998999989999899998999989999899998
99998    7    8    7    6    5    5    5    5    6    7    8    9
    9    6    5    5    6    7    7    8    8    8    7    899998
999989999899998999989999899998999989999899998999989999899998
99998999989999899998    6    5    4    4    4    5    6    7    9
    8    7    6    5    6    7    9    8    7    6    6    6    7
   10   12   12   12   12   10   10    8    7999989999899998
9999899998999989999899998    4    3    2    2    3    4    5    7
    8    7    5    5    7    9   11   10    7    4    4    4    5
    6    7    8    8    8    8    7    7    5999989999899998
9999899998999989999899998    1    1    1    1    2    3    4    5
    6    7    5    5    7   10   11   12    6    3    2    3    3
    5    5    5    5    5    5    5    4    4999989999899998
999989999899998999989999899998    0    0    0    2    2    3    5
    5    5    3    3    6    8    9    9    5    2    1    1    2
    3    4    3    4    4    3    3    3    3999989999899998
9999899998999989999899998999989999899998    0    2    2    3    4
    4    3    1    1    3    5    5    5    3    2    0    0    0
    1    3    2    3    2    2    1    1    0999989999899998
9999899998999989999899998999989999899998999989999899998    3    3
    3    2    0   -1    0    2    3    3    3    1    0   -1   -1
    1    2    2    1    1    0   -1   -2   -4   -89999899998
999989999899998999989999899998999989999899998999989999899998    3
    3    1    0   -1   -1    0    1    2    2    1    0   -1   -1
    1    2    3    2    1   -1   -2   -3   -6   -9  -1499998
999989999899998999989999899998999989999899998999989999899998    4
    3    2    1   -1   -1   -1    1    1    1    1    1    0    0
    0    2    4    4    1    0   -1   -3   -6   -9  -1299998
9999899998999989999899998999989999899998999989999899998    6    5
    4    3    1    1    0    0    1    1    1    1    1    0   -1
    0    2    4    4    3    1    1   -1   -3   -6   -899998
99998999989999899998999989999899998999989999899998    6    5    5
    5    4    2    2    1    1    1    0   -1    0    0   -1   -2
    0    1    3    3    2    0    1    3    1    0    099998
99998999989999899998999989999899998999989999899998    6    6    6
    5    4    3    1    1    1    0    0   -2   -2   -2   -2   -2
   -1    0    1    1    1    1    1    4    7    8   1099998
99998999989999899998999989999899998999989999899998    7    7    6
    6    5    3    2    0   -1   -1   -2   -3   -3   -3   -3   -3
   -3   -2   -1    0    0    0    1    5   10   149999899998
99998999989999899998999989999899998999989999899998    7    8    8
    7    5    4    1    0    0   -2   -3   -4   -3   -4   -4   -5
   -4   -3   -2   -2   -1    0    0    5   10   17   2399998
