sst_total_05_2015_ano.22
    7    6    6    5    5    4    3    3    3    3    3    3    4
    4    4    4    4    5    7    8    9   11   13   159999899998
999989999899998999989999899998999989999899998999989999899998
    8    7    7    5    5    4    4    3    3    3    3    3    4
    4    4    3    3    4    5    6    8   11   13999989999899998
999989999899998999989999899998999989999899998999989999899998
    8    8    7    6    5    5    4    3    3    3    2    2    2
    3    3    2    2    2    4    6    7   11   13999989999899998
999989999899998999989999899998999989999899998999989999899998
    9    8    7    6    5    4    4    3    3    3    2    2    2
    1    0    0    0    1    2    5    8   1299998999989999899998
999989999899998999989999899998999989999899998999989999899998
    8    7    5    4    3    2    2    1    1    1    0    0    0
   -1   -1   -2   -1    0    2    5   10   1399998999989999899998
999989999899998999989999899998999989999899998999989999899998
    5    3    2    1    0   -1   -2   -1   -2   -1   -2   -3   -3
   -3   -3   -3   -2   -1    2    6   12   1699998999989999899998
999989999899998999989999899998999989999899998999989999899998
    2    1    0   -1   -3   -4   -4   -4   -4   -5   -5   -5   -4
   -4   -3   -3   -2    0    4    9   14   1999998999989999899998
999989999899998999989999899998999989999899998999989999899998
    1    0   -1   -3   -4   -5   -5   -5   -5   -6   -6   -6   -4
   -3   -2   -3   -1    2    6   11   17   2499998999989999899998
999989999899998999989999899998999989999899998999989999899998
    2    0   -1   -2   -3   -4   -5   -5   -6   -5   -5   -4   -3
   -2   -1   -1    1    4    8   14   20   2699998999989999899998
999989999899998999989999899998999989999899998999989999899998
    3    1    0   -1   -1   -3   -4   -4   -4   -4   -4   -3   -1
    0    1    2    4    6    9   14   19   25   29999989999899998
999989999899998999989999899998999989999899998999989999899998
    5    3    1    1   -1   -1   -3   -3   -3   -3   -2   -1    1
    2    3    5    6    8   10   13   17   21   23   229999899998
999989999899998999989999899998999989999899998999989999899998
99998    5    3    2    0   -1   -1   -1   -1    0    0    1    3
    5    5    7    8    8    9   12   14   17   17   15   1499998
999989999899998999989999899998999989999899998999989999899998
99998999989999899998    1    1    1    1    1    1    2    3    5
    6    7    8    8    7    7    9   11   12   11   10    8    7
    7    5    2    1    2    5    7   11   15999989999899998
9999899998999989999899998    1    1    1    2    3    3    5    6
    7    8    8    6    4    3    3    5    7    5    4    3    3
    1   -2   -4   -4   -2    4    7   11   13999989999899998
9999899998999989999899998    2    3    3    3    4    5    6    7
    7    7    6    3    0   -1   -2    0    1    1    0    0    1
   -2   -6   -9   -8   -4    3    7   11   12999989999899998
999989999899998999989999899998    3    3    4    4    5    6    6
    6    6    4    1   -2   -4   -5   -4   -2   -1   -1    1    1
   -4  -10  -13  -10   -4    3    9   11   10999989999899998
9999899998999989999899998999989999899998    5    6    6    6    6
    6    4    3    0   -3   -4   -5   -5   -3   -1    1    2    2
   -3  -10  -12   -9   -1    5   11   12   10999989999899998
9999899998999989999899998999989999899998999989999899998    7    7
    7    4    2    0   -2   -3   -3   -3   -1    2    4    4    3
    0   -6   -7   -4    2   10   13   13   11    99999899998
999989999899998999989999899998999989999899998999989999899998    9
    7    5    3    1   -1   -1   -1    0    2    4    6    7    5
    3    0    0    2    7   13   15   15   13   13   1299998
999989999899998999989999899998999989999899998999989999899998   10
    8    6    3    1   -1   -1    0    1    4    7    8    8    7
    5    3    4    6    8   14   18   17   18   19   1999998
9999899998999989999899998999989999899998999989999899998   11   10
    9    7    5    2    0   -2    0    1    6    8    9    9    8
    6    5    5    6    7   12   15   19   20   21   2299998
99998999989999899998999989999899998999989999899998    9    9    9
    8    6    5    2    0    0    0    2    6    9    9    9    8
    7    6    6    5    4    7   10   16   17   20   2199998
99998999989999899998999989999899998999989999899998    7    6    7
    6    5    3    2    1    2    3    4    6    8    9    9    7
    7    6    6    4    2    1    2    6   11   15   1899998
99998999989999899998999989999899998999989999899998    5    5    5
    4    4    3    2    2    3    5    7    7    8    8    7    7
    6    7    5    3   -1   -3   -5   -3    3    89999899998
99998999989999899998999989999899998999989999899998    4    4    4
    3    3    2    2    3    4    7   10    9    9    8    7    6
    6    6    4    1   -2   -8   -9   -9   -7   -2    299998
