sst_total_08_2015_ano.22
   12   13   13   13   13   14   14   14   14   14   14   13   13
   14   14   14   15   16   18   19   19   19   20   219999899998
999989999899998999989999899998999989999899998999989999899998
   12   12   12   12   12   12   13   13   13   13   13   13   13
   13   14   13   14   15   17   17   18   18   19999989999899998
999989999899998999989999899998999989999899998999989999899998
   11   11   10   10   10   10   10   11   11   11   12   12   13
   13   13   13   14   14   15   16   17   18   18999989999899998
999989999899998999989999899998999989999899998999989999899998
   10    9    8    8    8    7    8    8    9   10   10   11   12
   12   13   13   14   14   14   16   17   2099998999989999899998
999989999899998999989999899998999989999899998999989999899998
    8    7    6    5    5    5    5    5    6    8    8   10   11
   12   12   13   14   15   16   17   18   2099998999989999899998
999989999899998999989999899998999989999899998999989999899998
    6    5    4    3    2    2    2    4    4    5    7    9   10
   10   11   12   13   15   17   18   18   1999998999989999899998
999989999899998999989999899998999989999899998999989999899998
    5    4    4    2    2    1    2    2    4    5    6    7    8
    9   10   11   13   15   18   18   17   1799998999989999899998
999989999899998999989999899998999989999899998999989999899998
    4    3    3    2    2    2    2    3    4    5    6    6    6
    8    8   10   12   14   16   17   17   1799998999989999899998
999989999899998999989999899998999989999899998999989999899998
    3    2    2    2    2    2    3    3    4    5    6    5    6
    7    8    9   11   13   15   15   16   1699998999989999899998
999989999899998999989999899998999989999899998999989999899998
    0    0    0    1    2    2    3    4    5    6    6    6    6
    7    8    9   11   12   12   13   14   14   15999989999899998
999989999899998999989999899998999989999899998999989999899998
   -2   -2   -2    0    1    2    3    4    5    5    5    7    7
    7    8    9   10   10   10   11   11   13   14   149999899998
999989999899998999989999899998999989999899998999989999899998
99998   -4   -3   -2    0    2    3    3    3    3    4    6    6
    7    8    8    8    7    7    8    9   11   12   13   1499998
999989999899998999989999899998999989999899998999989999899998
99998999989999899998    0    2    3    2    1    1    2    3    5
    6    7    7    6    4    4    5    6    8    9   10   10   10
   11   13   15   16   16   14   13   10    8999989999899998
9999899998999989999899998    2    3    2    1    0    0    1    3
    6    7    7    5    2    1    2    4    5    7    7    7    6
    6    7    8    9   11   10    9    7    5999989999899998
9999899998999989999899998    3    3    3    2    1    0    0    3
    5    7    8    4    2    0    0    2    4    5    4    4    3
    2    2    3    4    6    6    5    3    2999989999899998
999989999899998999989999899998    5    5    5    3    1    1    2
    5    7    7    5    1   -1   -1    1    1    3    2    1    0
    0    0    0    2    3    3    4    2    1999989999899998
9999899998999989999899998999989999899998    7    5    3    2    2
    4    6    6    4    1   -1   -1    0    1    1    1   -1   -1
   -2   -1   -1    1    2    2    2    1    0999989999899998
9999899998999989999899998999989999899998999989999899998    2    2
    3    5    5    3    0   -1   -1    0    1    0   -1   -1   -2
   -1   -1    0    0    2    2    0   -1   -4   -69999899998
999989999899998999989999899998999989999899998999989999899998    3
    4    4    3    2    0   -1   -1    1    1    0   -1   -1   -1
    0    0    1    2    3    3    1   -2   -7  -11  -1599998
999989999899998999989999899998999989999899998999989999899998    4
    4    3    2    0   -1   -1    0    1    1    0   -1   -2   -2
   -1    0    3    4    5    4    2   -3   -8  -14  -1999998
9999899998999989999899998999989999899998999989999899998    4    4
    4    3    2    1   -1   -1    0    0    1    0   -2   -3   -4
   -2    0    3    4    5    3    2   -2   -8  -16  -2299998
99998999989999899998999989999899998999989999899998    3    3    4
    4    3    1    0    0    0    0    0   -1   -2   -4   -6   -6
   -4   -2    1    3    4    2    1   -1   -8  -16  -2299998
99998999989999899998999989999899998999989999899998    3    3    3
    4    3    1    0    0    0    0   -1   -2   -5   -7   -8   -8
   -6   -3   -1    1    1    1    1   -2   -6  -12  -1999998
99998999989999899998999989999899998999989999899998    2    3    4
    4    3    1    0    0    1    0    0   -3   -6   -8   -9   -8
   -7   -5   -3   -2   -1    1    1   -2   -6  -119999899998
99998999989999899998999989999899998999989999899998    2    3    4
    4    3    1    1    1    1    1   -1   -4   -6   -8   -9   -9
   -7   -5   -3   -3   -1    0    0   -2   -5  -10  -1599998
