sst_total_06_2015_ano.22
    6    7    8    9   10   10   11   11   10   10    8    7    6
    4    3    2    2    3    5    6    7    6    6    69999899998
999989999899998999989999899998999989999899998999989999899998
    4    6    6    7    7    7    7    7    7    7    6    5    4
    3    2    1    2    4    5    6    7    6    6999989999899998
999989999899998999989999899998999989999899998999989999899998
    3    4    4    3    4    3    3    3    3    3    3    2    2
    1    1    1    2    3    4    6    7    7    7999989999899998
999989999899998999989999899998999989999899998999989999899998
    3    2    2    1    0    0   -1   -1   -1    0   -1   -1    0
   -1    0    0    1    3    4    5    8   1099998999989999899998
999989999899998999989999899998999989999899998999989999899998
    3    1    0   -1   -3   -3   -4   -4   -4   -4   -5   -4   -3
   -3   -3   -2    0    1    2    5    9   1299998999989999899998
999989999899998999989999899998999989999899998999989999899998
    2    0   -1   -2   -5   -6   -6   -6   -6   -6   -6   -6   -5
   -5   -4   -3   -3   -1    1    5    9   1299998999989999899998
999989999899998999989999899998999989999899998999989999899998
    1   -1   -2   -4   -6   -7   -7   -7   -5   -5   -5   -5   -5
   -4   -4   -3   -3   -1    2    6    9   1399998999989999899998
999989999899998999989999899998999989999899998999989999899998
    0   -2   -3   -5   -6   -7   -6   -5   -4   -3   -3   -3   -3
   -2   -1   -1    0    1    4    7   10   1599998999989999899998
999989999899998999989999899998999989999899998999989999899998
   -1   -1   -2   -4   -5   -5   -5   -3   -2   -1   -1    0    0
    2    3    4    4    4    7    9   11   1599998999989999899998
999989999899998999989999899998999989999899998999989999899998
   -1   -1   -2   -2   -3   -3   -3   -2    0    1    1    2    2
    5    7    8    8    7    8    8   12   15   18999989999899998
999989999899998999989999899998999989999899998999989999899998
    1    0    0    0   -1   -2   -1    0    1    2    2    3    4
    7    9   11   10    9    8    8   10   14   16   169999899998
999989999899998999989999899998999989999899998999989999899998
99998    2    2    1    0   -1    0    0    1    1    1    3    5
    7   10   12   12    9    7    7   10   13   14   13   1199998
999989999899998999989999899998999989999899998999989999899998
99998999989999899998    0    0   -1    0    1    0    0    2    4
    7   11   13   11    9    6    6    8   11   13   11    8    3
   -1   -3   -2    0    0    1    3    3    3999989999899998
9999899998999989999899998   -1   -1    0    1    0   -1    1    3
    7   11   13   11    7    5    4    6    9   11   10    6    1
   -3   -4   -4   -2   -2   -1   -1    0    1999989999899998
9999899998999989999899998   -3   -1    1    1    1    0    0    4
    8   12   13    9    6    3    2    4    7   10    9    5    1
   -2   -2   -1   -1   -1   -1   -1   -1    0999989999899998
999989999899998999989999899998   -1    2    2    2    1    1    3
    7   11   11    8    4    2    1    2    3    6    7    4    1
    1    2    4    5    4    2    0    0    2999989999899998
9999899998999989999899998999989999899998    5    3    2    2    4
    6    8    8    5    3    0   -1   -1    1    2    3    3    2
    4    6    8    8    7    5    3    2    2999989999899998
9999899998999989999899998999989999899998999989999899998    3    5
    7    7    6    3    1   -1   -2   -2    0    1    2    4    3
    6    8    9   10    9    6    4    2    2    39999899998
999989999899998999989999899998999989999899998999989999899998    7
    8    6    5    2    0   -1   -1   -1    0    2    5    6    6
    7    8    9    9    9    8    5    3    3    5    699998
999989999899998999989999899998999989999899998999989999899998    9
    8    7    5    2   -1    0    0    1    2    5    7    9    9
    8    8    8    9    9    8    8    6    5    5    799998
9999899998999989999899998999989999899998999989999899998    8    9
    8    6    4    1   -1    0    1    2    4    6    9   10   10
    8    8    7    7    8    8    7    5    5    5    699998
99998999989999899998999989999899998999989999899998    7    7    7
    6    6    4    2    1    1    2    3    5    6    8    9   10
    8    7    7    6    7    5    3    1    1    3    599998
99998999989999899998999989999899998999989999899998    8    7    7
    6    5    3    2    1    3    4    4    4    5    6    6    7
    6    6    6    6    6    2   -1   -5   -3    1    599998
99998999989999899998999989999899998999989999899998    9    8    7
    6    5    3    2    2    3    5    6    4    3    3    3    4
    5    5    5    5    6    0   -6   -9   -8   -29999899998
99998999989999899998999989999899998999989999899998   11    9    8
    6    5    3    4    3    4    5    6    5    3    1    0    0
    3    4    5    6    6   -1   -9  -14  -13   -7    099998
