tauY_total_03_2015_moy.22
  -66 -148 -141 -107  -66  -15  156  295  370  382  343  304  243
  215  148   23 -363 -701 -736 -646 -451 -416 -392 -5049999899998
999989999899998999989999899998999989999899998999989999899998
  -95  -86  -51  -11   28   72  181  274  311  303  243  194  133
   98   15 -125 -509 -789 -857 -823 -688 -584 -503999989999899998
999989999899998999989999899998999989999899998999989999899998
 -114  -31   27   75  113  140  192  226  221  173   92   29  -34
  -90 -161 -309 -604 -818 -915 -924 -836 -734 -633999989999899998
999989999899998999989999899998999989999899998999989999899998
 -109   10   75  127  162  173  162  146  104   29  -65 -135 -192
 -259 -360 -494 -655 -787 -888 -907 -887 -81599998999989999899998
999989999899998999989999899998999989999899998999989999899998
  -67   10   67  111  139  123   85   42  -21  -90 -167 -224 -279
 -358 -475 -622 -667 -729 -776 -805 -815 -83899998999989999899998
999989999899998999989999899998999989999899998999989999899998
   -7    5   26   43   36   15  -33  -70 -116 -163 -213 -232 -281
 -394 -546 -696 -747 -775 -766 -752 -752 -76299998999989999899998
999989999899998999989999899998999989999899998999989999899998
  -18  -43  -47  -54  -70  -88 -133 -172 -194 -207 -210 -211 -261
 -402 -581 -759 -863 -885 -825 -762 -729 -71399998999989999899998
999989999899998999989999899998999989999899998999989999899998
  -98 -121 -141 -158 -162 -172 -214 -263 -270 -234 -201 -198 -248
 -401 -609 -789 -914 -929 -852 -756 -678 -62199998999989999899998
999989999899998999989999899998999989999899998999989999899998
 -185 -202 -237 -263 -263 -249 -293 -356 -359 -315 -258 -239 -282
 -426 -622 -786 -853 -847 -773 -664 -545 -44199998999989999899998
999989999899998999989999899998999989999899998999989999899998
 -259 -302 -362 -396 -392 -358 -385 -444 -460 -426 -371 -345 -366
 -482 -670 -795 -782 -716 -613 -488 -380 -278 -214999989999899998
999989999899998999989999899998999989999899998999989999899998
 -292 -404 -500 -550 -537 -482 -472 -501 -536 -522 -478 -458 -470
 -578 -740 -821 -721 -605 -460 -327 -235 -190 -168 -1499999899998
999989999899998999989999899998999989999899998999989999899998
99998 -494 -607 -674 -657 -586 -528 -507 -542 -553 -522 -509 -523
 -627 -757 -811 -694 -547 -372 -234 -163 -151 -139 -131 -13999998
999989999899998999989999899998999989999899998999989999899998
99998999989999899998 -750 -633 -526 -473 -485 -487 -461 -433 -434
 -515 -627 -695 -638 -499 -331 -186 -138 -130 -117  -96  -79  -59
  -10   38  106  178  233  212  163  103   41999989999899998
9999899998999989999899998 -607 -474 -416 -392 -363 -321 -278 -260
 -308 -417 -504 -485 -372 -224 -105 -107 -111  -84  -35    0   25
   42   65  112  165  202  198  167  124   81999989999899998
9999899998999989999899998 -536 -440 -378 -315 -246 -174 -104  -66
  -95 -190 -285 -270 -162  -21   51   -9  -80  -30   55  111  130
  118  117  135  163  188  193  186  163  139999989999899998
999989999899998999989999899998 -438 -366 -263 -157  -54   44   94
   68  -18 -100  -79   21  157  191   91   20   35  140  210  222
  193  176  171  172  189  212  222  217  218999989999899998
9999899998999989999899998999989999899998 -235 -103   35  147  192
  158   77   13   42  127  218  245  180  112   98  172  231  254
  247  232  217  211  219  251  268  274  283999989999899998
9999899998999989999899998999989999899998999989999899998  204  225
  180  118   74  102  163  215  236  201  157  154  195  228  248
  262  279  286  281  272  294  304  306  284  2329999899998
999989999899998999989999899998999989999899998999989999899998  217
  185  156  148  157  196  224  230  207  185  207  226  242  243
  271  320  355  361  350  339  334  310  257  178  10599998
999989999899998999989999899998999989999899998999989999899998  171
  184  198  214  219  246  263  248  223  232  254  259  248  245
  284  327  373  411  412  390  361  308  223  130   5399998
9999899998999989999899998999989999899998999989999899998   83  108
  157  184  188  218  267  312  294  266  268  271  267  253  248
  281  320  375  422  442  433  394  313  215  145   8799998
99998999989999899998999989999899998999989999899998   19   40   52
   68   48   43  102  184  263  306  281  251  228  236  234  235
  265  300  355  405  438  439  425  372  312  288  27499998
99998999989999899998999989999899998999989999899998   -9   -9  -20
  -87 -161 -194  -88   38  156  237  249  199  162  183  202  212
  217  244  290  330  373  406  433  460  497  512  52899998
99998999989999899998999989999899998999989999899998  -56  -65  -97
 -262 -419 -480 -317 -126   47  166  200  154  124  147  170  182
  158  163  185  223  279  344  421  543  663  7689999899998
99998999989999899998999989999899998999989999899998  -87 -114 -156
 -401 -673 -769 -502 -251  -25  135  170  142  119  138  168  181
  125   93   78  108  177  273  379  583  780  964 113699998
