tauY_total_12_2016_moy.22
  110   61    6  -42  -81 -106 -148 -186 -181 -170 -163 -340 -449
 -399 -296 -129  -59  -30  -67 -128 -139  -66   -3   389999899998
999989999899998999989999899998999989999899998999989999899998
   84   18  -37  -88 -126 -150 -177 -199 -200 -193 -196 -311 -334
 -255 -167  -63  -13   18  -59 -141 -182 -177 -151999989999899998
999989999899998999989999899998999989999899998999989999899998
   40  -30  -83 -132 -168 -190 -202 -176 -173 -200 -219 -201 -148
  -65   20   66   53   12  -90 -171 -218 -266 -301999989999899998
999989999899998999989999899998999989999899998999989999899998
  -11  -70 -116 -162 -201 -215 -165  -94  -99 -137 -179  -61   35
  118  164  128   38  -85 -156 -210 -250 -33499998999989999899998
999989999899998999989999899998999989999899998999989999899998
  -58  -95 -129 -171 -208 -218 -113  -32  -32  -68 -116   17  135
  215  173    5 -170 -279 -268 -288 -372 -44699998999989999899998
999989999899998999989999899998999989999899998999989999899998
 -125 -129 -141 -166 -199 -211 -134  -70  -47  -68 -104   13  113
  129    9 -214 -391 -492 -470 -499 -594 -68199998999989999899998
999989999899998999989999899998999989999899998999989999899998
 -225 -199 -187 -192 -207 -227 -198 -159 -130 -129 -139  -86  -11
  -53 -197 -425 -567 -611 -645 -717 -842 -98599998999989999899998
999989999899998999989999899998999989999899998999989999899998
 -314 -280 -250 -236 -241 -265 -286 -273 -240 -202 -193 -197 -153
 -223 -380 -557 -622 -636 -718 -828 -976-112999998999989999899998
999989999899998999989999899998999989999899998999989999899998
 -353 -316 -287 -268 -267 -294 -369 -383 -338 -293 -258 -238 -248
 -325 -436 -537 -563 -574 -649 -760 -886 -97699998999989999899998
999989999899998999989999899998999989999899998999989999899998
 -322 -293 -279 -276 -287 -302 -360 -421 -396 -335 -297 -289 -321
 -360 -433 -488 -490 -473 -475 -547 -633 -663 -632999989999899998
999989999899998999989999899998999989999899998999989999899998
 -247 -242 -247 -265 -275 -294 -304 -345 -355 -358 -346 -369 -390
 -407 -418 -436 -406 -361 -307 -290 -309 -336 -310 -2479999899998
999989999899998999989999899998999989999899998999989999899998
99998 -178 -209 -242 -269 -275 -275 -282 -331 -385 -412 -421 -410
 -398 -378 -349 -303 -241 -167  -89  -53  -80 -103 -111 -10599998
999989999899998999989999899998999989999899998999989999899998
99998999989999899998 -275 -261 -250 -241 -284 -347 -387 -376 -343
 -293 -232 -199 -141  -76    1   72   87   55   28   15   14   47
   94  105  127  173  225  238  222  186  134999989999899998
9999899998999989999899998 -242 -208 -175 -178 -202 -232 -218 -154
  -70  -17    9   56  108  153  160  144  126  121  135  148  146
  132  103   96  127  173  202  191  156  119999989999899998
9999899998999989999899998 -228 -157  -99  -54  -51  -42    0   74
  159  208  198  209  251  264  215  173  180  247  306  326  285
  205  137  101  110  154  192  199  166  143999989999899998
999989999899998999989999899998 -121  -36   44   96  119  184  260
  324  331  311  291  308  308  275  234  311  427  514  539  478
  321  208  149  154  210  257  259  207  168999989999899998
9999899998999989999899998999989999899998  135  174  207  284  351
  391  381  338  319  324  339  333  330  450  576  678  707  643
  468  315  256  276  333  369  342  259  187999989999899998
9999899998999989999899998999989999899998999989999899998  324  378
  399  382  325  292  304  353  375  399  520  631  722  760  705
  571  420  383  401  443  452  398  301  194  1219999899998
999989999899998999989999899998999989999899998999989999899998  332
  342  318  258  226  239  301  364  399  479  563  633  649  622
  556  475  454  459  482  452  398  309  195   97   3599998
999989999899998999989999899998999989999899998999989999899998  206
  229  200  160  135  142  195  253  296  330  378  417  436  435
  429  448  447  441  427  401  369  303  195   85   1199998
9999899998999989999899998999989999899998999989999899998   34   78
   95   98   87   66   63   86  124  176  174  187  192  207  235
  323  399  402  391  365  361  350  302  217  108   1799998
99998999989999899998999989999899998999989999899998  -89  -70  -40
  -17    8   35   26   19   18   55  111  124  110   80   74  142
  283  377  391  380  361  370  375  344  284  182   8299998
99998999989999899998999989999899998999989999899998 -203 -203 -177
 -126  -71  -16   11   20   25   63  112  136  123   84   66  120
  253  355  403  411  396  417  434  429  377  280  18199998
99998999989999899998999989999899998999989999899998 -346 -335 -305
 -233 -140  -42   33   74  104  129  174  179  151  113   88  107
  224  332  409  445  454  476  499  505  464  3999999899998
99998999989999899998999989999899998999989999899998 -473 -438 -395
 -310 -192  -56   69  160  205  246  283  218  172  131   85   93
  191  304  403  456  490  512  537  545  513  473  45399998
