tauY_total_02_2015_moy.22
  -54   42  114  189  256  306  380  397  319  192   71   13  -36
  -12  -16 -105 -309 -445 -319 -221 -136 -443 -709-10269999899998
999989999899998999989999899998999989999899998999989999899998
   11   58  108  178  237  285  319  312  205   64  -73 -115 -150
 -161 -217 -315 -497 -588 -494 -385 -361 -581 -765999989999899998
999989999899998999989999899998999989999899998999989999899998
   68   80  106  161  206  233  231  209   81  -70 -215 -263 -288
 -353 -442 -545 -645 -688 -646 -589 -573 -725 -882999989999899998
999989999899998999989999899998999989999899998999989999899998
  104   97  107  133  153  154  128   94  -23 -163 -297 -362 -390
 -508 -618 -721 -708 -702 -714 -705 -734 -83399998999989999899998
999989999899998999989999899998999989999899998999989999899998
  112  114  105   92   74   59   32   -9  -72 -170 -254 -325 -382
 -502 -607 -728 -648 -618 -647 -715 -815 -93099998999989999899998
999989999899998999989999899998999989999899998999989999899998
   82   82   72   33  -12  -57  -71  -85  -87  -98 -155 -224 -284
 -322 -477 -556 -516 -531 -593 -685 -823 -92499998999989999899998
999989999899998999989999899998999989999899998999989999899998
   39   34   28  -13  -74 -135 -140 -130  -95  -75  -98 -158 -276
 -358 -380 -387 -440 -499 -588 -725 -837 -91399998999989999899998
999989999899998999989999899998999989999899998999989999899998
  -15  -11   -8  -40 -104 -163 -182 -169 -118  -77  -98 -214 -377
 -506 -517 -441 -462 -536 -655 -771 -856 -89399998999989999899998
999989999899998999989999899998999989999899998999989999899998
 -108  -82  -70  -89 -131 -187 -217 -216 -167 -127 -145 -300 -486
 -628 -645 -545 -501 -539 -669 -784 -827 -81599998999989999899998
999989999899998999989999899998999989999899998999989999899998
 -222 -182 -194 -215 -232 -240 -266 -287 -258 -226 -238 -395 -582
 -711 -716 -604 -508 -491 -602 -716 -760 -708 -599999989999899998
999989999899998999989999899998999989999899998999989999899998
 -328 -352 -402 -425 -413 -376 -350 -360 -359 -353 -357 -484 -651
 -749 -727 -623 -502 -453 -515 -593 -627 -565 -445 -2729999899998
999989999899998999989999899998999989999899998999989999899998
99998 -536 -610 -650 -620 -542 -468 -421 -432 -441 -441 -510 -626
 -704 -691 -601 -487 -433 -431 -446 -460 -394 -281 -144  -3899998
999989999899998999989999899998999989999899998999989999899998
99998999989999899998 -810 -680 -551 -450 -438 -436 -419 -412 -456
 -539 -538 -496 -441 -379 -312 -277 -261 -195 -111  -24   33   45
   38   36   70  115  154  174  179  162  146999989999899998
9999899998999989999899998 -749 -563 -448 -402 -351 -286 -247 -229
 -265 -302 -321 -289 -224 -132  -35   35   68  102  120  125  108
   99  108  129  164  192  204  199  181  164999989999899998
9999899998999989999899998 -757 -546 -454 -363 -256 -145  -52   -8
   -6  -46  -76  -63    1  112  279  375  381  361  312  255  229
  206  201  208  223  237  238  220  197  178999989999899998
999989999899998999989999899998 -571 -474 -333 -185  -42   87  157
  179  162  149  158  203  340  500  613  635  564  469  380  342
  308  279  272  271  270  254  230  203  191999989999899998
9999899998999989999899998999989999899998 -335 -164   23  175  246
  257  260  262  273  306  437  575  689  704  626  509  403  353
  337  307  293  280  267  246  219  195  182999989999899998
9999899998999989999899998999989999899998999989999899998  229  268
  251  235  245  254  291  398  535  639  628  549  421  313  286
  289  295  280  261  243  219  196  177  155  1249999899998
999989999899998999989999899998999989999899998999989999899998  234
  200  169  160  178  235  313  426  499  463  380  267  193  195
  224  281  289  264  225  199  182  162  124   73   2699998
999989999899998999989999899998999989999899998999989999899998  173
  153  111   90  113  170  236  300  343  297  207  132  110  129
  204  288  325  315  255  213  193  165  116   49   -999998
9999899998999989999899998999989999899998999989999899998   97  119
  105   74   47   68  112  175  226  253  218  146   95   86  117
  224  317  376  390  352  297  261  217  166  106   4599998
99998999989999899998999989999899998999989999899998  -50   19   59
   59   30    4   11   50  120  192  225  222  186  136  107  127
  230  317  395  443  448  412  371  340  294  244  19799998
99998999989999899998999989999899998999989999899998 -155  -86  -35
  -15  -22  -47  -42    1   89  173  228  243  235  186  132  117
  178  250  340  420  463  479  470  472  449  409  37599998
99998999989999899998999989999899998999989999899998 -254 -188 -129
  -95  -89  -95  -85  -32   75  185  263  286  272  208  138  100
  105  152  244  340  424  485  533  565  578  5809999899998
99998999989999899998999989999899998999989999899998 -324 -264 -204
 -160 -136 -134 -103  -43   84  226  337  343  306  218  136   90
   46   63  143  247  359  466  556  603  638  688  75099998
