tauY_total_06_2017_moy.22
   49   94  113  145  155  154   96   37  -31  -93 -154 -169 -172
 -134 -110 -119 -233 -344 -444 -532 -581 -583 -565 -5579999899998
999989999899998999989999899998999989999899998999989999899998
   40   71   87   98   94   73   20  -30  -78 -121 -150 -147 -139
 -118 -114 -134 -259 -381 -495 -585 -635 -653 -642999989999899998
999989999899998999989999899998999989999899998999989999899998
   23   41   44   28    8  -25  -70 -107 -127 -142 -143 -125 -118
 -124 -146 -195 -333 -466 -579 -668 -718 -734 -724999989999899998
999989999899998999989999899998999989999899998999989999899998
    7    4   -5  -41  -81 -119 -145 -166 -163 -146 -137 -115 -144
 -201 -266 -334 -465 -614 -705 -775 -806 -81699998999989999899998
999989999899998999989999899998999989999899998999989999899998
   -7  -24  -33  -66 -108 -144 -157 -173 -167 -142 -136 -163 -245
 -365 -475 -557 -637 -742 -807 -838 -840 -81899998999989999899998
999989999899998999989999899998999989999899998999989999899998
  -15  -20  -29  -48  -61  -86 -118 -146 -156 -153 -152 -252 -380
 -526 -642 -700 -731 -768 -815 -823 -783 -73499998999989999899998
999989999899998999989999899998999989999899998999989999899998
  -22  -17  -21  -20  -29  -55 -107 -154 -176 -187 -200 -328 -471
 -600 -677 -694 -702 -701 -726 -710 -643 -55999998999989999899998
999989999899998999989999899998999989999899998999989999899998
  -54  -43  -42  -34  -62 -105 -170 -227 -243 -249 -262 -363 -477
 -564 -611 -602 -587 -575 -572 -539 -450 -34699998999989999899998
999989999899998999989999899998999989999899998999989999899998
 -112  -90  -85  -99 -145 -211 -290 -333 -326 -307 -304 -350 -422
 -478 -501 -485 -458 -454 -427 -371 -276 -16399998999989999899998
999989999899998999989999899998999989999899998999989999899998
 -173 -139 -115 -151 -216 -308 -377 -383 -349 -304 -280 -290 -319
 -361 -382 -374 -365 -360 -322 -242 -142  -62    4999989999899998
999989999899998999989999899998999989999899998999989999899998
 -225 -150 -104 -138 -221 -317 -352 -338 -280 -215 -190 -185 -192
 -221 -246 -258 -271 -251 -199 -103  -18   29   76  1279999899998
999989999899998999989999899998999989999899998999989999899998
99998 -112  -56  -65 -129 -208 -223 -197 -123  -65  -65  -64  -60
  -65  -80  -99 -101  -76  -19   62  138  174  204  284  40699998
999989999899998999989999899998999989999899998999989999899998
99998999989999899998    0  -61  -67  -31   35   65   54   46   50
   75   81   79   91  109  160  219  274  315  325  378  424  479
  455  388  302  231  208  241  306  373  446999989999899998
9999899998999989999899998   58   44   62   97  129  165  161  137
  146  179  209  222  235  264  294  339  371  367  361  365  382
  370  329  297  280  287  329  373  418  458999989999899998
9999899998999989999899998  107   32   32   78  170  266  293  228
  169  178  223  255  261  255  279  345  368  345  273  261  271
  278  279  292  324  368  406  425  435  438999989999899998
999989999899998999989999899998  -45  -40   67  246  415  438  358
  229  163  184  215  223  215  249  320  345  306  217  173  195
  229  257  291  372  431  449  446  422  389999989999899998
9999899998999989999899998999989999899998   84  320  568  604  518
  341  214  207  217  204  196  247  313  326  290  235  194  216
  261  292  330  382  427  448  443  400  335999989999899998
9999899998999989999899998999989999899998999989999899998  766  662
  480  359  340  312  250  210  235  307  325  299  269  274  321
  358  363  357  351  376  420  435  395  296  1809999899998
999989999899998999989999899998999989999899998999989999899998  697
  553  483  501  432  318  232  201  243  284  285  282  318  384
  411  408  366  322  326  384  420  383  287  163   4899998
999989999899998999989999899998999989999899998999989999899998  556
  498  494  547  496  386  266  180  162  196  230  260  310  363
  395  406  368  327  308  354  408  394  309  172   5999998
9999899998999989999899998999989999899998999989999899998  424  371
  364  392  442  448  422  320  217  186  193  212  228  289  335
  377  398  377  344  320  361  418  431  371  271  16599998
99998999989999899998999989999899998999989999899998  358  267  233
  216  224  267  331  386  366  337  311  298  275  262  268  301
  355  392  403  380  360  393  453  506  511  439  37299998
99998999989999899998999989999899998999989999899998  203  148  118
   87   78  113  224  321  395  453  460  414  340  290  257  256
  322  380  416  422  417  446  510  604  640  606  56899998
99998999989999899998999989999899998999989999899998   32   38   31
    8   -2   21  142  264  428  550  588  481  372  293  233  219
  285  363  415  449  459  496  567  674  737  7609999899998
99998999989999899998999989999899998999989999899998 -115  -39  -16
  -20  -18    0   72  208  444  623  649  485  371  275  199  190
  255  352  411  445  471  526  599  707  790  835  85599998
