tauY_total_04_2015_moy.22
   90  103  110   57   13  -32   -8   -9  -96 -174 -241 -164 -102
  -35   21   34 -137 -323 -411 -424 -413 -466 -500 -5549999899998
999989999899998999989999899998999989999899998999989999899998
  124  133  138  123  100   72   74   55  -11  -91 -155 -130 -147
 -118  -55  -18 -153 -307 -413 -496 -512 -525 -523999989999899998
999989999899998999989999899998999989999899998999989999899998
  155  162  164  179  179  167  144  105   57  -15 -100 -203 -298
 -298 -257 -221 -247 -319 -434 -544 -605 -601 -569999989999899998
999989999899998999989999899998999989999899998999989999899998
  176  175  172  198  216  220  178  122   79   10  -80 -309 -475
 -531 -544 -474 -400 -376 -497 -622 -713 -70699998999989999899998
999989999899998999989999899998999989999899998999989999899998
  173  163  154  160  173  189  132   58   -5  -52 -101 -380 -589
 -719 -744 -673 -539 -496 -611 -738 -812 -84599998999989999899998
999989999899998999989999899998999989999899998999989999899998
  134  119  104   85   75   61   -2  -77 -121 -116 -140 -346 -540
 -701 -752 -716 -645 -640 -746 -850 -893 -92499998999989999899998
999989999899998999989999899998999989999899998999989999899998
   73   57   47   26  -14  -77 -142 -192 -172 -125 -132 -232 -385
 -538 -631 -644 -677 -759 -845 -881 -897 -90599998999989999899998
999989999899998999989999899998999989999899998999989999899998
   10    8    3  -24  -96 -193 -277 -299 -197 -106 -114 -145 -242
 -347 -444 -515 -656 -758 -797 -798 -761 -72299998999989999899998
999989999899998999989999899998999989999899998999989999899998
  -64  -38  -50 -106 -202 -311 -402 -420 -281 -163 -188 -228 -242
 -261 -351 -479 -603 -669 -658 -608 -517 -40599998999989999899998
999989999899998999989999899998999989999899998999989999899998
 -135 -116 -136 -212 -321 -449 -523 -527 -412 -364 -387 -395 -372
 -344 -388 -496 -575 -583 -511 -400 -293 -174  -62999989999899998
999989999899998999989999899998999989999899998999989999899998
 -185 -196 -230 -317 -437 -561 -606 -600 -573 -594 -636 -618 -555
 -474 -456 -535 -548 -517 -406 -288 -182 -103  -43    19999899998
999989999899998999989999899998999989999899998999989999899998
99998 -263 -305 -402 -515 -599 -627 -625 -683 -758 -819 -771 -669
 -547 -478 -511 -513 -456 -344 -236 -173 -121  -70  -36  -1999998
999989999899998999989999899998999989999899998999989999899998
99998999989999899998 -541 -576 -591 -590 -668 -769 -829 -758 -619
 -477 -401 -416 -417 -357 -274 -200 -180 -148 -100  -44   12   50
   77   93  136  179  211  217  218  208  190999989999899998
9999899998999989999899998 -497 -503 -512 -543 -615 -648 -568 -432
 -306 -242 -261 -250 -199 -147 -132 -135 -121  -76    4   74  108
  129  145  161  180  192  199  200  195  191999989999899998
9999899998999989999899998 -383 -398 -399 -381 -367 -345 -283 -192
 -113  -87  -92  -64  -31   -7  -22  -42  -38    9   93  158  190
  202  213  209  199  192  196  195  193  198999989999899998
999989999899998999989999899998 -315 -286 -215 -151  -90  -35    1
   27   37   67   91  107  104   85   62   74  133  207  254  271
  277  278  261  233  212  210  206  203  197999989999899998
9999899998999989999899998999989999899998  -99  -31   52   85   92
  100  121  159  184  195  173  136  140  200  270  318  335  310
  288  299  310  282  254  240  229  214  199999989999899998
9999899998999989999899998999989999899998999989999899998  100   91
  102  140  189  216  211  173  134  151  311  390  402  342  270
  238  262  321  348  320  284  267  245  204  1529999899998
999989999899998999989999899998999989999899998999989999899998   39
   68  123  184  212  197  157  117  131  339  448  406  302  198
  180  226  318  377  367  333  343  340  266  154   7499998
999989999899998999989999899998999989999899998999989999899998  -40
   15   92  156  181  175  143   99  110  263  382  335  242  141
  143  203  305  361  363  400  463  485  394  227   7899998
9999899998999989999899998999989999899998999989999899998 -129  -86
  -25   52  122  150  145  106   75   77  164  257  255  195  121
  127  199  283  314  313  437  569  622  526  315  13099998
99998999989999899998999989999899998999989999899998 -111  -93  -77
  -37   25   90  124  121   74   39   32   72  133  179  156  119
  141  208  253  261  261  446  639  717  628  396  17899998
99998999989999899998999989999899998999989999899998   -6  -19  -26
  -17   19   67  121  121   54    2  -11    7   41   89  121  125
  151  213  239  235  261  451  660  761  689  451  19899998
99998999989999899998999989999899998999989999899998  103   74   49
   31    6   41  143  125   43  -15  -45  -51  -27    7   48   85
  136  193  229  261  320  467  661  787  719  4449999899998
99998999989999899998999989999899998999989999899998  180  155  116
   77   25  -17   39  112   73    6  -52  -79  -66  -47  -18   28
   94  165  245  312  388  482  644  790  702  255   2699998
