tauY_total_05_2016_moy.22
  188  179  167  133   87   35   21    0  -27  -71 -137 -258 -355
 -384 -374 -356 -378 -412 -366 -330 -300 -406 -484 -5879999899998
999989999899998999989999899998999989999899998999989999899998
  134  133  127  103   62   20   -4  -32  -67 -108 -167 -263 -346
 -367 -344 -319 -354 -387 -406 -435 -458 -522 -564999989999899998
999989999899998999989999899998999989999899998999989999899998
   66   75   81   70   46    5  -30  -55  -87 -124 -175 -251 -313
 -320 -293 -258 -285 -335 -438 -531 -604 -652 -680999989999899998
999989999899998999989999899998999989999899998999989999899998
   29   54   64   58   46   15  -32  -51  -70 -101 -147 -204 -251
 -245 -212 -198 -226 -296 -444 -599 -716 -76799998999989999899998
999989999899998999989999899998999989999899998999989999899998
   46   74   81   77   61   34    4  -15  -18  -44  -88 -136 -173
 -161 -161 -191 -230 -312 -451 -608 -748 -84099998999989999899998
999989999899998999989999899998999989999899998999989999899998
  111  122  110   91   59   25   15   12   19   -3  -53 -100 -145
 -163 -196 -255 -316 -391 -496 -621 -720 -78599998999989999899998
999989999899998999989999899998999989999899998999989999899998
  168  141   96   43   -7  -40  -25  -12   -7  -26  -71 -127 -203
 -266 -318 -364 -427 -494 -557 -612 -653 -68199998999989999899998
999989999899998999989999899998999989999899998999989999899998
  147   71    4  -66 -137 -171 -130  -91  -77  -90 -133 -208 -294
 -370 -426 -467 -517 -560 -581 -575 -553 -52899998999989999899998
999989999899998999989999899998999989999899998999989999899998
   31  -63 -134 -206 -274 -305 -262 -211 -187 -182 -216 -291 -369
 -438 -497 -527 -549 -564 -549 -499 -434 -36699998999989999899998
999989999899998999989999899998999989999899998999989999899998
 -119 -181 -233 -293 -340 -364 -357 -322 -294 -279 -287 -341 -409
 -477 -522 -544 -541 -512 -462 -394 -303 -236 -198999989999899998
999989999899998999989999899998999989999899998999989999899998
 -232 -233 -248 -278 -308 -335 -367 -364 -342 -310 -297 -332 -377
 -448 -503 -500 -464 -416 -351 -236 -130  -89  -88 -1159999899998
999989999899998999989999899998999989999899998999989999899998
99998 -209 -195 -202 -218 -257 -300 -322 -296 -260 -236 -241 -267
 -329 -368 -360 -320 -264 -175  -43   82  104   67   24   3899998
999989999899998999989999899998999989999899998999989999899998
99998999989999899998 -145 -190 -231 -242 -201 -159 -129 -107 -117
 -147 -168 -164 -139  -88   22  167  303  319  253  183  164  234
  299  302  243  193  177  149  119   67   28999989999899998
9999899998999989999899998 -170 -186 -179 -129  -71   -7   25   15
    6   -8   -3   23   79  204  353  491  510  426  312  256  295
  333  334  301  277  261  234  190  137   97999989999899998
9999899998999989999899998 -210 -215 -187 -121  -15   78  127  124
  102   79  107  151  217  324  470  590  609  518  366  299  337
  374  388  380  369  360  324  267  208  164999989999899998
999989999899998999989999899998 -310 -248 -133    3  130  198  207
  161  149  180  247  330  406  487  549  519  396  276  267  316
  378  421  450  457  450  397  329  258  199999989999899998
9999899998999989999899998999989999899998 -163    6  174  261  271
  222  189  212  304  398  457  468  434  317  175  134  142  205
  310  403  482  526  496  436  360  278  212999989999899998
9999899998999989999899998999989999899998999989999899998  320  307
  258  213  227  320  417  458  448  393  251  114   46   55   95
  236  385  490  540  505  412  342  277  203  1329999899998
999989999899998999989999899998999989999899998999989999899998  292
  239  206  222  289  363  411  443  414  298  186   78   14   38
  188  352  456  489  452  361  295  256  198  127   6799998
999989999899998999989999899998999989999899998999989999899998  227
  183  168  182  212  264  351  420  443  373  279  158   55   42
  176  321  408  434  382  314  267  250  207  147   9899998
9999899998999989999899998999989999899998999989999899998  199  171
  136  114  126  145  188  294  406  459  431  351  239  132  110
  211  310  369  373  325  281  264  269  247  202  16899998
99998999989999899998999989999899998999989999899998  219  171  130
   95   74   85  114  161  259  369  426  412  344  250  175  167
  228  305  342  317  287  272  307  344  345  301  26999998
99998999989999899998999989999899998999989999899998  184  131   85
   52   37   57  105  157  213  287  333  297  234  165  125  147
  197  267  293  285  274  316  390  460  481  438  38399998
99998999989999899998999989999899998999989999899998  138   91   45
    9   -4   29   94  151  166  184  206  159   99   58   62   92
  163  232  260  275  292  376  476  567  604  5849999899998
99998999989999899998999989999899998999989999899998   96   62   18
  -24  -33    1   72  149  143  126  110   70   32   10   20   55
  138  216  249  270  303  417  535  636  687  673  63199998
