tauY_total_07_2015_moy.22
   41   92  132  168  179  167  156  115   74   41   15    8  -20
  -88 -166 -269 -408 -532 -533 -533 -525 -700 -830 -9689999899998
999989999899998999989999899998999989999899998999989999899998
   41   99  136  163  167  144   86   24  -23  -60  -85  -86 -102
 -154 -221 -305 -422 -522 -567 -609 -664 -812 -918999989999899998
999989999899998999989999899998999989999899998999989999899998
   33   87  115  132  135   96   -7  -98 -155 -193 -211 -209 -204
 -232 -276 -339 -410 -481 -574 -666 -764 -897-1013999989999899998
999989999899998999989999899998999989999899998999989999899998
   21   57   75   82   72   26 -116 -228 -290 -317 -322 -305 -284
 -292 -322 -357 -374 -413 -528 -655 -776 -88899998999989999899998
999989999899998999989999899998999989999899998999989999899998
   11   19   16    4  -19  -70 -216 -329 -379 -383 -361 -318 -305
 -325 -336 -348 -329 -346 -426 -544 -654 -73999998999989999899998
999989999899998999989999899998999989999899998999989999899998
    0  -24  -49  -82 -125 -172 -257 -315 -334 -323 -306 -282 -292
 -318 -343 -349 -324 -313 -345 -402 -468 -51099998999989999899998
999989999899998999989999899998999989999899998999989999899998
  -27  -69 -108 -155 -202 -233 -229 -229 -222 -215 -226 -261 -288
 -311 -341 -359 -335 -315 -302 -310 -318 -32099998999989999899998
999989999899998999989999899998999989999899998999989999899998
  -64 -106 -156 -207 -243 -256 -224 -194 -172 -186 -214 -260 -293
 -315 -335 -346 -347 -335 -307 -272 -234 -18799998999989999899998
999989999899998999989999899998999989999899998999989999899998
  -97 -139 -183 -224 -254 -259 -220 -192 -187 -199 -226 -259 -282
 -289 -287 -286 -296 -301 -281 -227 -157  -8299998999989999899998
999989999899998999989999899998999989999899998999989999899998
 -109 -143 -172 -199 -220 -222 -200 -171 -174 -187 -210 -220 -217
 -199 -165 -128 -147 -160 -154 -107  -42   46  155999989999899998
999989999899998999989999899998999989999899998999989999899998
 -100 -112 -124 -138 -144 -142 -134 -102  -95 -109 -130 -129  -88
  -28   57  110  111   99   88  100  143  206  284  3599999899998
999989999899998999989999899998999989999899998999989999899998
99998  -64  -64  -62  -51  -42  -23   13   44   40   12   18   72
  176  281  357  383  368  340  323  341  379  411  467  52399998
999989999899998999989999899998999989999899998999989999899998
99998999989999899998   34   47   91  136  183  187  159  156  173
  276  399  503  556  525  473  446  465  482  488  501  480  436
  359  301  261  240  243  309  397  482  555999989999899998
9999899998999989999899998  118  170  205  230  248  268  238  206
  266  394  502  537  507  452  414  437  477  487  453  400  346
  296  271  275  289  308  365  430  498  559999989999899998
9999899998999989999899998  133  133  148  183  257  320  314  263
  253  315  404  410  380  324  301  338  396  426  371  308  261
  247  250  284  321  347  387  424  469  505999989999899998
999989999899998999989999899998  -18   10  113  257  385  413  364
  279  241  269  250  217  180  181  242  321  346  295  248  223
  232  258  301  337  346  351  366  382  392999989999899998
9999899998999989999899998999989999899998   31  264  481  546  482
  331  200  156  129   98   95  130  204  271  278  262  231  229
  258  299  331  334  301  286  282  279  273999989999899998
9999899998999989999899998999989999899998999989999899998  686  580
  367  192  136  114  103  113  186  275  290  279  265  272  288
  328  383  378  306  246  231  215  208  209  1969999899998
999989999899998999989999899998999989999899998999989999899998  564
  351  209  177  180  203  243  331  421  390  359  331  341  381
  423  465  401  271  197  222  197  198  189  171  16799998
999989999899998999989999899998999989999899998999989999899998  414
  294  218  213  263  315  379  453  514  500  462  432  446  486
  530  558  519  322  527  350  306  279  218  129   9599998
9999899998999989999899998999989999899998999989999899998  366  289
  238  211  247  327  385  432  480  514  540  503  493  510  563
  622  632  661  818  987  737  669  535  326  114  -2699998
99998999989999899998999989999899998999989999899998  327  246  198
  183  208  269  344  398  418  429  460  469  450  454  490  560
  612  632  703  792  872  994 1073  911  569  209  -7199998
99998999989999899998999989999899998999989999899998  148  113   97
  115  175  255  299  330  336  352  374  369  356  352  382  458
  512  563  610  644  754 1099 1322 1213  896  448   2299998
99998999989999899998999989999899998999989999899998  -41  -21    1
   55  137  232  247  249  262  286  312  297  273  240  252  313
  391  467  465  505  638 1114 1460 1448 1185  7669999899998
99998999989999899998999989999899998999989999899998 -201 -118  -65
   23  142  241  211  201  228  258  287  272  242  187  137  182
  290  376  315  386  506 1058 1503 1608 1403  996  50199998
