tauY_total_02_2017_moy.22
  383  147   68  234  419  626  739  755  595  336   66  -61 -192
 -158  -90    4 -109 -271 -485 -628 -680 -537 -409 -3109999899998
999989999899998999989999899998999989999899998999989999899998
  216   78   32  137  283  444  487  460  317  153   45 -100 -212
 -213 -144  -63 -122 -231 -439 -623 -678 -567 -451999989999899998
999989999899998999989999899998999989999899998999989999899998
   64   14   -8   27  123  236  231  172   82   10    8 -115 -215
 -239 -197 -113 -120 -197 -401 -578 -652 -589 -500999989999899998
999989999899998999989999899998999989999899998999989999899998
  -35  -18  -28  -40    6   62   28  -44  -72  -50  -40 -133 -227
 -261 -240 -158 -128 -203 -394 -554 -640 -62399998999989999899998
999989999899998999989999899998999989999899998999989999899998
  -61  -46  -28  -18  -22  -37  -74 -115 -110  -89  -80 -145 -247
 -298 -287 -236 -225 -300 -444 -584 -664 -68899998999989999899998
999989999899998999989999899998999989999899998999989999899998
  -72  -62  -43  -32  -41  -60  -88 -124 -132 -122 -115 -172 -279
 -368 -396 -378 -401 -484 -597 -688 -735 -75099998999989999899998
999989999899998999989999899998999989999899998999989999899998
 -152 -126 -105  -89  -84  -95 -121 -153 -162 -153 -151 -212 -325
 -456 -538 -560 -612 -679 -763 -811 -832 -84699998999989999899998
999989999899998999989999899998999989999899998999989999899998
 -288 -249 -209 -177 -163 -170 -190 -209 -202 -180 -175 -259 -369
 -511 -629 -711 -769 -812 -861 -887 -879 -87299998999989999899998
999989999899998999989999899998999989999899998999989999899998
 -429 -374 -320 -279 -255 -254 -275 -285 -257 -220 -203 -272 -377
 -520 -651 -737 -799 -841 -869 -844 -789 -72299998999989999899998
999989999899998999989999899998999989999899998999989999899998
 -549 -480 -453 -428 -389 -351 -365 -385 -362 -307 -270 -303 -387
 -507 -630 -708 -765 -790 -765 -692 -601 -488 -367999989999899998
999989999899998999989999899998999989999899998999989999899998
 -625 -623 -645 -634 -587 -533 -490 -504 -493 -459 -403 -382 -424
 -505 -581 -645 -678 -673 -595 -494 -379 -275 -185 -1189999899998
999989999899998999989999899998999989999899998999989999899998
99998 -761 -823 -842 -809 -721 -643 -608 -606 -583 -538 -486 -467
 -493 -537 -562 -562 -522 -416 -289 -194 -114  -49  -17  -2199998
999989999899998999989999899998999989999899998999989999899998
99998999989999899998 -998 -848 -734 -635 -621 -624 -603 -538 -483
 -462 -450 -449 -409 -332 -229 -132  -61  -14   27   43   46   56
   60   61   64   64   59   31    6  -16  -33999989999899998
9999899998999989999899998 -885 -692 -542 -502 -497 -483 -463 -429
 -391 -346 -312 -227 -144  -70  -13   16   41   61   90  113  121
  119  108  101   92   75   53   28   13    3999989999899998
9999899998999989999899998 -817 -512 -359 -282 -237 -222 -243 -263
 -242 -195 -115  -16   45   71   93   99  105  114  149  189  202
  197  183  162  136  110   88   73   65   61999989999899998
999989999899998999989999899998 -320 -163  -32   31   45   -5  -43
  -24   53  142  211  240  215  203  208  210  216  234  261  276
  272  262  233  190  152  134  132  129  132999989999899998
9999899998999989999899998999989999899998  170  197  225  191  153
  184  273  374  403  383  334  297  308  316  315  305  304  320
  324  322  296  245  189  175  182  188  194999989999899998
9999899998999989999899998999989999899998999989999899998  327  286
  316  394  504  507  444  376  344  368  391  376  336  311  320
  356  359  336  280  208  192  195  214  220  2119999899998
999989999899998999989999899998999989999899998999989999899998  329
  328  397  505  505  431  352  317  369  409  384  323  292  316
  365  381  347  285  218  176  164  187  198  186  16799998
999989999899998999989999899998999989999899998999989999899998  248
  236  303  397  419  374  294  257  302  329  322  283  281  317
  364  387  348  288  223  167  159  181  181  148  12899998
9999899998999989999899998999989999899998999989999899998  177  139
  130  166  253  306  308  253  217  220  223  235  257  300  334
  373  389  351  297  248  219  227  235  207  153  10499998
99998999989999899998999989999899998999989999899998  171   92   47
   34   59  131  215  265  257  228  213  219  238  289  327  334
  345  355  349  312  291  312  351  350  294  200  12699998
99998999989999899998999989999899998999989999899998   61    6  -34
  -48  -27   37  134  211  236  244  242  272  292  313  303  282
  261  265  294  317  336  420  491  486  405  288  17999998
99998999989999899998999989999899998999989999899998  -40  -71  -97
 -113  -99  -52   46  134  198  244  268  305  328  307  257  195
  161  166  223  293  365  498  596  588  506  3969999899998
99998999989999899998999989999899998999989999899998 -101 -109 -127
 -148 -145 -114  -41   53  166  245  286  332  360  300  210  119
   76   81  159  263  366  533  656  654  572  464  35799998
