tauY_total_05_2015_moy.22
  117  115  135  178  212  230  290  305  235  120  -40 -174 -263
 -260 -184  -64  252  386  255   61 -146 -384 -555 -6429999899998
999989999899998999989999899998999989999899998999989999899998
   46   71   96  128  157  177  208  201  112  -12 -150 -266 -344
 -320 -227  -98   76  139   11 -167 -363 -560 -691999989999899998
999989999899998999989999899998999989999899998999989999899998
    1   35   58   78   97  111   99   63  -34 -150 -262 -364 -420
 -381 -288 -184 -124 -112 -244 -421 -609 -768 -862999989999899998
999989999899998999989999899998999989999899998999989999899998
   -4   24   37   45   55   52  -15  -76 -150 -231 -330 -421 -476
 -457 -394 -347 -351 -349 -463 -633 -806 -92999998999989999899998
999989999899998999989999899998999989999899998999989999899998
   35   37   39   44   40    7  -57 -114 -161 -222 -289 -376 -537
 -668 -680 -603 -537 -545 -621 -727 -838 -92099998999989999899998
999989999899998999989999899998999989999899998999989999899998
   77   61   44   25   -5  -37  -77 -108 -128 -152 -212 -392 -645
 -912-1027 -907 -731 -679 -700 -726 -757 -78799998999989999899998
999989999899998999989999899998999989999899998999989999899998
   75   50   12  -36  -84 -128 -141 -161 -143 -129 -153 -396 -698
 -998-1120-1013 -819 -704 -683 -653 -608 -58099998999989999899998
999989999899998999989999899998999989999899998999989999899998
   23  -15  -64 -128 -197 -242 -257 -274 -229 -158 -151 -383 -656
 -885 -966 -860 -707 -588 -561 -514 -435 -35899998999989999899998
999989999899998999989999899998999989999899998999989999899998
  -69 -117 -183 -260 -324 -361 -393 -416 -358 -270 -232 -394 -621
 -769 -788 -635 -483 -406 -404 -373 -285 -17399998999989999899998
999989999899998999989999899998999989999899998999989999899998
 -174 -244 -317 -389 -442 -469 -512 -541 -504 -417 -355 -464 -641
 -732 -687 -502 -310 -262 -278 -273 -195  -96  -25999989999899998
999989999899998999989999899998999989999899998999989999899998
 -262 -352 -422 -478 -505 -509 -554 -583 -582 -528 -464 -540 -682
 -747 -645 -428 -251 -173 -191 -189 -129  -74  -33  -149999899998
999989999899998999989999899998999989999899998999989999899998
99998 -414 -472 -504 -499 -472 -482 -502 -527 -505 -470 -602 -715
 -736 -605 -378 -188  -82 -100 -101  -72  -44  -18   26   8799998
999989999899998999989999899998999989999899998999989999899998
99998999989999899998 -438 -385 -347 -344 -356 -358 -335 -504 -619
 -596 -426 -213  -16   54   14  -33  -42  -31    0   79  153  219
  218  184  155  151  174  196  218  201  175999989999899998
9999899998999989999899998 -272 -216 -212 -196 -166 -128 -208 -287
 -230  -90   79  197  184  100  -14  -64  -40   34  146  229  268
  271  251  236  232  247  256  249  226  203999989999899998
9999899998999989999899998 -173 -180 -163 -111  -33   50  117  116
  162  262  375  347  265  131   -1  -43   21  135  236  316  342
  338  315  296  301  319  318  277  236  201999989999899998
999989999899998999989999899998 -222 -184  -81   51  182  305  360
  384  435  488  398  288  162   70   62  165  277  348  396  403
  378  336  312  324  367  360  299  228  195999989999899998
9999899998999989999899998999989999899998  -94   80  260  401  440
  418  419  439  394  309  241  220  250  335  412  452  454  413
  338  291  297  345  406  408  361  276  233999989999899998
9999899998999989999899998999989999899998999989999899998  430  420
  361  329  343  355  334  332  352  390  450  487  497  441  352
  240  183  247  358  460  484  444  359  287  2619999899998
999989999899998999989999899998999989999899998999989999899998  321
  255  232  256  308  344  364  389  422  458  482  456  368  254
  131   92  202  373  531  572  526  426  313  247  22099998
999989999899998999989999899998999989999899998999989999899998  207
  159  145  179  245  293  299  308  321  362  397  357  263  150
   68   55  176  370  551  622  569  453  314  209  15199998
9999899998999989999899998999989999899998999989999899998  256  168
  109   89  120  176  204  189  181  189  230  289  268  195  111
   65   71  164  348  502  575  578  472  330  214  11999998
99998999989999899998999989999899998999989999899998  331  248  161
   85   46   60   77   97   91   81   86  145  202  218  198  159
  136  152  210  291  378  484  565  529  443  317  20599998
99998999989999899998999989999899998999989999899998  283  203  126
   46  -17  -32   -6   13   24   33   49   83  119  176  224  237
  247  264  279  280  320  452  585  642  611  503  37899998
99998999989999899998999989999899998999989999899998  231  159   81
   -3  -80 -111  -78  -51  -23    8   26   21   41  121  208  292
  338  361  327  301  317  463  622  744  778  7319999899998
99998999989999899998999989999899998999989999899998  196  136   57
  -26  -93 -135 -147 -107  -56  -28   -7  -35  -27   67  192  319
  395  431  372  317  313  477  650  817  903  904  86699998
