tauY_total_04_2017_moy.22
  179 -215 -427 -467 -428 -303 -118   -2    9  -13  -14   32   64
   62   21  -60 -167 -251 -286 -263 -207 -203 -204 -2399999899998
999989999899998999989999899998999989999899998999989999899998
   93 -189 -366 -417 -391 -294 -167  -83 -101 -122 -119  -59  -18
  -20  -59 -129 -266 -370 -368 -329 -260 -222 -198999989999899998
999989999899998999989999899998999989999899998999989999899998
   19 -167 -309 -374 -375 -305 -236 -190 -217 -231 -206 -126  -63
  -66 -113 -195 -353 -459 -451 -407 -329 -262 -195999989999899998
999989999899998999989999899998999989999899998999989999899998
  -33 -138 -255 -337 -366 -321 -312 -309 -315 -297 -251 -150  -68
  -74 -127 -242 -390 -494 -504 -461 -403 -33399998999989999899998
999989999899998999989999899998999989999899998999989999899998
  -57 -135 -204 -277 -312 -325 -349 -366 -361 -322 -255 -104  -32
  -51 -138 -251 -377 -490 -503 -495 -460 -43199998999989999899998
999989999899998999989999899998999989999899998999989999899998
  -34  -71 -115 -172 -210 -238 -289 -343 -364 -340 -269 -150  -85
 -106 -200 -338 -435 -490 -502 -507 -515 -52199998999989999899998
999989999899998999989999899998999989999899998999989999899998
   -5   -2  -21  -49  -83 -122 -201 -273 -313 -318 -287 -236 -188
 -218 -318 -457 -507 -521 -518 -517 -534 -55999998999989999899998
999989999899998999989999899998999989999899998999989999899998
  -28   -9   -3    3  -23  -70 -158 -222 -265 -285 -285 -257 -234
 -285 -385 -504 -554 -549 -520 -496 -494 -51699998999989999899998
999989999899998999989999899998999989999899998999989999899998
 -104  -84  -77  -67  -77 -118 -172 -227 -259 -275 -266 -241 -231
 -278 -373 -488 -540 -531 -480 -426 -392 -36599998999989999899998
999989999899998999989999899998999989999899998999989999899998
 -206 -196 -194 -204 -216 -241 -267 -296 -300 -286 -257 -218 -211
 -237 -314 -418 -462 -471 -417 -339 -270 -207 -156999989999899998
999989999899998999989999899998999989999899998999989999899998
 -312 -318 -326 -348 -371 -388 -389 -385 -356 -301 -257 -215 -191
 -195 -243 -295 -350 -384 -353 -274 -183 -112  -81  -689999899998
999989999899998999989999899998999989999899998999989999899998
99998 -407 -415 -441 -458 -468 -464 -437 -390 -327 -276 -228 -194
 -186 -168 -169 -228 -272 -275 -223 -119  -44   -1   -2   -199998
999989999899998999989999899998999989999899998999989999899998
99998999989999899998 -487 -474 -452 -416 -367 -313 -259 -222 -199
 -163 -112  -77 -117 -161 -181 -142  -45   43   93   85   72   75
   78   60   52   87  148  201  218  223  233999989999899998
9999899998999989999899998 -419 -378 -335 -284 -229 -169 -148 -151
 -114  -52    9   -1  -35  -57  -29   51  141  179  164  143  135
   98   44   29   59  116  163  166  151  131999989999899998
9999899998999989999899998 -349 -295 -243 -182 -110  -37  -28  -42
  -29   23   93  118   92   66   86  158  229  236  218  214  207
  139   64   31   45   99  130  133   97   60999989999899998
999989999899998999989999899998 -262 -186  -87    6   86  109  100
   86  126  188  228  206  168  188  252  277  263  245  250  263
  189  120   72   66  109  131  126   74   28999989999899998
9999899998999989999899998999989999899998  -15   81  188  238  235
  217  233  291  301  268  229  245  286  285  260  241  248  278
  257  210  156  144  169  182  157   98   60999989999899998
9999899998999989999899998999989999899998999989999899998  343  323
  308  328  370  359  311  267  259  292  284  261  241  250  284
  314  301  265  243  256  262  203  147  134  1579999899998
999989999899998999989999899998999989999899998999989999899998  359
  327  344  403  390  333  275  246  271  280  270  250  259  298
  352  364  347  337  341  298  246  210  180  154  15899998
999989999899998999989999899998999989999899998999989999899998  310
  272  285  347  363  330  266  232  241  265  272  263  277  320
  358  391  401  402  386  347  307  261  202  161  13599998
9999899998999989999899998999989999899998999989999899998  311  228
  178  185  241  294  314  272  233  226  237  247  267  300  331
  372  403  427  430  418  386  354  300  234  178  14599998
99998999989999899998999989999899998999989999899998  348  230  145
   85   72  127  222  283  280  255  222  211  211  247  285  317
  355  386  414  418  411  407  385  339  287  232  19399998
99998999989999899998999989999899998999989999899998  227  134   53
   -3  -15   41  156  246  273  257  215  175  160  186  218  246
  296  338  364  378  386  394  395  386  362  324  28599998
99998999989999899998999989999899998999989999899998   97   34  -31
  -74  -68  -18   97  200  244  241  193  127  100  107  127  151
  204  259  291  317  340  364  396  434  449  4539999899998
99998999989999899998999989999899998999989999899998    4  -34  -80
 -106  -97  -49   47  158  218  222  166   85   59   51   56   80
  113  167  210  251  285  320  381  457  513  538  57299998
