tauY_total_12_2017_moy.22
 -676 -369 -161  112  291  393  212   71  -44 -102 -125 -156 -120
  -97  -56  -36  -51 -100 -188 -292 -311 -360 -383 -4189999899998
999989999899998999989999899998999989999899998999989999899998
 -477 -270 -125   21  121  157   27  -74 -105  -90  -51   20   92
  163  199  202   75  -68 -212 -336 -389 -405 -405999989999899998
999989999899998999989999899998999989999899998999989999899998
 -285 -190 -124 -103  -82 -102 -158 -194 -143  -69   43  193  275
  338  359  329  117 -138 -331 -451 -514 -480 -446999989999899998
999989999899998999989999899998999989999899998999989999899998
 -136 -151 -147 -206 -268 -311 -280 -233 -130   -1  116  274  327
  353  334  267    8 -289 -501 -610 -634 -57099998999989999899998
999989999899998999989999899998999989999899998999989999899998
  -64 -143 -175 -242 -324 -356 -257 -157  -49   59  112  159  180
  165  129   25 -224 -467 -636 -736 -696 -63899998999989999899998
999989999899998999989999899998999989999899998999989999899998
  -76 -142 -177 -209 -226 -226 -145  -49   11   33   16  -43  -69
  -95 -147 -234 -417 -584 -706 -730 -697 -64499998999989999899998
999989999899998999989999899998999989999899998999989999899998
  -96 -119 -143 -144 -130 -102  -52   -5    1  -33  -86 -195 -248
 -255 -291 -377 -489 -604 -683 -703 -678 -62199998999989999899998
999989999899998999989999899998999989999899998999989999899998
 -116 -109 -122 -113  -98  -73  -47  -36  -49  -83 -137 -196 -269
 -306 -342 -387 -475 -605 -688 -711 -650 -59199998999989999899998
999989999899998999989999899998999989999899998999989999899998
 -152 -146 -149 -146 -145 -144 -134 -124 -117 -131 -170 -208 -267
 -324 -375 -422 -527 -652 -722 -696 -609 -51399998999989999899998
999989999899998999989999899998999989999899998999989999899998
 -198 -208 -210 -226 -244 -259 -258 -230 -199 -201 -221 -266 -300
 -342 -392 -462 -569 -662 -694 -629 -510 -383 -276999989999899998
999989999899998999989999899998999989999899998999989999899998
 -254 -270 -272 -297 -327 -343 -329 -303 -275 -254 -260 -287 -297
 -311 -335 -377 -480 -541 -537 -464 -337 -225 -168 -1809999899998
999989999899998999989999899998999989999899998999989999899998
99998 -292 -298 -316 -329 -337 -326 -299 -278 -260 -260 -248 -228
 -201 -180 -185 -253 -308 -297 -212  -89  -32  -39  -90 -12599998
999989999899998999989999899998999989999899998999989999899998
99998999989999899998 -292 -289 -267 -235 -212 -203 -190 -145  -94
  -28   26   35    2  -51  -38   51  163  171  122   45   -1   39
  107  141  132  127  111   79   43   22   -2999989999899998
9999899998999989999899998 -240 -210 -167 -122 -101  -79   -6   67
  146  205  221  196  160  178  249  350  357  306  229  187  185
  195  192  172  166  168  156  132  103   86999989999899998
9999899998999989999899998 -215 -172 -122  -66  -18   27   96  173
  245  291  301  283  276  306  374  461  504  489  439  398  385
  344  291  253  247  259  259  245  210  179999989999899998
999989999899998999989999899998 -162 -110  -51   17   84  140  200
  255  281  291  289  292  331  410  499  582  599  579  569  564
  492  404  348  329  343  355  344  299  253999989999899998
9999899998999989999899998999989999899998  -45   22   91  151  197
  228  245  260  246  250  290  369  462  555  585  598  610  605
  547  466  410  369  373  393  373  322  266999989999899998
9999899998999989999899998999989999899998999989999899998  150  162
  165  190  216  214  207  236  306  393  453  478  493  498  496
  473  427  378  333  323  326  307  273  222  1649999899998
999989999899998999989999899998999989999899998999989999899998   81
   81  123  173  197  202  218  264  331  352  358  343  343  359
  364  359  316  287  259  243  255  249  210  144   9099998
999989999899998999989999899998999989999899998999989999899998  -39
    3   50  125  176  210  230  255  282  285  275  247  261  289
  327  351  326  287  260  254  283  294  259  179  10299998
9999899998999989999899998999989999899998999989999899998 -147 -136
  -83  -13   62  142  210  241  243  242  228  217  222  237  278
  346  382  378  349  314  339  384  407  363  264  17399998
99998999989999899998999989999899998999989999899998 -162 -191 -183
 -146  -95  -35   66  144  183  196  197  178  163  195  237  286
  361  414  435  413  385  453  509  536  498  396  30399998
99998999989999899998999989999899998999989999899998 -184 -178 -165
 -162 -146 -105  -24   52  105  142  152  129  117  154  211  273
  346  410  440  437  441  523  599  635  609  527  42999998
99998999989999899998999989999899998999989999899998 -207 -161 -132
 -138 -147 -141  -90  -31   39   99  114   95   85  107  160  227
  284  340  371  398  446  515  609  663  665  6329999899998
99998999989999899998999989999899998999989999899998 -211 -143  -99
  -93 -109 -142 -122  -71   15   75   98   85   81   89  124  176
  208  241  278  343  408  479  571  646  678  687  71299998
