tauY_total_10_2015_moy.22
  236  210  210  217  217  193  146   77  -32 -127 -222 -397 -517
 -587 -600 -551 -477 -399 -276 -163  -48  -64  -76 -1259999899998
999989999899998999989999899998999989999899998999989999899998
  162  185  203  223  228  212  144   61  -20  -97 -172 -296 -378
 -424 -437 -416 -390 -336 -256 -193 -137 -143 -144999989999899998
999989999899998999989999899998999989999899998999989999899998
  108  162  193  222  239  225  145   49  -15  -82 -129 -192 -243
 -270 -277 -272 -260 -242 -233 -221 -218 -226 -230999989999899998
999989999899998999989999899998999989999899998999989999899998
   88  150  184  214  236  222  137   32  -30  -80 -113 -126 -164
 -184 -197 -194 -172 -178 -214 -260 -284 -29799998999989999899998
999989999899998999989999899998999989999899998999989999899998
   95  133  158  184  187  162   94    6  -75 -110 -123 -124 -166
 -208 -230 -216 -187 -200 -240 -285 -323 -35199998999989999899998
999989999899998999989999899998999989999899998999989999899998
   94   92   92   90   69   36    1  -50 -110 -122 -134 -179 -219
 -270 -296 -306 -287 -265 -284 -314 -343 -36999998999989999899998
999989999899998999989999899998999989999899998999989999899998
   74   48   23  -13  -46  -73  -97 -120 -114 -104 -132 -204 -247
 -290 -335 -369 -357 -315 -305 -318 -340 -36199998999989999899998
999989999899998999989999899998999989999899998999989999899998
   67   29  -10  -61 -100 -121 -141 -151 -129 -111 -125 -174 -214
 -251 -304 -349 -348 -315 -288 -279 -286 -29499998999989999899998
999989999899998999989999899998999989999899998999989999899998
   81   42   -1  -46  -84 -108 -122 -127 -125 -123 -134 -135 -149
 -175 -227 -276 -285 -264 -222 -190 -181 -17499998999989999899998
999989999899998999989999899998999989999899998999989999899998
  117   84   43   10  -20  -38  -44  -48  -73 -100 -131 -108  -87
  -96 -139 -199 -209 -171 -107  -67  -59  -78  -98999989999899998
999989999899998999989999899998999989999899998999989999899998
  163  131   97   72   52   41   42   55   31  -42  -83  -64  -24
  -16  -48 -107  -98  -55   14   72   73   19  -11    09999899998
999989999899998999989999899998999989999899998999989999899998
99998  150  120   92   71   69   90  121  119   72   23   31   66
   93   78   36   44   84  146  198  210  158  121  123  15399998
999989999899998999989999899998999989999899998999989999899998
99998999989999899998   53   48   92  143  172  175  158  154  174
  210  212  189  189  208  244  289  332  334  305  278  275  290
  272  235  216  216  236  256  280  293  292999989999899998
9999899998999989999899998   -9   49   91  138  199  261  280  287
  308  317  313  297  284  294  336  413  497  502  435  382  360
  321  284  267  267  280  303  329  344  356999989999899998
9999899998999989999899998  -83  -77  -57   28  156  289  383  407
  402  400  399  354  323  325  370  458  571  634  548  456  413
  370  340  322  323  335  359  372  378  389999989999899998
999989999899998999989999899998 -258 -242 -114   90  298  448  507
  479  449  448  390  347  346  389  471  561  598  516  423  382
  361  361  366  359  358  374  366  360  368999989999899998
9999899998999989999899998999989999899998 -266   19  312  491  546
  504  458  450  415  374  367  403  462  494  462  366  278  269
  309  346  377  391  376  338  315  301  297999989999899998
9999899998999989999899998999989999899998999989999899998  510  516
  459  417  420  414  391  379  399  438  415  348  259  194  187
  243  309  359  395  386  303  257  244  231  2009999899998
999989999899998999989999899998999989999899998999989999899998  369
  320  309  331  358  357  350  361  385  353  304  243  201  189
  225  286  341  386  388  320  265  236  189  141  10599998
999989999899998999989999899998999989999899998999989999899998  155
  159  170  199  232  257  272  288  313  315  304  271  241  226
  252  293  347  395  402  378  326  266  190  113   5699998
9999899998999989999899998999989999899998999989999899998  -29   14
   46   59   69   90  119  156  204  248  299  317  306  283  269
  286  316  373  422  437  437  410  331  235  145   6899998
99998999989999899998999989999899998999989999899998 -125  -73  -30
   -8   -1  -12  -23   -5   47  123  198  273  306  304  296  296
  299  325  380  426  457  487  492  430  347  249  17099998
99998999989999899998999989999899998999989999899998 -149  -78  -30
  -19  -36  -67 -100 -106  -44   48  142  210  246  250  251  265
  285  317  355  402  462  532  567  555  492  405  31799998
99998999989999899998999989999899998999989999899998 -154  -59   -7
   -7  -43  -94 -151 -177 -115  -11   96  139  163  166  178  211
  253  300  336  376  442  550  632  661  639  5959999899998
99998999989999899998999989999899998999989999899998 -133  -32   27
   22  -29 -106 -183 -215 -155  -49   57   95  102  106  131  189
  236  284  320  359  419  579  691  728  727  719  72199998
