tauY_total_06_2016_moy.22
  273  253  231  206  172  138   83   37   -6  -46  -86 -147 -204
 -289 -359 -406 -419 -424 -316 -232 -179 -352 -486 -6339999899998
999989999899998999989999899998999989999899998999989999899998
  245  230  212  186  145  100   51   10  -16  -43  -71 -110 -147
 -212 -283 -348 -386 -389 -338 -314 -328 -462 -556999989999899998
999989999899998999989999899998999989999899998999989999899998
  188  182  169  141  104   49    4  -39  -55  -65  -70  -72  -90
 -140 -218 -297 -339 -366 -392 -433 -508 -607 -686999989999899998
999989999899998999989999899998999989999899998999989999899998
  120  126  119   92   53   -2  -61 -105 -111 -105 -100  -64  -64
 -109 -186 -274 -317 -366 -454 -567 -669 -74999998999989999899998
999989999899998999989999899998999989999899998999989999899998
   66   78   73   48    8  -44 -112 -154 -156 -151 -146 -114  -96
 -135 -211 -298 -339 -399 -511 -630 -732 -80699998999989999899998
999989999899998999989999899998999989999899998999989999899998
   32   39   31    5  -33  -82 -141 -167 -171 -177 -189 -168 -160
 -190 -240 -311 -368 -433 -523 -606 -660 -68699998999989999899998
999989999899998999989999899998999989999899998999989999899998
    3   -3  -18  -46  -83 -119 -142 -154 -165 -180 -206 -215 -219
 -227 -250 -297 -370 -428 -470 -501 -502 -47799998999989999899998
999989999899998999989999899998999989999899998999989999899998
  -37  -61  -97 -133 -157 -168 -153 -145 -155 -187 -221 -251 -260
 -239 -236 -270 -342 -399 -412 -398 -340 -26099998999989999899998
999989999899998999989999899998999989999899998999989999899998
  -94 -148 -199 -233 -249 -237 -181 -153 -167 -200 -237 -260 -255
 -221 -204 -226 -302 -366 -375 -325 -225 -12399998999989999899998
999989999899998999989999899998999989999899998999989999899998
 -146 -214 -268 -299 -306 -284 -231 -181 -181 -216 -249 -238 -204
 -167 -153 -188 -264 -312 -301 -232 -136  -69  -26999989999899998
999989999899998999989999899998999989999899998999989999899998
 -158 -230 -280 -311 -315 -292 -244 -198 -189 -199 -212 -174 -110
  -74  -87 -131 -191 -214 -179  -99  -19    9   38   509999899998
999989999899998999989999899998999989999899998999989999899998
99998 -200 -246 -281 -273 -245 -209 -178 -159 -151 -141  -76  -14
   10   -4  -44  -76  -69   -6   72  134  156  169  206  27599998
999989999899998999989999899998999989999899998999989999899998
99998999989999899998 -198 -163 -129 -116  -97  -72  -40    5   51
   76   67   41   55   84  151  228  289  319  330  358  366  375
  372  340  310  274  248  226  216  205  187999989999899998
9999899998999989999899998  -55  -68  -73  -55  -15   56   94  105
  111  120  141  182  192  211  276  339  405  437  437  406  366
  310  265  255  261  271  272  265  254  252999989999899998
9999899998999989999899998   19  -64  -94  -72   25  145  212  217
  196  226  275  271  245  206  199  254  356  433  431  392  326
  250  198  202  247  292  318  315  299  286999989999899998
999989999899998999989999899998 -126 -166  -97   42  224  330  339
  315  334  385  342  267  172  112  141  251  344  359  340  291
  217  171  187  246  300  350  342  300  266999989999899998
9999899998999989999899998999989999899998 -149   62  309  427  420
  385  383  439  411  329  216  129  109  170  229  265  279  278
  242  220  240  276  316  344  326  260  200999989999899998
9999899998999989999899998999989999899998999989999899998  475  428
  374  375  441  472  455  366  267  197  144  141  178  239  291
  312  334  343  347  365  343  289  205  126   629999899998
999989999899998999989999899998999989999899998999989999899998  348
  270  300  387  508  568  528  423  306  160   75  103  185  284
  385  442  441  438  430  364  280  193  104   42    799998
999989999899998999989999899998999989999899998999989999899998  249
  190  199  295  482  607  610  516  351  161   44   60  148  264
  426  510  516  494  468  395  325  258  169   67    899998
9999899998999989999899998999989999899998999989999899998  315  216
  158  144  213  409  581  599  488  299  129   31   52  139  276
  457  538  545  518  480  446  428  388  286  142   3199998
99998999989999899998999989999899998999989999899998  472  328  206
  116   87  143  315  506  498  357  167   42   12   56  157  305
  443  521  529  492  460  500  549  540  430  251   9099998
99998999989999899998999989999899998999989999899998  425  287  166
   62   -1   37  158  357  310  114  -52  -45  -18   39  139  240
  360  459  450  431  427  544  646  659  561  372  17599998
99998999989999899998999989999899998999989999899998  355  228  109
    1  -86  -76   14  164  -89 -162 -209  -91  -43    8   72  151
  250  368  360  356  386  570  704  728  652  4879999899998
99998999989999899998999989999899998999989999899998  293  183   66
  -40 -106 -134 -112  -80   21 -240 -271 -103  -55  -24   15   83
  162  309  276  309  357  565  728  777  694  532  35099998
