tauY_total_01_2018_moy.22
 -203  -48   55  181  264  285  136   19  -38  -22   40  109  110
   27  -61 -172 -354 -507 -479 -414 -319 -447 -557 -7209999899998
999989999899998999989999899998999989999899998999989999899998
 -224  -97  -10   81  152  176   70  -23  -29   28  115  157  123
   13 -118 -209 -392 -556 -592 -566 -505 -563 -623999989999899998
999989999899998999989999899998999989999899998999989999899998
 -212 -126  -58    0   46   57  -19  -76  -25   68  193  196  119
  -27 -156 -257 -423 -590 -704 -722 -669 -658 -668999989999899998
999989999899998999989999899998999989999899998999989999899998
 -167 -119  -74  -47  -37  -47  -99 -136  -43  120  262  233  122
  -44 -195 -295 -450 -609 -765 -827 -778 -70699998999989999899998
999989999899998999989999899998999989999899998999989999899998
 -105  -81  -56  -49  -60  -91 -145 -171  -53  113  253  227  101
  -71 -223 -324 -479 -646 -777 -834 -797 -70299998999989999899998
999989999899998999989999899998999989999899998999989999899998
  -60  -51  -35  -35  -45  -67 -126 -155  -79   50  170  149   11
 -175 -332 -408 -547 -705 -812 -840 -784 -69299998999989999899998
999989999899998999989999899998999989999899998999989999899998
  -62  -51  -39  -33  -24  -16  -67 -118 -106  -35   61    3 -161
 -356 -469 -536 -622 -759 -849 -858 -783 -69899998999989999899998
999989999899998999989999899998999989999899998999989999899998
 -109  -85  -64  -29    9   37   -6  -80 -117  -76  -25 -120 -285
 -466 -580 -604 -665 -753 -839 -836 -750 -67399998999989999899998
999989999899998999989999899998999989999899998999989999899998
 -160 -135 -104  -44   24   57    3  -85 -148 -161 -139 -246 -382
 -517 -592 -604 -625 -663 -738 -724 -631 -54099998999989999899998
999989999899998999989999899998999989999899998999989999899998
 -202 -175 -143  -83  -19    5  -63 -160 -232 -279 -276 -350 -440
 -509 -537 -524 -516 -544 -589 -563 -461 -351 -291999989999899998
999989999899998999989999899998999989999899998999989999899998
 -238 -202 -172 -134 -111 -108 -187 -278 -355 -386 -389 -404 -441
 -463 -445 -396 -386 -432 -446 -388 -269 -189 -165 -1969999899998
999989999899998999989999899998999989999899998999989999899998
99998 -205 -181 -186 -197 -227 -295 -371 -445 -466 -449 -409 -399
 -385 -338 -295 -325 -353 -320 -235 -104  -51  -55 -113 -17399998
999989999899998999989999899998999989999899998999989999899998
99998999989999899998 -270 -308 -356 -403 -443 -456 -427 -367 -321
 -280 -256 -262 -294 -289 -220  -93   26   63   48  -13  -53  -30
   61  126  153  158  140   81   25   -8  -41999989999899998
9999899998999989999899998 -339 -356 -359 -339 -318 -307 -257 -179
 -139 -167 -212 -227 -193 -100   29  135  175  160  118   89   93
  125  153  161  162  153  121   67   25    8999989999899998
9999899998999989999899998 -319 -312 -271 -214 -170 -111  -40   11
   -7  -56 -126 -127  -79   24  144  235  274  279  264  244  231
  215  206  204  215  217  196  161  114   79999989999899998
999989999899998999989999899998 -246 -177  -94   17  116  195  208
  129   32  -33  -39   13  118  226  292  346  369  375  367  347
  294  257  263  283  298  291  264  212  159999989999899998
9999899998999989999899998999989999899998   50  178  293  341  313
  228  105   40   35   81  171  258  308  361  396  417  416  400
  348  304  316  340  365  363  336  280  228999989999899998
9999899998999989999899998999989999899998999989999899998  409  331
  240  166  121  129  144  177  226  281  327  360  380  395  408
  389  347  333  354  382  389  357  303  241  1989999899998
999989999899998999989999899998999989999899998999989999899998  274
  202  184  214  213  185  156  159  192  234  269  306  351  393
  416  382  325  315  338  344  325  285  231  193  16099998
999989999899998999989999899998999989999899998999989999899998  161
  158  184  267  253  223  167  112  103  121  159  222  314  388
  404  376  305  252  248  267  277  265  240  200  17199998
9999899998999989999899998999989999899998999989999899998   41   37
   80  169  259  273  248  180  116   76   45   68  163  293  393
  403  370  296  226  209  237  266  268  263  246  22899998
99998999989999899998999989999899998999989999899998 -102  -79  -33
   40  114  176  217  221  181  127   89   52   28  127  271  385
  401  368  301  246  241  264  301  320  322  308  30599998
99998999989999899998999989999899998999989999899998 -222 -162  -92
  -30   19   53  104  137  148  144  127   91   49  115  229  331
  369  350  305  277  295  341  379  410  412  395  37399998
99998999989999899998999989999899998999989999899998 -377 -261 -162
 -106  -73  -57  -12   30   95  147  159  112   76  105  173  260
  309  315  302  308  352  420  474  503  508  4939999899998
99998999989999899998999989999899998999989999899998 -529 -342 -211
 -139 -107 -116 -111  -67   41  136  159  105   90   96  126  194
  243  273  290  317  375  475  559  582  572  546  52099998
