tauY_total_07_2014_moy.22
  -51  -23    5   85  128  126  -19 -148 -246 -324 -368 -444 -483
 -485 -457 -410 -318 -273 -243 -278 -308 -415 -466 -5009999899998
999989999899998999989999899998999989999899998999989999899998
  -22   20   42   72   74   38 -116 -243 -326 -376 -395 -402 -401
 -393 -374 -348 -326 -317 -359 -446 -531 -623 -661999989999899998
999989999899998999989999899998999989999899998999989999899998
   13   54   64   44   11  -61 -206 -317 -366 -385 -371 -338 -322
 -325 -338 -343 -353 -388 -492 -615 -751 -849 -905999989999899998
999989999899998999989999899998999989999899998999989999899998
   48   76   74   19  -63 -154 -258 -319 -319 -292 -283 -248 -262
 -315 -360 -387 -408 -453 -575 -723 -871 -99099998999989999899998
999989999899998999989999899998999989999899998999989999899998
   59   65   63    3  -99 -214 -237 -221 -163 -132 -147 -195 -266
 -361 -437 -495 -472 -474 -548 -670 -802 -91999998999989999899998
999989999899998999989999899998999989999899998999989999899998
   15   26   30  -17 -115 -210 -174 -116  -41    2  -40 -165 -285
 -397 -501 -554 -498 -440 -455 -514 -609 -69199998999989999899998
999989999899998999989999899998999989999899998999989999899998
  -84  -48  -34  -66 -133 -212 -175 -106  -21   -2  -67 -197 -315
 -402 -486 -512 -449 -382 -358 -374 -418 -45899998999989999899998
999989999899998999989999899998999989999899998999989999899998
 -185 -122 -102 -121 -176 -236 -224 -174 -110 -108 -169 -269 -358
 -401 -423 -436 -391 -341 -294 -288 -293 -28199998999989999899998
999989999899998999989999899998999989999899998999989999899998
 -219 -167 -141 -156 -207 -268 -280 -245 -206 -206 -252 -310 -354
 -367 -366 -358 -331 -306 -268 -226 -188 -14499998999989999899998
999989999899998999989999899998999989999899998999989999899998
 -179 -151 -128 -147 -199 -261 -288 -255 -231 -213 -225 -245 -257
 -269 -258 -233 -237 -214 -182 -121  -65  -26   25999989999899998
999989999899998999989999899998999989999899998999989999899998
 -109  -92  -71  -90 -139 -194 -205 -179 -141  -97  -78  -74  -58
  -56  -37  -27  -32  -12   14   60  118  142  186  2369999899998
999989999899998999989999899998999989999899998999989999899998
99998  -10   -4  -18  -47  -68  -70  -44   30   89  126  162  192
  216  230  243  252  248  264  296  336  360  380  437  51099998
999989999899998999989999899998999989999899998999989999899998
99998999989999899998   51   42   48   80  165  238  284  343  366
  397  407  434  452  455  476  487  515  536  537  548  523  495
  463  442  445  445  426  350  271  182   69999989999899998
9999899998999989999899998  113  118  129  173  246  337  367  358
  362  382  414  460  501  541  557  577  625  615  540  452  381
  346  343  386  418  418  363  303  243  185999989999899998
9999899998999989999899998  125   78   58   81  168  248  275  268
  243  237  283  343  399  425  485  553  651  615  440  302  209
  190  239  320  384  395  365  331  302  280999989999899998
999989999899998999989999899998  -36  -68  -39   26  124  178  191
  161  165  193  227  264  265  309  497  557  485  281  128   40
   84  186  292  368  367  355  348  346  343999989999899998
9999899998999989999899998999989999899998 -185  -81   38  132  181
  190  198  211  230  222  228  317  412  424  346  215   68   20
  109  243  350  389  353  355  359  363  358999989999899998
9999899998999989999899998999989999899998999989999899998  141  215
  264  295  330  325  306  333  388  428  403  336  236  160  144
  257  385  455  442  385  355  348  348  317  2409999899998
999989999899998999989999899998999989999899998999989999899998  249
  314  392  446  436  417  420  440  479  437  372  290  242  264
  377  480  519  500  434  373  335  309  246  148   7299998
999989999899998999989999899998999989999899998999989999899998  251
  322  423  475  480  463  447  455  495  470  401  326  293  313
  404  498  545  530  471  399  341  279  177   54  -4499998
9999899998999989999899998999989999899998999989999899998  238  269
  323  375  431  451  436  420  432  453  454  403  346  291  288
  351  427  497  518  486  426  362  264  135   42  -4699998
99998999989999899998999989999899998999989999899998  317  298  275
  280  299  344  355  362  360  348  374  390  425  384  304  227
  233  309  412  492  493  447  395  307  232  157  11799998
99998999989999899998999989999899998999989999899998  314  267  226
  191  166  177  198  234  253  280  325  441  570  520  383  242
  175  233  368  493  537  495  456  423  385  347  32099998
99998999989999899998999989999899998999989999899998  272  213  155
   84   35   26   47   97  159  238  332  543  685  654  515  326
  236  246  396  541  608  560  515  539  550  5739999899998
99998999989999899998999989999899998999989999899998  224  167  106
   26  -39  -59  -36   15  117  245  376  631  774  777  649  433
  327  318  475  628  681  614  550  610  667  733  82899998
