tauY_total_03_2017_moy.22
 -413 -304 -212  -74   30   87  -42 -152 -277 -380 -435 -287 -174
 -186 -238 -318 -468 -624 -674 -706 -721 -789 -840 -8959999899998
999989999899998999989999899998999989999899998999989999899998
 -266 -187 -115  -22   60   99   -5 -129 -255 -335 -355 -261 -160
 -132 -159 -224 -391 -545 -656 -715 -755 -790 -815999989999899998
999989999899998999989999899998999989999899998999989999899998
 -131  -78  -29   35  104  120   30  -89 -211 -307 -317 -225 -129
  -65  -29  -72 -229 -384 -534 -649 -717 -754 -768999989999899998
999989999899998999989999899998999989999899998999989999899998
  -35  -10   22   75  115  132   60  -61 -188 -281 -313 -222 -134
  -40   27    3 -132 -284 -429 -586 -689 -71599998999989999899998
999989999899998999989999899998999989999899998999989999899998
   -4   -1   30   81  124  133   70  -50 -191 -297 -356 -297 -243
 -155 -123 -124 -213 -339 -456 -581 -671 -70799998999989999899998
999989999899998999989999899998999989999899998999989999899998
  -35  -16   27   89  133  132   31  -83 -235 -381 -466 -468 -449
 -422 -402 -417 -448 -519 -591 -645 -680 -69299998999989999899998
999989999899998999989999899998999989999899998999989999899998
 -108  -47   13   78  128  111  -12 -162 -325 -463 -531 -579 -625
 -683 -681 -681 -692 -697 -723 -716 -687 -67999998999989999899998
999989999899998999989999899998999989999899998999989999899998
 -220 -117  -45   17   53   43  -85 -250 -389 -452 -497 -592 -690
 -801 -866 -858 -830 -783 -753 -696 -616 -56199998999989999899998
999989999899998999989999899998999989999899998999989999899998
 -340 -252 -187 -129  -86  -97 -207 -337 -406 -434 -442 -530 -649
 -770 -862 -862 -786 -714 -631 -532 -437 -33299998999989999899998
999989999899998999989999899998999989999899998999989999899998
 -458 -419 -374 -329 -287 -279 -356 -432 -445 -426 -394 -445 -547
 -667 -752 -748 -652 -571 -476 -358 -245 -145  -80999989999899998
999989999899998999989999899998999989999899998999989999899998
 -557 -572 -558 -529 -498 -483 -501 -511 -477 -410 -356 -369 -448
 -576 -663 -651 -570 -478 -370 -260 -136  -79  -77 -1089999899998
999989999899998999989999899998999989999899998999989999899998
99998 -656 -662 -658 -657 -630 -589 -550 -497 -404 -333 -340 -415
 -537 -626 -624 -549 -448 -326 -191  -83  -50  -54  -79 -10699998
999989999899998999989999899998999989999899998999989999899998
99998999989999899998 -736 -697 -605 -539 -473 -394 -321 -338 -397
 -479 -548 -556 -502 -401 -273 -126  -38    2    8   -9  -18   -7
    2   13   65  158  253  231  163   53  -55999989999899998
9999899998999989999899998 -696 -606 -521 -435 -365 -318 -299 -311
 -342 -377 -401 -358 -259 -135  -29   44   81   96   92   87   85
   74   59   89  156  222  230  179   94    8999989999899998
9999899998999989999899998 -663 -574 -480 -395 -317 -261 -211 -169
 -162 -174 -174 -131  -53   43  129  180  205  207  201  207  210
  176  135  121  155  206  231  203  142   85999989999899998
999989999899998999989999899998 -529 -437 -340 -264 -194 -104  -27
   24   51   74  127  183  245  301  320  315  285  275  292  315
  273  217  167  152  201  241  227  173  131999989999899998
9999899998999989999899998999989999899998 -286 -224 -112   13  102
  177  241  287  332  378  410  411  402  350  282  268  287  330
  318  267  211  197  224  254  246  191  145999989999899998
9999899998999989999899998999989999899998999989999899998  127  186
  254  327  384  434  465  470  449  430  335  251  222  245  299
  316  304  273  266  284  294  257  191  138  1139999899998
999989999899998999989999899998999989999899998999989999899998  221
  251  297  369  410  426  423  427  429  341  251  195  215  277
  333  352  338  346  371  326  263  194  137  110  10999998
999989999899998999989999899998999989999899998999989999899998  160
  173  222  283  327  343  348  392  446  404  323  244  237  288
  348  373  377  395  412  361  275  200  144  129  12899998
9999899998999989999899998999989999899998999989999899998   71   72
   86  123  189  232  248  279  354  464  490  439  361  311  320
  358  362  369  397  413  374  276  191  156  167  18599998
99998999989999899998999989999899998999989999899998   38    2  -11
   -1   42  106  140  159  210  302  413  518  530  460  388  363
  343  338  351  372  394  352  293  236  213  214  23799998
99998999989999899998999989999899998999989999899998  -16  -53  -76
  -64  -23   46   70   83  127  204  313  420  472  428  372  340
  307  301  321  353  388  378  368  344  318  300  28999998
99998999989999899998999989999899998999989999899998  -58  -93 -117
 -108  -62    2   20   25   40  100  196  296  354  333  303  290
  270  271  304  350  406  446  464  454  432  4169999899998
99998999989999899998999989999899998999989999899998  -69 -107 -132
 -129  -93  -27  -12  -14  -24   12   97  198  255  257  256  257
  261  269  307  369  433  512  551  549  524  493  47899998
