tauY_total_09_2016_moy.22
   71  107  100   66   33    4  -14  -45  -66  -85 -108 -126 -135
 -142 -163 -207 -282 -354 -436 -515 -584 -695 -783 -8689999899998
999989999899998999989999899998999989999899998999989999899998
   65   81   81   64   36    0  -31  -64 -101 -140 -170 -167 -169
 -167 -181 -211 -281 -368 -438 -483 -533 -608 -673999989999899998
999989999899998999989999899998999989999899998999989999899998
   42   51   48   39   17  -19  -67 -106 -151 -194 -230 -228 -210
 -194 -189 -218 -294 -381 -438 -484 -508 -531 -556999989999899998
999989999899998999989999899998999989999899998999989999899998
    6    7    1   -9  -30  -62 -117 -156 -193 -237 -271 -259 -227
 -193 -175 -214 -308 -400 -451 -491 -496 -46999998999989999899998
999989999899998999989999899998999989999899998999989999899998
  -33  -46  -53  -70 -103 -146 -179 -145 -135 -185 -259 -257 -211
 -159 -157 -202 -313 -415 -471 -489 -479 -45099998999989999899998
999989999899998999989999899998999989999899998999989999899998
  -58  -63  -84 -128 -176 -212 -155  -58   -6  -55 -162 -216 -192
 -139 -117 -167 -291 -389 -447 -456 -438 -40099998999989999899998
999989999899998999989999899998999989999899998999989999899998
  -41  -50  -81 -146 -214 -237 -113   18   72   32  -92 -162 -172
 -111  -71 -107 -213 -306 -349 -365 -328 -29899998999989999899998
999989999899998999989999899998999989999899998999989999899998
   10  -30  -70 -138 -203 -229  -87   40   83   29  -86 -147 -162
  -91  -42  -59 -132 -204 -225 -210 -164 -13399998999989999899998
999989999899998999989999899998999989999899998999989999899998
   56    8  -42 -102 -152 -162  -54   37   51   -1  -97 -153 -143
  -62  -16  -36  -82 -118 -107  -62  -20   2299998999989999899998
999989999899998999989999899998999989999899998999989999899998
   86   40   -2  -34  -61  -61  -19   33   32  -22  -96 -124  -67
   10   49   11  -31  -32    8   48   86   97   93999989999899998
999989999899998999989999899998999989999899998999989999899998
   99   62   34   26   33   46   30   43   29  -25  -79  -27   76
  143  140   89   43   56  109  158  183  156  149  1249999899998
999989999899998999989999899998999989999899998999989999899998
99998   74   56   63   94  117  108   85   50    8   20  127  226
  266  246  183  147  154  208  262  275  254  240  226  20899998
999989999899998999989999899998999989999899998999989999899998
99998999989999899998  124  136  130  109   90   99  150  267  346
  362  324  273  260  270  314  351  345  357  349  335  297  249
  224  249  314  321  262  225  257  360  487999989999899998
9999899998999989999899998  114   86   64   79  147  260  370  418
  404  373  341  355  394  426  426  401  408  427  415  366  295
  279  304  350  361  314  290  306  380  478999989999899998
9999899998999989999899998   58  -17  -41   23  167  337  445  474
  437  392  377  411  467  487  465  419  417  456  455  399  324
  320  350  390  403  370  351  356  407  473999989999899998
999989999899998999989999899998 -153 -153  -20  183  401  516  529
  463  402  399  447  488  486  450  406  407  434  437  401  348
  346  375  406  414  388  376  370  387  418999989999899998
9999899998999989999899998999989999899998  -74  198  464  583  564
  471  400  418  467  471  446  412  387  381  387  408  407  398
  380  392  409  401  374  355  336  312  278999989999899998
9999899998999989999899998999989999899998999989999899998  595  522
  421  382  414  438  434  401  370  362  346  351  390  437  460
  454  443  428  398  355  299  279  239  166  1029999899998
999989999899998999989999899998999989999899998999989999899998  367
  317  319  365  380  380  355  336  335  339  347  380  438  494
  511  498  448  372  313  261  225  189  145   89   4599998
999989999899998999989999899998999989999899998999989999899998  168
  193  239  302  332  326  307  313  358  375  364  367  414  479
  535  546  470  371  308  275  240  217  177  105   4999998
9999899998999989999899998999989999899998999989999899998   17   47
   94  162  242  274  260  250  292  360  393  387  366  384  444
  527  570  510  428  368  358  346  320  248  158   7899998
99998999989999899998999989999899998999989999899998  -32  -21  -16
   13   89  178  193  178  187  228  298  349  381  377  364  400
  472  525  524  500  467  488  510  476  388  257  14999998
99998999989999899998999989999899998999989999899998  -38  -62  -77
  -60   -6   76  106   93   95  125  191  266  326  349  364  380
  414  461  522  546  569  636  690  663  569  413  26099998
99998999989999899998999989999899998999989999899998  -55 -108 -139
 -132  -91  -11   30   39    7   12   64  160  242  295  336  364
  384  421  503  585  655  762  848  839  741  6229999899998
99998999989999899998999989999899998999989999899998  -74 -148 -190
 -191 -151  -71   -3   28  -63  -93  -53   74  168  242  307  355
  364  397  479  583  688  841  950  955  882  792  71799998
