tauY_total_05_2017_moy.22
  252  228  201  169  139   86  -44 -161 -212 -229 -186 -153 -132
  -89  -53  -33 -117 -232 -343 -411 -426 -393 -357 -3429999899998
999989999899998999989999899998999989999899998999989999899998
  175  161  140  130  111   73  -49 -163 -233 -263 -247 -219 -191
 -154 -115  -91 -208 -336 -442 -506 -514 -458 -396999989999899998
999989999899998999989999899998999989999899998999989999899998
   89   79   62   64   56   28  -80 -181 -259 -304 -308 -282 -261
 -238 -202 -174 -308 -450 -565 -642 -643 -574 -481999989999899998
999989999899998999989999899998999989999899998999989999899998
   26   12   -6  -13  -21  -44 -124 -200 -269 -317 -340 -329 -322
 -322 -297 -296 -420 -564 -692 -776 -791 -73899998999989999899998
999989999899998999989999899998999989999899998999989999899998
   -3  -25  -34  -56  -75  -99 -136 -180 -236 -284 -318 -346 -372
 -378 -403 -429 -520 -647 -777 -855 -892 -89399998999989999899998
999989999899998999989999899998999989999899998999989999899998
  -37  -39  -34  -49  -67  -88  -93 -119 -165 -214 -264 -352 -415
 -439 -464 -514 -592 -690 -804 -881 -909 -92099998999989999899998
999989999899998999989999899998999989999899998999989999899998
  -97  -60  -38  -22  -20  -48  -55  -67  -98 -158 -245 -344 -415
 -449 -480 -532 -612 -690 -765 -810 -810 -80699998999989999899998
999989999899998999989999899998999989999899998999989999899998
 -161  -94  -52  -16  -20  -51  -69  -87 -117 -172 -254 -327 -383
 -415 -448 -494 -570 -638 -670 -663 -621 -57899998999989999899998
999989999899998999989999899998999989999899998999989999899998
 -211 -135  -98  -81  -98 -140 -183 -217 -232 -264 -307 -330 -359
 -374 -398 -436 -497 -556 -553 -501 -415 -31099998999989999899998
999989999899998999989999899998999989999899998999989999899998
 -226 -180 -164 -190 -228 -282 -351 -394 -389 -376 -368 -353 -358
 -369 -381 -408 -449 -482 -456 -371 -228 -111  -61999989999899998
999989999899998999989999899998999989999899998999989999899998
 -199 -216 -225 -276 -331 -378 -435 -462 -449 -398 -370 -363 -357
 -380 -400 -410 -430 -428 -370 -220  -57   27   47    19999899998
999989999899998999989999899998999989999899998999989999899998
99998 -226 -261 -307 -340 -347 -357 -349 -337 -311 -299 -315 -323
 -351 -373 -374 -382 -357 -256  -88   70  136  152  142  14399998
999989999899998999989999899998999989999899998999989999899998
99998999989999899998 -270 -229 -182 -156 -152 -162 -173 -201 -231
 -252 -260 -262 -265 -244 -139   -3  135  205  227  231  237  270
  248  188  119  101  128  142  123   66    7999989999899998
9999899998999989999899998  -67   -2   -7  -26  -41  -28  -44  -78
  -90 -105 -119 -125 -120  -55   43  145  225  261  274  277  285
  237  162  124  130  167  181  160  101   42999989999899998
9999899998999989999899998   65   37    2  -14    9   62  105   97
   69   34    6  -20  -21   -5   53  118  198  251  272  298  310
  252  183  158  183  228  238  207  141   81999989999899998
999989999899998999989999899998  -61  -98  -74   13  120  212  241
  187  115   62   27   50   73   80  103  157  207  250  311  329
  297  263  251  274  298  286  243  180  133999989999899998
9999899998999989999899998999989999899998 -150   -2  175  302  329
  239  129   58   63  121  184  205  195  175  196  256  310  339
  377  397  399  388  360  321  268  214  178999989999899998
9999899998999989999899998999989999899998999989999899998  383  367
  243  107   41   91  184  287  359  351  288  251  271  307  352
  438  505  506  444  372  311  266  237  203  1649999899998
999989999899998999989999899998999989999899998999989999899998  349
  222   95   35  106  220  347  443  463  390  326  303  297  327
  413  502  510  443  360  304  276  267  229  162  11299998
999989999899998999989999899998999989999899998999989999899998  294
  198  101   48  102  199  321  420  457  421  376  332  283  273
  351  445  472  442  380  334  321  312  257  170  10199998
9999899998999989999899998999989999899998999989999899998  320  265
  194  118   67   76  128  220  291  308  330  354  333  268  240
  305  385  437  447  415  399  409  396  325  219  12899998
99998999989999899998999989999899998999989999899998  330  300  249
  188  130   89   40   61   96   87   69  139  214  245  250  219
  257  329  415  449  457  497  533  523  451  328  22499998
99998999989999899998999989999899998999989999899998  298  264  212
  153  101   73   68   75   20  -44  -99  -68   13  101  150  157
  188  254  361  438  485  577  646  654  587  466  35199998
99998999989999899998999989999899998999989999899998  269  220  165
  101   39   11  103  145   35  -83 -195 -215 -168  -51   38   77
  100  169  285  394  481  601  711  746  687  5999999899998
99998999989999899998999989999899998999989999899998  257  190  128
   56  -21  -59  157  237   97  -55 -210 -286 -277 -153  -42    6
   24   91  205  325  449  592  713  757  737  674  61499998
