tauY_total_10_2017_moy.22
  -14  -72  -82  -72  -70  -59  -13   28   44   17  -30  -98 -151
 -135 -134 -139 -212 -275 -277 -259 -228 -195 -147 -1119999899998
999989999899998999989999899998999989999899998999989999899998
   39   28   24   20    3  -10   22   43   48   27  -35 -102 -141
 -148 -137 -145 -197 -256 -288 -304 -280 -254 -222999989999899998
999989999899998999989999899998999989999899998999989999899998
   77  103  108   90   61   20   29   23    5  -32  -88 -138 -163
 -140 -113 -126 -179 -249 -319 -367 -372 -350 -321999989999899998
999989999899998999989999899998999989999899998999989999899998
   94  140  148  123   77   22   -3  -35  -69 -107 -146 -166 -156
 -111  -85  -98 -169 -261 -364 -438 -481 -48499998999989999899998
999989999899998999989999899998999989999899998999989999899998
   86  120  134  109   64    6  -75 -116 -151 -168 -196 -164 -133
  -95  -81 -102 -199 -301 -405 -503 -563 -59099998999989999899998
999989999899998999989999899998999989999899998999989999899998
   47   61   80   82   55    2  -72 -139 -181 -199 -188 -152 -142
 -142 -156 -197 -278 -364 -448 -529 -567 -57799998999989999899998
999989999899998999989999899998999989999899998999989999899998
   13   28   28   37   46   19  -54 -142 -190 -213 -196 -182 -176
 -212 -267 -324 -363 -401 -440 -455 -460 -45999998999989999899998
999989999899998999989999899998999989999899998999989999899998
   27   26    9    8   18   22  -57 -164 -235 -264 -251 -232 -220
 -270 -339 -389 -397 -380 -365 -338 -311 -29899998999989999899998
999989999899998999989999899998999989999899998999989999899998
   75   44   16    7   11   10  -72 -172 -269 -315 -290 -260 -243
 -287 -335 -367 -348 -316 -264 -210 -177 -14899998999989999899998
999989999899998999989999899998999989999899998999989999899998
  137   86   49   27   24   18  -54 -143 -244 -291 -282 -230 -198
 -212 -244 -257 -241 -221 -164 -107  -69  -59  -67999989999899998
999989999899998999989999899998999989999899998999989999899998
  195  138  103   75   63   62   23  -52 -138 -196 -204 -157 -110
  -83  -79  -97 -104  -95  -60  -12   24    5    0    39999899998
999989999899998999989999899998999989999899998999989999899998
99998  189  154  131  128  132  115   76   21  -44  -68  -44    0
   46   84   77   51   50   55   86  119  124  146  183  23899998
999989999899998999989999899998999989999899998999989999899998
99998999989999899998  181  187  188  174  146  124  110   97  111
  154  198  228  225  191  174  176  196  248  298  348  374  389
  374  320  264  229  209  179  151  142  137999989999899998
9999899998999989999899998  192  195  205  216  248  270  275  247
  257  305  354  350  295  240  205  226  304  375  430  451  426
  362  272  228  215  219  228  211  195  178999989999899998
9999899998999989999899998  149  158  189  261  333  407  410  376
  359  388  417  394  333  243  185  194  281  365  423  457  435
  332  239  200  198  232  262  270  247  227999989999899998
999989999899998999989999899998   82  139  266  408  512  518  489
  447  422  440  400  332  220  155  148  199  281  350  397  401
  302  226  181  182  226  280  297  268  260999989999899998
9999899998999989999899998999989999899998  241  426  569  582  544
  482  441  432  386  321  227  143  109  121  175  257  331  360
  319  269  213  199  242  276  266  238  253999989999899998
9999899998999989999899998999989999899998999989999899998  599  544
  480  432  403  365  315  259  182  123   95  113  188  279  335
  359  339  306  279  298  284  215  197  223  2679999899998
999989999899998999989999899998999989999899998999989999899998  481
  424  375  334  315  303  284  235  160  109   83  125  196  273
  349  382  392  391  380  285  206  189  189  211  24899998
999989999899998999989999899998999989999899998999989999899998  345
  319  277  247  271  297  300  275  205  104   44   44   82  151
  268  367  430  454  422  330  244  193  178  184  19399998
9999899998999989999899998999989999899998999989999899998  188  221
  219  196  183  229  290  322  304  229  107   27   -3   -3   40
  194  338  434  480  463  382  302  239  207  221  23799998
99998999989999899998999989999899998999989999899998   51   68  107
  133  137  148  207  282  333  325  260  144   98   69   30   12
  132  288  410  488  507  454  379  330  331  357  38399998
99998999989999899998999989999899998999989999899998 -107  -71  -19
   38   88  130  195  274  329  322  278  252  245  216  149   86
  106  204  346  477  532  506  457  454  473  509  54799998
99998999989999899998999989999899998999989999899998 -294 -219 -142
  -56   32  112  196  268  295  293  282  373  408  371  284  179
  108  121  273  430  539  536  524  549  593  6589999899998
99998999989999899998999989999899998999989999899998 -460 -334 -232
 -126   -3  103  181  257  253  228  236  477  559  506  402  255
  104   57  205  382  537  563  568  592  643  735  86599998
