tauY_total_11_2014_moy.22
   15  -53  -63   24  100  184  241  235   91  -88 -306 -624 -912
 -941 -859 -648 -614 -624 -732 -796 -783 -585 -419 -3099999899998
999989999899998999989999899998999989999899998999989999899998
   59   15    6   45   81  120  138  119   45  -68 -235 -601 -918
-1019 -969 -803 -702 -626 -689 -757 -763 -618 -483999989999899998
999989999899998999989999899998999989999899998999989999899998
   88   70   53   40   45   53   43   21   13  -41 -154 -538 -847
-1006-1012 -880 -687 -556 -601 -671 -678 -615 -535999989999899998
999989999899998999989999899998999989999899998999989999899998
  102   90   66   21   -5   -7  -13  -23    7   13  -63 -402 -679
 -867 -927 -810 -574 -445 -508 -564 -586 -58699998999989999899998
999989999899998999989999899998999989999899998999989999899998
   88   60   37    1  -33  -54  -25   -1   29   43   -8 -207 -459
 -631 -675 -594 -436 -401 -448 -504 -546 -57599998999989999899998
999989999899998999989999899998999989999899998999989999899998
   58   18   -4  -22  -54  -73  -30   12   41   46  -12 -108 -270
 -375 -410 -388 -391 -427 -483 -550 -592 -60399998999989999899998
999989999899998999989999899998999989999899998999989999899998
   23   -8  -35  -59  -81  -92  -64  -37  -11  -13  -58 -132 -208
 -259 -292 -320 -403 -492 -579 -637 -646 -63999998999989999899998
999989999899998999989999899998999989999899998999989999899998
  -19  -34  -60  -92 -112 -123 -128 -131 -117 -118 -137 -181 -237
 -284 -303 -320 -438 -543 -627 -657 -630 -58599998999989999899998
999989999899998999989999899998999989999899998999989999899998
  -53  -56  -76 -105 -128 -142 -184 -214 -217 -205 -209 -250 -295
 -341 -360 -370 -422 -502 -559 -551 -482 -39399998999989999899998
999989999899998999989999899998999989999899998999989999899998
  -60  -69  -77  -88 -107 -133 -175 -216 -245 -223 -211 -248 -296
 -348 -372 -350 -349 -368 -378 -341 -273 -194 -124999989999899998
999989999899998999989999899998999989999899998999989999899998
  -40  -50  -51  -54  -64  -83 -110 -146 -174 -168 -148 -177 -220
 -259 -262 -234 -198 -178 -157 -118  -63  -31    0   319999899998
999989999899998999989999899998999989999899998999989999899998
99998   -4  -10  -15  -16  -24  -49  -78  -77  -59  -27  -33  -63
  -90  -84  -43    3   39   70  102  125  125  131  153  20599998
999989999899998999989999899998999989999899998999989999899998
99998999989999899998   21    8  -21  -42  -15   49  109  130  111
   89   94  148  220  267  302  319  318  284  267  286  333  379
  323  219  138  125  173  167  114   -1 -122999989999899998
9999899998999989999899998   14  -20  -28   17  105  188  233  236
  225  238  294  377  455  504  519  504  444  394  410  434  442
  374  277  227  239  292  287  216   89  -36999989999899998
9999899998999989999899998   -8  -45  -41   18  108  203  255  281
  290  309  348  446  549  618  649  634  579  493  482  479  473
  403  331  320  375  450  445  364  229  100999989999899998
999989999899998999989999899998  -82  -63    1   89  183  251  283
  294  300  328  418  524  622  674  665  591  502  449  433  425
  386  352  382  479  572  566  492  375  280999989999899998
9999899998999989999899998999989999899998  -36   62  148  219  245
  245  233  243  306  398  519  608  607  526  449  382  333  323
  320  329  398  499  586  597  555  483  426999989999899998
9999899998999989999899998999989999899998999989999899998  154  162
  146  134  131  158  232  366  480  511  456  407  350  300  276
  288  324  383  456  494  536  544  520  446  3689999899998
999989999899998999989999899998999989999899998999989999899998   32
   33   44   58   80  133  232  342  372  370  367  346  309  297
  317  370  399  394  371  422  460  454  407  312  20899998
999989999899998999989999899998999989999899998999989999899998  -80
  -31   23   70  115  153  173  186  209  256  297  326  337  327
  369  430  445  403  329  337  376  381  343  255  15699998
9999899998999989999899998999989999899998999989999899998 -174 -118
  -31   55  130  166  172  131   75   69  144  218  290  328  335
  396  448  471  434  349  311  323  340  320  282  22699998
99998999989999899998999989999899998999989999899998 -206 -159 -109
  -10  111  197  197  167   90   27   12   72  162  241  290  307
  367  421  457  438  367  311  300  352  410  446  45799998
99998999989999899998999989999899998999989999899998 -180 -137  -82
   17  144  239  207  144   61    9    7   55  131  191  228  236
  290  351  391  375  335  266  257  371  517  620  72899998
99998999989999899998999989999899998999989999899998 -158 -121  -64
   25  156  265  214  128   65   28   40   73  124  157  171  163
  202  254  282  289  266  207  217  376  574  7849999899998
99998999989999899998999989999899998999989999899998 -149 -114  -61
    8  147  313  223  108   81   92  101  118  143  160  142  134
  138  170  186  192  184  150  166  343  598  868 113199998
