tauY_total_12_2014_moy.22
  -75  137  290  355  327  240  234  237  215  171   63   25   -2
   55  134  203  155   65  -22 -114 -201 -305 -374 -4269999899998
999989999899998999989999899998999989999899998999989999899998
 -101  143  286  314  267  171  121   95  104   96   42  -10  -58
  -19   59  134  124   58  -65 -189 -291 -369 -414999989999899998
999989999899998999989999899998999989999899998999989999899998
 -131   90  215  223  178   63  -16  -61  -11   16   -3 -106 -174
 -150  -76    1   46   25 -111 -255 -365 -428 -465999989999899998
999989999899998999989999899998999989999899998999989999899998
 -139   18  118  125   82  -27 -126 -152  -78  -30  -44 -190 -284
 -285 -245 -154  -69  -44 -162 -299 -412 -46199998999989999899998
999989999899998999989999899998999989999899998999989999899998
 -118  -60   13   43    0  -90 -133 -127  -72  -22  -47 -207 -332
 -378 -359 -286 -186 -144 -226 -328 -411 -45099998999989999899998
999989999899998999989999899998999989999899998999989999899998
  -73  -70  -43  -17  -29  -70  -77  -44   -9   -1  -31 -144 -263
 -346 -370 -332 -277 -271 -323 -372 -396 -40699998999989999899998
999989999899998999989999899998999989999899998999989999899998
  -35  -48  -46  -43  -48  -55  -38  -23   -3    5  -14  -61 -151
 -249 -312 -329 -357 -401 -420 -421 -409 -39399998999989999899998
999989999899998999989999899998999989999899998999989999899998
  -31  -32  -35  -47  -63  -68  -61  -55  -31  -20  -32  -62 -126
 -207 -286 -347 -422 -478 -482 -461 -427 -39599998999989999899998
999989999899998999989999899998999989999899998999989999899998
  -63  -55  -57  -70  -83  -96  -98 -112 -108  -91  -94 -137 -201
 -270 -339 -399 -453 -485 -482 -451 -402 -35499998999989999899998
999989999899998999989999899998999989999899998999989999899998
  -99  -93  -92  -96 -103 -111 -141 -177 -203 -202 -206 -243 -305
 -368 -423 -453 -458 -447 -420 -376 -334 -282 -234999989999899998
999989999899998999989999899998999989999899998999989999899998
 -115 -116 -117 -114 -105 -109 -157 -200 -250 -286 -282 -314 -351
 -410 -432 -427 -389 -339 -297 -249 -213 -194 -173 -1409999899998
999989999899998999989999899998999989999899998999989999899998
99998 -112 -122 -120 -110 -104 -141 -172 -205 -223 -214 -241 -276
 -325 -318 -283 -213 -148  -99  -66  -56  -71  -71  -45  -1499998
999989999899998999989999899998999989999899998999989999899998
99998999989999899998 -112 -101 -101  -99  -84  -42   -1  -28  -80
 -111  -97  -41   42  105  138  148  123   84   77   89   96  104
   87   63   66  104  144  132   86    5  -86999989999899998
9999899998999989999899998 -100  -57  -48   -6   76  183  189  140
  134  156  214  298  360  376  349  307  279  265  255  242  214
  163  132  126  160  191  175  132   59  -14999989999899998
9999899998999989999899998 -108  -86  -81  -18  101  233  306  309
  315  342  404  472  555  594  551  482  469  452  424  385  334
  272  225  224  246  271  258  216  158  111999989999899998
999989999899998999989999899998 -202 -195 -108   36  194  319  378
  383  404  466  559  658  717  722  675  624  570  512  463  415
  354  313  322  336  345  335  302  262  234999989999899998
9999899998999989999899998999989999899998 -263  -71  138  292  357
  353  364  425  554  666  757  797  739  646  561  499  436  395
  379  370  378  386  382  373  349  322  302999989999899998
9999899998999989999899998999989999899998999989999899998  247  283
  265  282  345  481  618  722  741  682  561  463  402  351  321
  341  382  388  382  362  345  342  336  316  2829999899998
999989999899998999989999899998999989999899998999989999899998  160
  155  182  246  382  510  581  593  543  421  332  287  259  248
  299  350  357  338  305  296  318  336  312  253  19999998
999989999899998999989999899998999989999899998999989999899998   29
   56   99  161  254  346  382  381  350  281  229  204  213  233
  271  291  285  256  218  252  303  335  298  219  15399998
9999899998999989999899998999989999899998999989999899998  -48  -34
   -9   33   87  120  155  173  190  193  203  201  200  225  253
  264  254  221  173  150  214  310  348  306  207  12299998
99998999989999899998999989999899998999989999899998  -98  -95  -86
  -65  -37    6    0  -14   27   76  136  188  216  234  266  284
  266  234  176  125  116  224  325  357  332  265  17799998
99998999989999899998999989999899998999989999899998 -176 -179 -168
 -148 -120  -93 -119 -149  -55   50  138  199  243  270  286  304
  283  241  165  116  124  221  314  363  374  336  28799998
99998999989999899998999989999899998999989999899998 -277 -276 -263
 -243 -214 -188 -225 -288 -125   42  170  225  243  262  285  319
  317  276  193  138  155  220  293  369  411  4229999899998
99998999989999899998999989999899998999989999899998 -371 -360 -340
 -314 -285 -260 -260 -441 -171   72  221  233  239  254  287  336
  386  389  256  181  212  212  257  351  425  482  54099998
