tauY_total_08_2017_moy.22
  -21   -4   18   45   60   59   22  -22  -54  -66  -59  -32  -36
  -52  -86 -131 -257 -391 -428 -428 -414 -567 -669 -7959999899998
999989999899998999989999899998999989999899998999989999899998
  -20   14   42   70   75   55  -10  -67  -95 -110  -98  -71  -77
 -113 -161 -222 -343 -483 -533 -549 -545 -641 -707999989999899998
999989999899998999989999899998999989999899998999989999899998
  -40   12   45   67   63   15  -76 -148 -172 -181 -170 -153 -161
 -218 -273 -338 -461 -587 -656 -706 -712 -744 -777999989999899998
999989999899998999989999899998999989999899998999989999899998
  -72   -9   26   36    6  -57 -163 -259 -296 -289 -263 -259 -277
 -336 -395 -433 -519 -608 -704 -759 -786 -80599998999989999899998
999989999899998999989999899998999989999899998999989999899998
 -111  -54  -22  -30  -67 -138 -252 -359 -423 -434 -394 -382 -382
 -412 -429 -449 -470 -500 -581 -651 -703 -73799998999989999899998
999989999899998999989999899998999989999899998999989999899998
 -146 -108  -81  -89 -116 -182 -291 -389 -457 -496 -464 -396 -365
 -376 -379 -373 -342 -321 -359 -420 -474 -51699998999989999899998
999989999899998999989999899998999989999899998999989999899998
 -163 -138 -106  -90 -105 -162 -260 -352 -417 -435 -399 -306 -264
 -283 -309 -322 -253 -178 -122 -150 -196 -22799998999989999899998
999989999899998999989999899998999989999899998999989999899998
 -153 -114  -72  -33  -31  -72 -178 -268 -324 -336 -302 -219 -171
 -213 -293 -326 -233 -126   -8   57   24  -1799998999989999899998
999989999899998999989999899998999989999899998999989999899998
 -108  -46    0   42   65   41  -63 -159 -208 -221 -183 -110  -80
 -160 -245 -289 -215  -96   29  112  114   9199998999989999899998
999989999899998999989999899998999989999899998999989999899998
  -36   34   78  112  136  124   59  -25  -66  -71  -43  -10   14
  -52 -118 -142  -81   12   98  162  170  142  146999989999899998
999989999899998999989999899998999989999899998999989999899998
   39   97  132  156  166  159  132  102   84   73   66   64   93
  112  122  129  178  244  285  294  268  253  277  3449999899998
999989999899998999989999899998999989999899998999989999899998
99998  120  138  155  157  155  175  199  196  181  179  176  181
  288  380  439  479  507  508  463  396  375  408  494  58999998
999989999899998999989999899998999989999899998999989999899998
99998999989999899998  124  132  180  231  255  293  311  312  297
  388  518  613  664  662  619  505  432  430  465  540  560  524
  418  300  227  213  239  225  197  144   78999989999899998
9999899998999989999899998   90  139  168  224  323  433  440  398
  393  454  547  611  598  513  411  350  366  408  457  469  428
  340  247  213  225  258  270  253  212  166999989999899998
9999899998999989999899998   33   -9  -12  101  285  490  569  509
  397  347  366  411  411  332  249  195  211  271  320  361  347
  278  219  204  222  264  288  280  251  223999989999899998
999989999899998999989999899998 -217 -217  -35  269  569  694  660
  481  315  274  261  259  190  132   75   70  151  238  314  340
  305  259  223  233  258  285  282  250  222999989999899998
9999899998999989999899998999989999899998 -165  254  672  848  808
  593  403  324  275  233  177  109   65   82  139  267  400  468
  448  403  332  288  274  283  264  216  176999989999899998
9999899998999989999899998999989999899998999989999899998 1020  920
  696  532  454  398  327  263  211  185  181  213  342  495  591
  621  583  491  383  334  303  249  186  134   809999899998
999989999899998999989999899998999989999899998999989999899998  905
  702  558  532  496  428  362  321  308  288  294  367  470  570
  630  644  597  503  431  342  254  180  107   49   2399998
999989999899998999989999899998999989999899998999989999899998  636
  512  439  461  486  448  384  334  329  323  332  352  371  420
  491  586  640  625  531  408  285  183   98   40   1599998
9999899998999989999899998999989999899998999989999899998  470  346
  267  253  305  367  375  314  266  265  294  319  292  265  273
  396  558  683  749  698  509  342  203  109   72   5299998
99998999989999899998999989999899998999989999899998  472  278  187
  122  109  168  227  254  186  144  158  208  244  212  182  196
  386  542  691  814  830  646  432  286  211  190  19099998
99998999989999899998999989999899998999989999899998  269  191  138
   97   93  142  153  126   44   33   59  111  155  160  172  224
  374  506  649  764  809  708  543  445  393  374  37699998
99998999989999899998999989999899998999989999899998   98  156  166
  179  222  263  217   30  -44  -44  -11   26   69  134  203  280
  354  440  549  647  714  691  632  594  583  6179999899998
99998999989999899998999989999899998999989999899998   -1  183  253
  323  419  525  406   -9  -54  -43   -8    0   28  130  254  353
  328  367  427  500  592  639  674  684  706  805  95299998
