tauY_total_08_2014_moy.22
   19   79  127  176  203  203  166  116   32  -45 -125 -147 -174
 -154 -106  -41  -55 -133 -222 -332 -431 -553 -620 -6639999899998
999989999899998999989999899998999989999899998999989999899998
   17   81  127  162  178  167  121   63   -2  -62 -116 -167 -212
 -209 -181 -147 -169 -217 -336 -469 -590 -660 -685999989999899998
999989999899998999989999899998999989999899998999989999899998
   13   72  111  135  144  117   53  -15  -57 -100 -134 -210 -274
 -295 -287 -267 -270 -307 -437 -578 -691 -735 -752999989999899998
999989999899998999989999899998999989999899998999989999899998
    7   51   82   98   91   53  -29 -104 -132 -146 -172 -260 -336
 -386 -413 -392 -359 -357 -470 -588 -678 -70299998999989999899998
999989999899998999989999899998999989999899998999989999899998
  -12   12   41   57   37  -22 -110 -176 -201 -209 -218 -289 -367
 -466 -510 -480 -386 -376 -430 -488 -530 -54899998999989999899998
999989999899998999989999899998999989999899998999989999899998
  -59  -34   -8   -3  -32  -92 -174 -232 -253 -250 -248 -254 -321
 -430 -478 -440 -385 -368 -350 -346 -331 -31299998999989999899998
999989999899998999989999899998999989999899998999989999899998
 -115  -79  -74  -89 -112 -147 -207 -266 -276 -256 -244 -259 -299
 -363 -420 -422 -386 -350 -286 -227 -177 -13199998999989999899998
999989999899998999989999899998999989999899998999989999899998
 -134 -125 -137 -158 -174 -192 -215 -251 -248 -226 -208 -234 -265
 -308 -344 -353 -333 -292 -233 -156  -91  -3199998999989999899998
999989999899998999989999899998999989999899998999989999899998
  -94 -126 -155 -178 -188 -187 -183 -178 -176 -160 -145 -160 -169
 -188 -210 -219 -211 -184 -148  -96  -28   3099998999989999899998
999989999899998999989999899998999989999899998999989999899998
  -13  -77 -120 -145 -149 -129 -101  -75  -91  -88  -72  -50  -24
  -11  -13  -22  -33  -26  -11   21   63  103  161999989999899998
999989999899998999989999899998999989999899998999989999899998
   72   -6  -54  -77  -73  -42   -7   15   -3  -25   -1   73  131
  178  204  200  178  155  157  172  197  235  310  4019999899998
999989999899998999989999899998999989999899998999989999899998
99998   73   15  -12    2   39   70   85   77   68   94  183  260
  327  377  382  352  323  319  316  334  398  473  555  62399998
999989999899998999989999899998999989999899998999989999899998
99998999989999899998   46   72   91  122  145  173  203  261  328
  392  435  445  431  412  403  400  425  519  589  625  581  494
  384  309  293  288  287  325  389  458  518999989999899998
9999899998999989999899998   29   69  130  194  257  305  331  360
  392  412  406  398  391  381  381  420  556  622  573  473  370
  302  273  295  322  329  357  405  469  523999989999899998
9999899998999989999899998  -59   30  107  215  305  342  362  388
  403  375  348  315  298  284  290  358  510  566  432  319  223
  206  237  293  331  336  351  387  450  499999989999899998
999989999899998999989999899998  -30   76  192  241  275  319  362
  385  366  317  251  215  220  264  335  422  442  288  167  107
  152  224  286  313  295  294  330  388  440999989999899998
9999899998999989999899998999989999899998   77  112  146  233  300
  349  373  328  252  219  256  311  365  366  315  226  124  112
  179  257  297  286  224  221  255  307  341999989999899998
9999899998999989999899998999989999899998999989999899998  141  231
  312  366  360  315  306  354  397  414  368  283  216  197  215
  286  355  356  291  206  176  202  239  231  1759999899998
999989999899998999989999899998999989999899998999989999899998  211
  308  393  404  417  439  464  481  473  390  293  234  235  293
  380  445  436  366  262  204  202  204  170  101   3499998
999989999899998999989999899998999989999899998999989999899998  250
  353  440  458  495  524  527  521  497  407  309  253  250  317
  432  506  517  467  371  288  260  233  175   97   3199998
9999899998999989999899998999989999899998999989999899998  225  314
  408  460  494  520  530  528  511  484  408  330  280  276  316
  448  531  543  508  431  363  343  321  259  182  12099998
99998999989999899998999989999899998999989999899998  170  235  298
  374  436  487  483  476  480  472  455  416  369  325  304  324
  406  473  469  437  404  402  424  444  412  349  29399998
99998999989999899998999989999899998999989999899998   73  118  175
  249  332  393  395  390  403  414  420  403  378  337  298  287
  296  309  308  308  322  408  489  556  572  524  46799998
99998999989999899998999989999899998999989999899998  -50  -19   31
   88  162  241  256  279  316  354  376  382  358  310  267  234
  189  162  167  195  258  399  536  631  680  6779999899998
99998999989999899998999989999899998999989999899998 -155 -128  -80
  -28   31   87  153  204  268  323  359  371  341  287  238  197
  120   77   85  124  209  385  556  667  728  743  75299998
