tauY_total_01_2015_moy.22
  650  523  463  496  529  556  464  383  355  358  385  398  378
  295  189   99  -82 -243 -397 -532 -621 -671 -686 -6819999899998
999989999899998999989999899998999989999899998999989999899998
  464  396  356  374  396  413  357  284  245  231  258  257  199
  125   12  -96 -210 -292 -400 -566 -694 -757 -773999989999899998
999989999899998999989999899998999989999899998999989999899998
  274  245  221  224  224  199  143   65   16   -9   25    8  -63
 -164 -314 -417 -423 -435 -509 -604 -755 -844 -888999989999899998
999989999899998999989999899998999989999899998999989999899998
  128  131  115   83   29  -37 -143 -245 -300 -279 -244 -242 -272
 -401 -531 -635 -597 -564 -613 -688 -805 -91999998999989999899998
999989999899998999989999899998999989999899998999989999899998
   42   62   55   -6 -101 -212 -375 -474 -499 -460 -402 -344 -318
 -444 -553 -666 -661 -621 -637 -719 -829 -95699998999989999899998
999989999899998999989999899998999989999899998999989999899998
    0   35   31  -46 -140 -262 -419 -503 -504 -448 -361 -275 -237
 -335 -463 -573 -591 -589 -606 -685 -814 -93999998999989999899998
999989999899998999989999899998999989999899998999989999899998
  -18   15   14  -43 -129 -237 -340 -417 -399 -327 -241 -160 -161
 -222 -352 -463 -497 -534 -570 -644 -797 -91199998999989999899998
999989999899998999989999899998999989999899998999989999899998
  -24   -7    0  -14  -92 -183 -257 -321 -302 -239 -180 -121 -161
 -222 -317 -420 -484 -513 -554 -663 -755 -82399998999989999899998
999989999899998999989999899998999989999899998999989999899998
  -55  -39  -43  -51  -84 -155 -238 -312 -320 -291 -231 -234 -267
 -364 -461 -535 -569 -571 -605 -631 -633 -61999998999989999899998
999989999899998999989999899998999989999899998999989999899998
 -101  -97 -122 -153 -178 -218 -333 -432 -476 -454 -408 -404 -415
 -513 -628 -680 -677 -643 -600 -525 -464 -392 -301999989999899998
999989999899998999989999899998999989999899998999989999899998
 -139 -178 -220 -268 -303 -333 -454 -549 -614 -635 -604 -547 -536
 -591 -645 -688 -677 -629 -516 -392 -285 -195 -125  -809999899998
999989999899998999989999899998999989999899998999989999899998
99998 -255 -310 -368 -392 -396 -446 -499 -576 -622 -601 -549 -527
 -542 -555 -581 -570 -511 -381 -229 -100  -20   12    9   -699998
999989999899998999989999899998999989999899998999989999899998
99998999989999899998 -427 -386 -336 -315 -354 -367 -364 -365 -361
 -374 -395 -404 -388 -312 -191  -38   83  123  124   88   58   52
   13  -22  -14   29   86  108   94   36  -29999989999899998
9999899998999989999899998 -320 -198 -174 -169 -138  -86  -93 -107
 -121 -147 -166 -132  -50   52  161  251  256  221  176  150  130
   87   53   49   77  114  120   99   50    0999989999899998
9999899998999989999899998 -215 -186 -198 -138  -53   64  149  161
  150  113   91  136  202  282  362  409  394  319  276  246  221
  183  147  137  148  168  163  135   96   64999989999899998
999989999899998999989999899998 -336 -347 -242  -73  111  278  353
  335  289  286  326  375  438  492  523  487  378  330  303  283
  255  232  224  225  232  220  190  156  136999989999899998
9999899998999989999899998999989999899998 -442 -186   85  296  389
  363  329  337  377  417  459  484  478  403  330  305  283  268
  268  263  265  271  273  265  233  200  181999989999899998
9999899998999989999899998999989999899998999989999899998  255  317
  279  274  289  320  355  372  362  306  245  250  255  246  232
  235  252  269  278  275  263  234  204  174  1529999899998
999989999899998999989999899998999989999899998999989999899998  224
  195  188  210  229  260  257  215  145  146  187  216  224  215
  218  234  249  267  279  245  211  176  149  126  11399998
999989999899998999989999899998999989999899998999989999899998  143
  136  134  150  173  205  196  151   92  102  150  197  222  215
  212  214  231  253  262  240  205  172  139  118  10799998
9999899998999989999899998999989999899998999989999899998   78   90
   94  100  113  153  179  171  132   80   87  128  193  225  222
  209  204  223  240  253  237  221  197  165  135  13099998
99998999989999899998999989999899998999989999899998  -25   16   36
   49   62   79  121  152  151  116   76   77  115  186  226  218
  197  194  215  242  266  284  287  271  238  189  15599998
99998999989999899998999989999899998999989999899998 -110  -83  -58
  -36  -21   -2   53   99  110   93   68   71  109  170  208  199
  180  183  213  256  299  344  369  355  300  230  16599998
99998999989999899998999989999899998999989999899998 -204 -184 -159
 -139 -120  -99  -34   37   62   68   59   69  107  154  174  177
  162  162  205  269  327  415  449  414  338  2529999899998
99998999989999899998999989999899998999989999899998 -281 -263 -235
 -212 -194 -179 -100  -12   24   44   50   77  110  142  166  177
  183  161  206  277  372  469  501  444  349  229  11599998
