tauY_total_04_2016_moy.22
  -26   75  120  101   54  -18 -109 -174 -149  -97  -30   83  145
  146  110   18 -114 -241 -241 -226 -197 -383 -535 -6999999899998
999989999899998999989999899998999989999899998999989999899998
   43  106  137  120   78   13  -68 -129 -129  -95  -44   26   69
   63   29  -39 -172 -264 -284 -308 -360 -515 -619999989999899998
999989999899998999989999899998999989999899998999989999899998
   87  123  144  141  117   55  -25  -90 -110  -95  -66  -40  -31
  -42  -92 -156 -241 -297 -350 -433 -541 -680 -767999989999899998
999989999899998999989999899998999989999899998999989999899998
  114  129  144  157  139  104   23  -52  -89 -100  -85  -97 -111
 -159 -249 -351 -364 -366 -445 -588 -739 -86999998999989999899998
999989999899998999989999899998999989999899998999989999899998
  107  120  125  137  148  133   30  -44  -82  -99 -106 -107 -135
 -264 -433 -581 -527 -504 -579 -716 -901-106199998999989999899998
999989999899998999989999899998999989999899998999989999899998
   89   98  102  117  118   99   45  -22  -55  -74  -82  -85 -152
 -329 -565 -754 -717 -672 -702 -809 -996-118199998999989999899998
999989999899998999989999899998999989999899998999989999899998
   78   77   69   57   43   17    2  -20  -38  -46  -58 -107 -199
 -390 -623 -828 -844 -792 -773 -840 -985-115799998999989999899998
999989999899998999989999899998999989999899998999989999899998
   49   37   19  -14  -60 -100 -110 -113 -102  -79  -86 -146 -235
 -400 -612 -812 -874 -830 -775 -771 -852 -93999998999989999899998
999989999899998999989999899998999989999899998999989999899998
    9  -13  -43  -91 -156 -224 -252 -266 -229 -180 -157 -176 -236
 -357 -538 -719 -788 -765 -684 -622 -620 -60599998999989999899998
999989999899998999989999899998999989999899998999989999899998
  -31  -57  -97 -161 -240 -320 -398 -435 -395 -319 -254 -212 -226
 -311 -454 -614 -691 -671 -560 -477 -424 -376 -335999989999899998
999989999899998999989999899998999989999899998999989999899998
  -56  -90 -137 -212 -296 -382 -499 -551 -517 -431 -344 -252 -208
 -267 -399 -535 -602 -585 -475 -349 -253 -223 -224 -2539999899998
999989999899998999989999899998999989999899998999989999899998
99998 -110 -156 -242 -333 -404 -506 -550 -523 -453 -371 -256 -188
 -238 -342 -452 -509 -474 -363 -200  -83  -63  -87 -145 -18899998
999989999899998999989999899998999989999899998999989999899998
99998999989999899998 -351 -391 -428 -439 -411 -359 -285 -197 -152
 -187 -261 -344 -369 -306 -172  -16   97  109   74   10  -29  -11
   10   42  115  201  279  291  262  163   27999989999899998
9999899998999989999899998 -348 -317 -278 -224 -160  -90  -53  -57
  -89 -143 -183 -151  -96   24  165  275  286  244  178  121  103
  105  124  160  212  246  246  209  135   67999989999899998
9999899998999989999899998 -306 -206 -116  -20   82  155  155  120
   75   41   49   79  106  171  264  351  409  375  304  234  210
  216  234  252  263  265  236  181  131  124999989999899998
999989999899998999989999899998 -145   -6  165  290  367  347  300
  253  255  287  292  290  268  298  367  423  390  297  248  248
  286  320  346  349  328  272  199  160  161999989999899998
9999899998999989999899998999989999899998  305  420  508  477  418
  384  396  456  464  410  331  315  368  363  300  203  162  183
  271  327  374  393  370  298  219  179  167999989999899998
9999899998999989999899998999989999899998999989999899998  517  442
  426  465  542  531  453  369  332  357  323  265  181  118  113
  193  267  318  353  356  301  241  198  171  1749999899998
999989999899998999989999899998999989999899998999989999899998  353
  358  438  531  517  435  351  307  337  331  289  216  161  148
  156  205  246  288  312  295  279  243  209  200  21899998
999989999899998999989999899998999989999899998999989999899998  200
  235  330  426  442  385  300  270  302  317  318  286  257  254
  226  215  228  259  291  328  360  350  326  303  28999998
9999899998999989999899998999989999899998999989999899998  110  106
  135  197  281  312  304  247  218  233  296  329  347  372  388
  361  311  295  292  325  407  474  510  526  507  49499998
99998999989999899998999989999899998999989999899998  137   93   56
   48   77  142  200  224  206  186  199  274  313  367  431  469
  459  423  399  380  398  504  560  610  666  709  71899998
99998999989999899998999989999899998999989999899998  122   57    2
  -34  -34   10   99  158  184  200  214  227  260  324  382  423
  464  489  480  472  479  516  547  591  626  654  69599998
99998999989999899998999989999899998999989999899998   90    9  -58
 -111 -131  -97  -12   80  156  212  228  186  194  235  287  342
  417  491  516  523  524  477  473  498  527  5669999899998
99998999989999899998999989999899998999989999899998   47  -35 -109
 -170 -196 -163  -99   -1  113  206  236  178  161  175  223  298
  376  457  508  539  544  424  385  394  424  483  55999998
