tauY_total_07_2016_moy.22
   73   86   91   85   78   65   50   34   33   13  -20 -150 -245
 -240 -202 -158 -217 -320 -461 -601 -689 -782 -845 -9309999899998
999989999899998999989999899998999989999899998999989999899998
   57   66   69   68   66   59   46   17  -15  -45  -84 -187 -271
 -273 -233 -184 -284 -411 -572 -702 -777 -836 -880999989999899998
999989999899998999989999899998999989999899998999989999899998
   32   33   31   35   44   51   30  -21  -91 -134 -167 -226 -289
 -304 -277 -220 -351 -488 -639 -736 -781 -824 -853999989999899998
999989999899998999989999899998999989999899998999989999899998
   -3  -16  -23   -7   22   38   -3  -83 -179 -245 -257 -250 -249
 -261 -255 -281 -427 -537 -617 -669 -686 -69399998999989999899998
999989999899998999989999899998999989999899998999989999899998
  -59  -80  -86  -52  -12   15  -62 -168 -272 -332 -318 -228 -154
 -159 -219 -334 -426 -498 -498 -490 -482 -46699998999989999899998
999989999899998999989999899998999989999899998999989999899998
 -139 -154 -152 -110  -61  -40 -136 -250 -349 -383 -339 -217 -115
 -149 -250 -363 -417 -435 -389 -340 -305 -27499998999989999899998
999989999899998999989999899998999989999899998999989999899998
 -205 -198 -194 -160 -117 -104 -202 -316 -398 -411 -341 -217 -151
 -205 -286 -356 -378 -373 -318 -253 -195 -15899998999989999899998
999989999899998999989999899998999989999899998999989999899998
 -224 -205 -199 -188 -169 -161 -234 -338 -400 -381 -306 -239 -226
 -268 -318 -344 -333 -307 -252 -195 -145 -10799998999989999899998
999989999899998999989999899998999989999899998999989999899998
 -188 -176 -171 -176 -176 -184 -223 -297 -328 -292 -233 -242 -264
 -292 -311 -293 -252 -204 -169 -124  -91  -8999998999989999899998
999989999899998999989999899998999989999899998999989999899998
 -121 -120 -114 -116 -125 -141 -165 -202 -217 -184 -145 -191 -231
 -253 -233 -174 -104  -54  -44  -25    0  -31  -55999989999899998
999989999899998999989999899998999989999899998999989999899998
  -59  -54  -41  -34  -35  -34  -53  -77  -91  -70  -46  -68  -99
 -110  -53   46  109  134  123  125  139   95   72   589999899998
999989999899998999989999899998999989999899998999989999899998
99998    3   13   43   72   84   67   48   38   43   70   80   76
  102  177  271  322  323  306  293  294  270  244  245  26599998
999989999899998999989999899998999989999899998999989999899998
99998999989999899998  160  167  149  132  129  145  187  218  219
  252  325  405  447  436  412  383  382  390  391  394  372  349
  372  379  378  340  286  260  285  359  436999989999899998
9999899998999989999899998  191  164  118  117  180  281  318  310
  317  346  391  416  410  379  347  341  404  449  448  414  366
  328  322  335  332  312  321  346  405  476999989999899998
9999899998999989999899998  141   42  -20   14  141  311  410  405
  352  316  313  307  296  259  234  235  307  386  407  382  324
  278  273  303  327  336  359  388  427  470999989999899998
999989999899998999989999899998 -169 -209 -113   95  339  505  533
  420  319  269  221  189  154  138  150  216  293  333  331  295
  256  253  289  333  350  376  390  387  388999989999899998
9999899998999989999899998999989999899998 -230   60  388  608  645
  514  364  281  220  153  118  115  131  186  247  302  321  315
  297  289  310  345  377  375  343  296  266999989999899998
9999899998999989999899998999989999899998999989999899998  701  699
  570  440  366  287  211  166  151  163  200  261  323  361  367
  358  351  356  376  402  372  292  214  158  1379999899998
999989999899998999989999899998999989999899998999989999899998  625
  533  467  447  388  316  244  197  198  232  300  363  405  419
  412  396  387  408  437  369  278  187  113   83   9199998
999989999899998999989999899998999989999899998999989999899998  444
  416  429  462  458  402  303  215  190  245  327  403  445  451
  424  395  395  421  445  399  338  247  154   88   5999998
9999899998999989999899998999989999899998999989999899998  365  321
  313  348  425  463  430  315  204  159  235  328  412  466  463
  418  377  383  404  426  438  445  387  279  168   9099998
99998999989999899998999989999899998999989999899998  396  315  251
  225  250  353  422  419  306  195  141  200  294  386  437  438
  398  362  359  354  370  477  554  551  468  325  19899998
99998999989999899998999989999899998999989999899998  316  224  154
  108  111  195  331  374  271  171  120  156  230  317  371  378
  368  361  338  308  321  477  622  688  638  493  33799998
99998999989999899998999989999899998999989999899998  188  109   41
  -20  -49   14  200  314  229  150  105  112  163  238  291  305
  324  348  322  284  276  459  649  765  763  6589999899998
99998999989999899998999989999899998999989999899998   61   11  -46
 -108 -160 -113   70  275  206  146   96   90  123  184  230  259
  297  338  317  274  262  420  630  792  825  722  59999998
