tauY_total_05_2014_moy.22
 -181 -124  -61   23   78  103   60   11   21   53  102  162  143
  118   88   66  -89 -262 -430 -568 -675 -723 -759 -8039999899998
999989999899998999989999899998999989999899998999989999899998
 -154  -82  -21   38   90  116   34  -49  -75  -45   12   40   22
  -26  -75 -122 -222 -323 -440 -565 -673 -734 -758999989999899998
999989999899998999989999899998999989999899998999989999899998
 -111  -42   10   67  132  151   46  -79 -147 -158  -90  -91 -124
 -209 -285 -325 -340 -375 -462 -567 -661 -740 -779999989999899998
999989999899998999989999899998999989999899998999989999899998
  -61  -10   30  100  166  193   54  -97 -199 -228 -195 -201 -237
 -352 -451 -501 -445 -435 -499 -590 -691 -76999998999989999899998
999989999899998999989999899998999989999899998999989999899998
  -14   -2   27  108  170  185   54  -91 -205 -258 -240 -237 -270
 -386 -489 -558 -506 -494 -561 -651 -767 -85699998999989999899998
999989999899998999989999899998999989999899998999989999899998
   15    7   15   63   99  103    5 -104 -192 -238 -233 -206 -227
 -318 -413 -479 -504 -558 -648 -755 -851 -92799998999989999899998
999989999899998999989999899998999989999899998999989999899998
   18   12    8   -1    2  -13  -74 -141 -193 -212 -192 -161 -187
 -263 -324 -377 -486 -591 -692 -787 -849 -89599998999989999899998
999989999899998999989999899998999989999899998999989999899998
    2    7   -3  -44  -85 -117 -148 -186 -197 -177 -169 -188 -239
 -281 -321 -360 -466 -564 -650 -705 -716 -69899998999989999899998
999989999899998999989999899998999989999899998999989999899998
  -17  -16  -39  -87 -140 -183 -191 -209 -201 -189 -201 -271 -345
 -373 -385 -385 -423 -477 -526 -529 -484 -40999998999989999899998
999989999899998999989999899998999989999899998999989999899998
  -32  -54  -92 -137 -184 -222 -234 -245 -250 -260 -291 -375 -450
 -480 -465 -437 -407 -387 -367 -336 -268 -204 -166999989999899998
999989999899998999989999899998999989999899998999989999899998
  -36  -95 -150 -193 -227 -252 -276 -292 -321 -352 -381 -446 -498
 -529 -522 -478 -398 -333 -268 -183 -121 -113 -129 -1559999899998
999989999899998999989999899998999989999899998999989999899998
99998 -133 -199 -253 -278 -288 -314 -332 -367 -399 -418 -434 -450
 -472 -477 -443 -363 -283 -197 -103  -43  -65  -88  -91  -8399998
999989999899998999989999899998999989999899998999989999899998
99998999989999899998 -344 -337 -342 -352 -366 -377 -368 -341 -338
 -352 -344 -323 -270 -205 -132  -47   47   72   61   49   65   70
   62   65   71   95  123  151  185  209  224999989999899998
9999899998999989999899998 -385 -364 -348 -323 -287 -249 -222 -209
 -206 -203 -182 -147 -109  -44   75  200  301  329  287  226  180
  131   96  104  130  156  188  207  214  213999989999899998
9999899998999989999899998 -456 -392 -336 -265 -173  -94  -59  -66
  -75  -64  -30  -22    4   88  226  385  552  631  549  417  315
  222  159  152  169  186  208  215  205  181999989999899998
999989999899998999989999899998 -414 -304 -169  -33   75  108   92
   64   67  105   98  116  207  347  522  710  804  720  558  425
  307  248  231  226  234  243  214  164  149999989999899998
9999899998999989999899998999989999899998  -66   81  218  256  236
  191  166  185  193  197  268  393  547  681  728  675  544  453
  386  365  348  352  344  298  235  164  134999989999899998
9999899998999989999899998999989999899998999989999899998  382  347
  293  245  247  255  236  251  350  462  519  515  474  424  407
  428  450  467  474  470  384  280  200  145  1209999899998
999989999899998999989999899998999989999899998999989999899998  407
  358  325  309  275  248  228  251  324  340  313  282  302  321
  384  444  509  550  569  467  349  259  168  126  12299998
999989999899998999989999899998999989999899998999989999899998  353
  335  320  312  259  217  196  209  241  244  225  194  176  194
  261  341  440  533  574  519  439  344  258  224  21399998
9999899998999989999899998999989999899998999989999899998  226  224
  226  232  231  202  166  169  196  234  253  244  173   96   69
  125  219  326  443  511  530  539  501  477  480  49399998
99998999989999899998999989999899998999989999899998  209  174  134
  104   96  102  104  106  138  188  231  277  299  216   75  -10
   10  138  288  384  432  535  629  714  774  785  78999998
99998999989999899998999989999899998999989999899998  296  189   99
   16  -31  -30   -8   34   74  112  165  228  263  195   55  -45
   17  159  333  447  477  565  693  858  937  940  93399998
99998999989999899998999989999899998999989999899998  403  234  102
  -18 -107 -126  -98  -52  -42    2   42  131  182  135   26  -49
   63  238  424  541  559  626  729  879  972  9829999899998
99998999989999899998999989999899998999989999899998  521  303  134
  -12 -117 -155 -132 -101 -126 -131  -99   36  104   73    9  -54
  100  309  508  611  619  658  741  851  925  919  86099998
