tauY_total_09_2014_moy.22
  197   92   14  -51  -81  -72  -22   -4  -33  -72 -123 -171 -193
 -170 -141 -122 -106 -110  -91 -113 -153 -267 -328 -3609999899998
999989999899998999989999899998999989999899998999989999899998
  164   67    7  -34  -47  -35    9   34   -8  -70 -126 -166 -184
 -159 -133 -123 -134 -157 -195 -268 -348 -444 -487999989999899998
999989999899998999989999899998999989999899998999989999899998
  116   47    3  -11   -5   18   58   75   21  -55 -122 -159 -162
 -132 -119 -146 -181 -230 -329 -444 -545 -631 -690999989999899998
999989999899998999989999899998999989999899998999989999899998
   66   31    2    9   32   64   94   79    6  -68 -129 -132 -122
  -99 -127 -194 -260 -331 -444 -553 -663 -75099998999989999899998
999989999899998999989999899998999989999899998999989999899998
   25   15    5   22   45   65   51    7  -63 -130 -160 -120  -72
  -71 -132 -251 -349 -419 -485 -557 -639 -70399998999989999899998
999989999899998999989999899998999989999899998999989999899998
    1   12    5    2   12    9  -50 -116 -170 -205 -198 -113  -30
  -44 -122 -246 -366 -439 -449 -453 -456 -47499998999989999899998
999989999899998999989999899998999989999899998999989999899998
  -13   -2   -7  -24  -40  -60 -142 -219 -265 -265 -233 -116  -32
  -42  -97 -189 -299 -381 -344 -272 -206 -16999998999989999899998
999989999899998999989999899998999989999899998999989999899998
  -17  -25  -36  -53  -69  -94 -167 -241 -284 -291 -250 -148  -73
  -49  -67 -122 -197 -252 -201 -102   -7   8499998999989999899998
999989999899998999989999899998999989999899998999989999899998
  -14  -33  -51  -61  -65  -72 -111 -167 -218 -246 -229 -172 -105
  -41  -21  -38  -74  -95  -59   15  113  20199998999989999899998
999989999899998999989999899998999989999899998999989999899998
   -6  -24  -32  -29  -26  -19  -13  -23  -80 -140 -161 -142  -76
    4   68   81   49   39   49  100  182  222  235999989999899998
999989999899998999989999899998999989999899998999989999899998
   15   13   16   23   34   45   73  110   71   -9  -57  -44   28
  121  206  223  178  140  124  156  221  246  243  1979999899998
999989999899998999989999899998999989999899998999989999899998
99998   59   67   74   83   91  141  195  193  139   86  121  183
  276  359  391  334  250  209  215  263  293  290  282  32499998
999989999899998999989999899998999989999899998999989999899998
99998999989999899998  112  108  168  235  273  264  225  254  303
  391  466  490  445  368  316  281  303  346  370  401  448  480
  410  295  214  189  222  242  244  193  120999989999899998
9999899998999989999899998   82  141  191  246  282  313  315  340
  405  463  481  469  448  395  320  308  390  434  481  512  523
  458  365  308  287  303  314  302  262  217999989999899998
9999899998999989999899998   16    0   19   98  206  296  337  352
  369  385  422  454  470  413  321  284  387  431  477  508  517
  472  415  376  363  371  375  360  336  307999989999899998
999989999899998999989999899998 -227 -214 -101   65  236  338  362
  331  322  362  418  448  409  316  262  276  330  374  420  434
  436  418  391  377  379  377  379  373  346999989999899998
9999899998999989999899998999989999899998 -307  -56  193  342  369
  312  281  298  351  375  392  362  410  240  239  264  292  326
  351  364  354  331  306  331  355  357  338999989999899998
9999899998999989999899998999989999899998999989999899998  370  369
  292  231  232  253  297  373  516  483  266  227  233  251  272
  306  341  334  293  247  277  324  335  291  1899999899998
999989999899998999989999899998999989999899998999989999899998  325
  243  177  159  188  266  370  509  584  381  281  245  251  263
  307  360  366  321  266  293  326  315  250  144   3299998
999989999899998999989999899998999989999899998999989999899998  262
  188  125   99  145  225  333  471  542  451  366  307  267  270
  319  376  409  408  360  357  356  320  233  130   3799998
9999899998999989999899998999989999899998999989999899998  274  233
  166   89   52   95  158  275  377  403  388  380  359  310  296
  330  385  448  466  424  388  367  331  258  181  12599998
99998999989999899998999989999899998999989999899998  207  185  175
  143   80   25   32   75  156  183  194  235  290  331  347  323
  342  373  423  451  468  423  382  352  334  294  27999998
99998999989999899998999989999899998999989999899998    4   30   60
   79   80   38  -12  -12  -30  -51  -49   44  157  259  330  340
  316  311  355  427  479  474  447  438  428  428  41999998
99998999989999899998999989999899998999989999899998 -232 -136  -62
    1   56   71    0 -112 -290 -332 -315 -140   24  179  298  348
  274  229  297  400  496  531  537  538  545  5799999899998
99998999989999899998999989999899998999989999899998 -430 -258 -144
  -44   53  117   81 -162 -582 -637 -564 -277  -70  124  305  362
  229  150  254  378  524  612  643  623  638  676  75399998
