tauY_total_10_2016_moy.22
  350  197   89    7  -51  -69  -95 -108 -107  -80  -45  -81  -78
  -39   10   71  103  106   44  -38  -82  -85  -80  -749999899998
999989999899998999989999899998999989999899998999989999899998
  369  238  133   45  -17  -50  -78  -83  -57  -23   19   52   66
  111  145  180  148   85    1  -70 -111 -107  -94999989999899998
999989999899998999989999899998999989999899998999989999899998
  354  251  158   71    2  -41  -54  -48   -4   26   64  112  129
  161  184  176  105    2  -89 -138 -166 -144 -103999989999899998
999989999899998999989999899998999989999899998999989999899998
  291  226  153   73   -5  -43  -38   -2   46   83   78  102   88
   83   84   73  -31 -151 -219 -283 -270 -23499998999989999899998
999989999899998999989999899998999989999899998999989999899998
  182  143   95   30  -37  -82  -23   60  112  113   61  -24  -66
  -94 -114 -142 -231 -317 -383 -411 -401 -37099998999989999899998
999989999899998999989999899998999989999899998999989999899998
   48   38   14  -35  -92 -128  -39   67  127  110    5 -152 -226
 -233 -252 -305 -352 -391 -452 -484 -500 -50499998999989999899998
999989999899998999989999899998999989999899998999989999899998
  -35  -25  -31  -70 -113 -146  -59   45  101   76  -40 -175 -266
 -276 -283 -311 -344 -391 -456 -497 -524 -55099998999989999899998
999989999899998999989999899998999989999899998999989999899998
  -21   -2   -4  -36  -74 -101  -58   22   59   29  -80 -166 -220
 -226 -232 -252 -297 -336 -374 -419 -439 -45899998999989999899998
999989999899998999989999899998999989999899998999989999899998
   66   73   61   36    4  -25  -15   14   18  -29 -114 -171 -183
 -177 -179 -197 -223 -248 -257 -268 -274 -26699998999989999899998
999989999899998999989999899998999989999899998999989999899998
  188  169  143  122   88   53   30   20    4  -58 -122 -145 -143
 -128 -118 -130 -135 -144 -142 -125 -111 -114 -118999989999899998
999989999899998999989999899998999989999899998999989999899998
  291  249  214  181  144  107   70   44   11  -35  -67  -79  -73
  -56  -43  -38  -42  -43  -39  -19   15    1  -20  -449999899998
999989999899998999989999899998999989999899998999989999899998
99998  283  246  187  135  106   71   54   29   19   20   21   16
   16   42   77   80   63   57   97  152  153  139  136  17199998
999989999899998999989999899998999989999899998999989999899998
99998999989999899998  101   63   45   51   71  104  130  127  124
  129  156  185  189  161  157  196  266  309  318  317  318  335
  296  202  111   73   83   31    7  -25  -95999989999899998
9999899998999989999899998   17   17   31   92  176  263  278  280
  285  300  315  282  242  227  262  347  430  466  455  431  398
  312  198  125  108  133  150  157  151  134999989999899998
9999899998999989999899998  -42  -64  -47   52  199  340  436  461
  457  446  441  373  306  268  304  386  492  551  541  502  447
  325  206  145  141  198  285  334  354  366999989999899998
999989999899998999989999899998 -175 -139   -6  177  372  532  601
  591  561  522  434  341  290  300  384  485  565  579  546  469
  332  222  163  167  237  396  470  488  511999989999899998
9999899998999989999899998999989999899998  -95  134  381  580  651
  627  579  538  442  331  278  280  355  482  580  622  595  511
  372  270  209  209  257  411  482  487  497999989999899998
9999899998999989999899998999989999899998999989999899998  564  590
  545  514  507  427  326  258  273  366  522  638  679  660  572
  449  354  307  284  329  369  370  359  351  3279999899998
999989999899998999989999899998999989999899998999989999899998  375
  351  395  443  410  348  283  301  410  593  716  726  671  593
  509  434  409  442  494  393  311  259  218  194  20099998
999989999899998999989999899998999989999899998999989999899998   92
  152  257  379  408  377  336  343  444  607  716  707  638  555
  495  461  488  545  577  488  361  253  175  145  14199998
9999899998999989999899998999989999899998999989999899998  -98  -82
   17  163  327  404  396  356  359  433  546  624  610  543  463
  432  446  511  575  608  541  435  312  200  131  10999998
99998999989999899998999989999899998999989999899998  -86 -130 -143
  -67   96  280  376  375  318  298  359  419  451  424  370  335
  351  404  488  561  592  568  487  365  260  199  15099998
99998999989999899998999989999899998999989999899998  -90 -126 -144
 -103   22  197  292  294  221  201  239  265  269  237  210  235
  298  377  453  531  565  539  487  409  347  301  25699998
99998999989999899998999989999899998999989999899998  -71 -115 -135
 -116  -43   96  183  188  124  109  133  138  127  109  126  166
  261  362  440  499  534  505  459  442  445  4539999899998
99998999989999899998999989999899998999989999899998  -45  -96 -125
 -118  -63   30   97  119  105   83   91   84   71   67   86  135
  250  362  448  508  532  496  448  482  524  583  65899998
