tauY_total_03_2016_moy.22
 -275 -380 -392 -295 -195  -84 -127 -144 -186 -201 -171   78  283
  418  474  453  201  -39 -119 -183 -190 -369 -517 -7069999899998
999989999899998999989999899998999989999899998999989999899998
 -228 -251 -245 -184 -110  -43  -68  -93 -120 -120  -54  148  286
  383  431  413  157  -97 -243 -350 -417 -547 -639999989999899998
999989999899998999989999899998999989999899998999989999899998
 -153 -118 -102  -78  -40  -12  -26  -68  -76  -59   12  119  158
  203  243  234   50 -173 -387 -535 -630 -721 -795999989999899998
999989999899998999989999899998999989999899998999989999899998
  -95  -30  -13  -10   -7  -12  -33  -86  -76  -26   14  -18  -74
  -92  -82  -49 -115 -259 -493 -672 -764 -82199998999989999899998
999989999899998999989999899998999989999899998999989999899998
  -71  -45  -14   -2  -23  -65 -104 -113  -93  -64  -62 -206 -330
 -404 -389 -332 -291 -352 -542 -701 -786 -83199998999989999899998
999989999899998999989999899998999989999899998999989999899998
  -68  -64  -56  -63  -73 -105 -135 -137 -126 -119 -138 -318 -450
 -512 -523 -487 -432 -479 -626 -738 -781 -78299998999989999899998
999989999899998999989999899998999989999899998999989999899998
  -51  -53  -61  -81 -104 -119 -145 -161 -163 -154 -167 -264 -382
 -451 -472 -466 -530 -653 -778 -852 -850 -79999998999989999899998
999989999899998999989999899998999989999899998999989999899998
  -20  -31  -52  -80 -103 -115 -131 -195 -234 -213 -179 -177 -244
 -305 -350 -400 -601 -804 -936 -981 -927 -83499998999989999899998
999989999899998999989999899998999989999899998999989999899998
  -23  -48  -85 -112 -117 -123 -187 -294 -354 -344 -275 -182 -179
 -227 -288 -386 -625 -844 -973 -988 -881 -74699998999989999899998
999989999899998999989999899998999989999899998999989999899998
  -81 -133 -188 -208 -202 -195 -309 -451 -534 -514 -405 -277 -215
 -250 -327 -433 -607 -766 -839 -813 -713 -552 -384999989999899998
999989999899998999989999899998999989999899998999989999899998
 -170 -262 -337 -359 -346 -325 -458 -609 -694 -652 -517 -371 -284
 -315 -396 -483 -557 -611 -613 -563 -468 -344 -224 -1159999899998
999989999899998999989999899998999989999899998999989999899998
99998 -393 -467 -509 -491 -458 -555 -677 -749 -698 -555 -420 -344
 -379 -449 -497 -482 -456 -402 -324 -238 -143  -47   10    699998
999989999899998999989999899998999989999899998999989999899998
99998999989999899998 -578 -527 -558 -635 -684 -642 -501 -384 -345
 -379 -417 -431 -391 -327 -247 -143  -44   50  124  135  129  105
   78   89  163  243  293  270  219  119  -51999989999899998
9999899998999989999899998 -511 -488 -534 -557 -500 -370 -287 -260
 -272 -294 -307 -267 -214 -131  -13  109  214  264  265  239  214
  196  196  233  276  297  272  233  167   88999989999899998
9999899998999989999899998 -412 -422 -434 -424 -350 -231 -119  -77
  -89 -115 -131 -137 -107  -20  105  232  331  370  371  340  324
  316  312  319  323  312  299  277  257  248999989999899998
999989999899998999989999899998 -352 -368 -320 -214  -64   64  121
  103   57   20  -23  -20   67  194  327  406  424  405  394  403
  409  408  384  348  328  331  321  325  346999989999899998
9999899998999989999899998999989999899998 -250 -112   93  238  280
  236  175  124   57   31  102  234  379  418  411  373  382  418
  456  447  393  350  337  346  340  345  372999989999899998
9999899998999989999899998999989999899998999989999899998  375  364
  300  226  179  113   46   76  239  375  399  376  352  354  414
  447  430  379  347  343  344  338  333  335  3299999899998
999989999899998999989999899998999989999899998999989999899998  348
  282  224  215  175  108  104  193  306  341  328  332  364  408
  410  411  395  383  382  374  361  329  298  273  26199998
999989999899998999989999899998999989999899998999989999899998  230
  202  197  217  226  214  192  191  231  263  277  294  319  355
  376  392  415  442  472  459  419  348  285  245  22799998
9999899998999989999899998999989999899998999989999899998  145  119
  115  138  182  219  236  214  192  194  209  223  228  244  271
  324  365  427  498  549  545  495  399  308  270  25199998
99998999989999899998999989999899998999989999899998  122   76   41
   32   52  108  164  202  198  184  173  176  186  187  182  189
  255  315  404  490  545  549  528  478  403  356  33399998
99998999989999899998999989999899998999989999899998   60    5  -38
  -59  -45    5   86  147  169  166  162  165  175  181  172  148
  176  234  315  379  430  474  509  534  530  489  45099998
99998999989999899998999989999899998999989999899998   -7  -64 -109
 -140 -135  -89    4   87  133  157  161  172  192  209  192  150
  110  122  168  218  275  366  469  563  625  6419999899998
99998999989999899998999989999899998999989999899998  -55 -110 -156
 -190 -193 -151  -69   28   96  142  152  195  222  242  248  210
   59    7   22   73  130  281  433  579  694  756  77399998
