tauY_total_02_2018_moy.22
 -379 -354 -320 -198 -131  -86  -50  -25  -96 -237 -380 -370 -383
 -539 -714 -871 -882 -836 -699 -574 -565 -766 -909-10179999899998
999989999899998999989999899998999989999899998999989999899998
 -284 -253 -237 -214 -229 -248 -243 -235 -259 -306 -389 -371 -371
 -476 -597 -722 -693 -649 -545 -461 -459 -605 -738999989999899998
999989999899998999989999899998999989999899998999989999899998
 -216 -190 -198 -271 -356 -447 -468 -467 -433 -423 -422 -398 -379
 -397 -455 -538 -515 -492 -423 -383 -411 -473 -552999989999899998
999989999899998999989999899998999989999899998999989999899998
 -211 -197 -213 -335 -491 -633 -683 -683 -598 -498 -448 -430 -398
 -344 -328 -330 -347 -374 -384 -427 -475 -45499998999989999899998
999989999899998999989999899998999989999899998999989999899998
 -300 -296 -283 -376 -523 -685 -771 -764 -652 -502 -436 -423 -406
 -346 -248 -170 -228 -306 -438 -567 -641 -65599998999989999899998
999989999899998999989999899998999989999899998999989999899998
 -461 -405 -346 -346 -401 -496 -578 -577 -478 -383 -349 -371 -390
 -327 -221 -136 -177 -275 -477 -680 -787 -83099998999989999899998
999989999899998999989999899998999989999899998999989999899998
 -619 -485 -378 -286 -230 -235 -261 -277 -238 -226 -220 -298 -357
 -335 -267 -187 -184 -286 -515 -712 -815 -85999998999989999899998
999989999899998999989999899998999989999899998999989999899998
 -734 -547 -410 -266 -144  -63  -55  -91 -114 -128 -148 -246 -342
 -380 -364 -309 -293 -376 -560 -704 -766 -79499998999989999899998
999989999899998999989999899998999989999899998999989999899998
 -806 -639 -489 -318 -165  -75  -45  -51  -68 -109 -139 -231 -347
 -454 -491 -474 -487 -546 -640 -695 -682 -65099998999989999899998
999989999899998999989999899998999989999899998999989999899998
 -875 -754 -612 -457 -334 -254 -202 -159 -146 -157 -181 -258 -375
 -528 -633 -658 -693 -731 -731 -669 -585 -484 -363999989999899998
999989999899998999989999899998999989999899998999989999899998
 -961 -861 -744 -636 -557 -492 -415 -354 -306 -257 -254 -306 -416
 -567 -713 -783 -826 -815 -735 -619 -486 -356 -259 -2109999899998
999989999899998999989999899998999989999899998999989999899998
99998 -915 -817 -744 -673 -618 -556 -502 -437 -364 -322 -356 -444
 -586 -744 -830 -828 -768 -649 -496 -348 -235 -166 -138 -11899998
999989999899998999989999899998999989999899998999989999899998
99998999989999899998 -671 -615 -571 -537 -482 -404 -342 -351 -409
 -543 -703 -791 -752 -643 -489 -309 -175 -101  -55  -37   -8   43
  101  120  123  129  138  109   81   63   50999989999899998
9999899998999989999899998 -492 -495 -484 -436 -366 -302 -271 -291
 -413 -561 -636 -585 -463 -290 -112   -4   53   71   90  114  142
  152  133  123  125  142  151  129  106   84999989999899998
9999899998999989999899998 -292 -376 -387 -357 -305 -226 -155 -137
 -216 -322 -389 -336 -218  -50   92  168  193  195  213  235  255
  221  167  127  125  153  183  192  164  120999989999899998
999989999899998999989999899998 -273 -326 -308 -248 -150  -48    2
  -16  -74 -116  -71   31  162  263  293  281  270  287  316  342
  282  213  149  119  157  213  262  241  201999989999899998
9999899998999989999899998999989999899998 -298 -219  -99   20   87
  118  112  103  139  213  293  334  334  303  279  291  330  369
  338  279  207  160  171  234  327  351  280999989999899998
9999899998999989999899998999989999899998999989999899998   58  119
  167  204  226  261  303  332  330  316  285  258  268  307  357
  381  353  291  221  197  256  320  359  324  2289999899998
999989999899998999989999899998999989999899998999989999899998  112
  150  215  272  309  332  327  301  268  242  234  248  281  321
  389  404  345  272  230  251  305  350  333  256  16999998
999989999899998999989999899998999989999899998999989999899998   54
  118  192  274  325  369  359  301  221  190  203  224  255  282
  333  372  341  282  228  253  303  346  342  279  20399998
9999899998999989999899998999989999899998999989999899998  -89  -24
   70  170  272  380  452  429  328  201  146  150  189  223  245
  282  316  313  282  249  275  322  360  355  298  23299998
99998999989999899998999989999899998999989999899998 -160 -125  -78
    7  127  266  447  541  485  349  209  124   92  135  187  207
  232  270  310  308  297  319  363  394  379  309  25899998
99998999989999899998999989999899998999989999899998 -156 -136 -100
  -37   63  221  461  598  510  376  239  139   93  118  150  178
  194  239  311  354  368  395  429  441  406  347  28099998
99998999989999899998999989999899998999989999899998 -131 -129 -106
  -64    7  140  398  588  507  388  268  169  128  133  146  157
  175  223  311  379  421  454  482  480  446  3969999899998
99998999989999899998999989999899998999989999899998  -91 -107  -99
  -73  -16   72  249  497  499  408  303  217  189  178  172  155
  183  232  298  372  422  487  521  516  482  441  40499998
