tauY_total_09_2015_moy.22
  -22   -1    8   63  115  145  -24 -145 -160 -128  -41   52  105
   46  -43 -120 -122 -117  -75  -68  -79 -170 -214 -2359999899998
999989999899998999989999899998999989999899998999989999899998
  -23  -11   -2   38   82  106   -6 -108 -127 -100  -28   48   98
   54  -28 -109 -117 -114 -120 -159 -218 -294 -324999989999899998
999989999899998999989999899998999989999899998999989999899998
  -20  -20  -15    6   41   68   14  -57  -91  -81  -29   41   74
   50   -4  -74  -91 -114 -196 -294 -397 -463 -497999989999899998
999989999899998999989999899998999989999899998999989999899998
  -14  -23  -26  -22   -4   25   41    9  -41  -53  -38    8   25
   28   16  -36  -69 -128 -269 -416 -537 -61899998999989999899998
999989999899998999989999899998999989999899998999989999899998
  -10  -27  -38  -43  -41  -29   12   43   15  -26  -62  -48  -50
  -51  -60  -80 -134 -210 -331 -449 -559 -65399998999989999899998
999989999899998999989999899998999989999899998999989999899998
  -12  -31  -50  -66  -81  -75  -16   19   12  -19  -70 -113 -150
 -171 -188 -217 -239 -280 -345 -408 -461 -50299998999989999899998
999989999899998999989999899998999989999899998999989999899998
  -11  -27  -49  -77 -101 -103  -58  -18   -2  -22  -73 -158 -222
 -257 -279 -295 -303 -306 -316 -316 -291 -27299998999989999899998
999989999899998999989999899998999989999899998999989999899998
  -10  -24  -36  -64  -94 -107  -80  -45  -22  -25  -67 -160 -232
 -273 -297 -297 -303 -292 -259 -195 -120  -4099998999989999899998
999989999899998999989999899998999989999899998999989999899998
   -5   -5   -2  -17  -40  -65  -59  -40  -24  -24  -52 -115 -172
 -211 -226 -207 -214 -218 -174  -82   24  12399998999989999899998
999989999899998999989999899998999989999899998999989999899998
   11   44   66   72   58   29    7    2    6    2  -18  -45  -69
  -83  -73  -46  -50  -73  -47   30  139  213  240999989999899998
999989999899998999989999899998999989999899998999989999899998
   20  101  145  168  161  129   86   63   59   43   34   42   52
   74  121  167  154  124  119  170  243  269  245  1889999899998
999989999899998999989999899998999989999899998999989999899998
99998  146  201  227  212  170  124  102  100   94   94  109  138
  200  287  367  372  331  289  299  338  328  281  226  20399998
999989999899998999989999899998999989999899998999989999899998
99998999989999899998  204  146  106  103  120  135  151  166  183
  263  393  506  543  482  404  362  391  374  331  281  272  302
  327  323  306  310  331  314  291  250  200999989999899998
9999899998999989999899998   65   50   80  127  181  220  221  227
  303  432  552  568  512  422  358  365  383  377  350  332  336
  343  337  335  344  360  366  355  333  313999989999899998
9999899998999989999899998  -53   -6   57  146  238  306  308  296
  328  415  517  517  475  387  324  310  350  394  393  377  367
  347  344  356  369  378  396  389  375  372999989999899998
999989999899998999989999899998  -48   58  196  324  407  415  377
  347  369  446  466  449  382  305  267  288  347  376  385  351
  324  330  358  375  373  370  361  349  344999989999899998
9999899998999989999899998999989999899998  277  403  503  497  420
  337  318  383  468  473  421  343  253  230  259  311  309  276
  265  287  332  350  330  306  280  261  246999989999899998
9999899998999989999899998999989999899998999989999899998  526  406
  307  293  364  487  538  492  379  249  183  175  221  241  223
  233  267  314  331  295  230  187  165  133   869999899998
999989999899998999989999899998999989999899998999989999899998  296
  242  257  343  488  571  514  381  228  134  141  199  233  217
  232  300  361  350  275  192  144  119   85   48   2299998
999989999899998999989999899998999989999899998999989999899998  154
  156  204  312  438  519  461  329  189  137  174  233  262  254
  281  373  446  407  295  206  171  150  119   60   2199998
9999899998999989999899998999989999899998999989999899998   98   92
  118  180  275  367  413  368  280  190  198  252  297  299  296
  356  463  537  503  379  295  266  254  208  126   5499998
99998999989999899998999989999899998999989999899998    3   30   75
  130  205  292  316  325  308  263  232  265  293  301  303  303
  407  524  598  581  495  432  406  401  342  234  13699998
99998999989999899998999989999899998999989999899998 -192  -99    4
  126  252  328  315  287  291  290  267  258  249  230  214  227
  367  504  594  615  572  563  558  551  482  357  23099998
99998999989999899998999989999899998999989999899998 -432 -269 -105
   91  324  470  372  307  306  292  264  204  156  117   86  101
  250  429  553  609  601  646  698  681  602  4909999899998
99998999989999899998999989999899998999989999899998 -653 -438 -221
   42  406  787  428  328  311  289  250  139   63   12  -37  -46
  119  338  484  564  574  675  813  776  661  559  48099998
