tauY_total_12_2015_moy.22
   40   16   -4   22   55   84   10  -65 -102 -107  -67  -67  -64
   -8   55  131  159  155  108   61   36   33   43   469999899998
999989999899998999989999899998999989999899998999989999899998
   43   -8  -34  -17    8   25  -42 -108 -151 -162 -127 -120 -114
  -99  -55    8   28   21  -20  -56  -64  -54  -36999989999899998
999989999899998999989999899998999989999899998999989999899998
   25  -31  -61  -58  -47  -50 -115 -175 -217 -220 -182 -163 -164
 -203 -220 -167 -146 -156 -193 -209 -181 -155 -130999989999899998
999989999899998999989999899998999989999899998999989999899998
    5  -38  -69  -89 -112 -130 -193 -258 -289 -269 -217 -177 -176
 -260 -364 -382 -352 -345 -347 -305 -276 -24399998999989999899998
999989999899998999989999899998999989999899998999989999899998
  -11  -23  -59 -109 -149 -186 -256 -323 -329 -291 -235 -183 -171
 -223 -321 -430 -446 -430 -383 -350 -323 -29999998999989999899998
999989999899998999989999899998999989999899998999989999899998
  -15  -20  -48 -101 -155 -211 -273 -325 -318 -283 -235 -200 -191
 -244 -326 -399 -442 -448 -417 -380 -346 -31899998999989999899998
999989999899998999989999899998999989999899998999989999899998
  -14  -35  -62 -109 -166 -224 -279 -307 -304 -272 -236 -218 -243
 -318 -369 -397 -415 -432 -421 -392 -348 -32299998999989999899998
999989999899998999989999899998999989999899998999989999899998
  -26  -63  -97 -135 -188 -235 -269 -285 -280 -242 -221 -243 -305
 -378 -421 -417 -396 -403 -409 -382 -331 -29699998999989999899998
999989999899998999989999899998999989999899998999989999899998
  -58  -95 -135 -175 -210 -237 -253 -275 -264 -232 -209 -275 -367
 -435 -468 -435 -392 -378 -385 -357 -293 -22599998999989999899998
999989999899998999989999899998999989999899998999989999899998
  -96 -128 -181 -229 -246 -252 -278 -327 -317 -283 -238 -313 -426
 -508 -515 -449 -387 -352 -344 -312 -241 -155  -86999989999899998
999989999899998999989999899998999989999899998999989999899998
 -125 -180 -245 -291 -318 -326 -383 -436 -415 -344 -287 -341 -438
 -527 -523 -422 -335 -295 -284 -244 -165 -102  -62  -769999899998
999989999899998999989999899998999989999899998999989999899998
99998 -244 -310 -367 -403 -397 -435 -462 -448 -359 -286 -307 -375
 -445 -428 -311 -219 -182 -175 -141  -84  -50  -40  -68 -10899998
999989999899998999989999899998999989999899998999989999899998
99998999989999899998 -449 -411 -399 -387 -362 -301 -211 -200 -242
 -276 -230 -136  -53  -26  -33  -25    3   16   14    2    1   17
   34   47   47   25  -23  -72  -89  -87  -86999989999899998
9999899998999989999899998 -371 -313 -276 -228 -160  -74  -43  -66
  -68  -28   43  107  119   94   73   80   95  125  157  173  165
  171  174  154  112   60    9  -25  -31  -12999989999899998
9999899998999989999899998 -283 -199 -159 -104   -7   81  120  107
  100  130  191  216  212  177  141  140  198  279  348  375  362
  339  319  285  245  196  147  105   85   86999989999899998
999989999899998999989999899998 -109  -66    5   87  179  217  216
  203  220  260  261  242  203  172  182  288  386  464  508  500
  457  413  386  352  320  281  236  201  181999989999899998
9999899998999989999899998999989999899998   54  128  223  263  254
  232  229  254  257  238  204  186  210  311  394  461  502  497
  461  413  401  395  394  374  334  281  236999989999899998
9999899998999989999899998999989999899998999989999899998  275  228
  189  183  212  233  231  210  203  224  286  330  367  392  403
  372  340  342  360  395  409  375  304  235  1899999899998
999989999899998999989999899998999989999899998999989999899998  134
  109  124  162  202  228  227  222  225  217  225  238  259  277
  274  265  251  279  327  347  346  291  212  146   9999998
999989999899998999989999899998999989999899998999989999899998   16
   40   74  119  173  221  238  233  215  151  125  126  151  183
  210  215  192  174  199  253  272  247  191  119   6399998
9999899998999989999899998999989999899998999989999899998  -97  -51
   -1   37   66  123  183  223  226  201  126   69   63   92  145
  188  208  191  160  144  198  259  262  221  169  11599998
99998999989999899998999989999899998999989999899998 -216 -153  -63
    7   19   -4   33   94  160  193  175  111   54   47   72  124
  179  227  233  211  203  255  308  324  340  316  27799998
99998999989999899998999989999899998999989999899998 -296 -168  -43
   29   42  -20  -58  -26   67  133  137   90   46   35   47   89
  171  245  289  319  331  355  386  436  474  483  47899998
99998999989999899998999989999899998999989999899998 -383 -182  -20
   64   73   -8 -103 -142  -32   68   97   69   40   14   15   51
  153  256  356  430  469  463  468  544  608  6679999899998
99998999989999899998999989999899998999989999899998 -463 -192    4
  109  126   33 -114 -221 -115   14   50   42   33   -3  -17   11
  133  258  406  529  598  546  522  601  688  784  90699998
