tauY_total_06_2015_moy.22
  318  352  350  280  189   76   86  114  162  166  130   37  -48
 -103 -161 -214 -287 -352 -398 -430 -464 -472 -459 -4469999899998
999989999899998999989999899998999989999899998999989999899998
  249  290  290  226  128   26   22   39   86  100   44  -48 -145
 -218 -284 -336 -401 -441 -467 -504 -542 -555 -533999989999899998
999989999899998999989999899998999989999899998999989999899998
  175  214  216  153   56  -52  -79  -65  -18  -15  -79 -192 -295
 -387 -457 -506 -508 -512 -538 -593 -641 -669 -651999989999899998
999989999899998999989999899998999989999899998999989999899998
  121  147  146   85  -19 -139 -202 -184 -120 -125 -201 -331 -440
 -544 -610 -629 -560 -552 -622 -693 -757 -79699998999989999899998
999989999899998999989999899998999989999899998999989999899998
  104  113   97   31  -58 -193 -264 -184  -85 -114 -237 -395 -519
 -605 -631 -614 -544 -564 -677 -787 -856 -88899998999989999899998
999989999899998999989999899998999989999899998999989999899998
  117   95   69   13  -99 -198 -160  -13   66   24 -146 -365 -514
 -569 -564 -519 -522 -583 -727 -848 -890 -88299998999989999899998
999989999899998999989999899998999989999899998999989999899998
   79   47   13  -47 -140 -217 -107   39  124   67  -82 -295 -463
 -496 -470 -428 -499 -601 -732 -812 -800 -74599998999989999899998
999989999899998999989999899998999989999899998999989999899998
  -32  -52  -89 -155 -237 -296 -189  -77   -4  -18 -116 -269 -407
 -424 -400 -378 -490 -586 -654 -671 -595 -47799998999989999899998
999989999899998999989999899998999989999899998999989999899998
 -161 -173 -207 -273 -356 -413 -345 -266 -201 -185 -230 -309 -379
 -391 -383 -388 -454 -521 -523 -459 -324 -17199998999989999899998
999989999899998999989999899998999989999899998999989999899998
 -265 -274 -287 -338 -416 -481 -485 -441 -396 -362 -360 -365 -350
 -361 -391 -398 -400 -404 -340 -211  -82   21  103999989999899998
999989999899998999989999899998999989999899998999989999899998
 -322 -301 -290 -321 -369 -438 -527 -541 -525 -496 -457 -363 -273
 -279 -285 -283 -239 -188 -106   16  115  156  211  2609999899998
999989999899998999989999899998999989999899998999989999899998
99998 -256 -229 -230 -260 -319 -422 -484 -495 -471 -383 -248 -137
 -114  -58   -8   51   92  133  193  239  275  322  390  44299998
999989999899998999989999899998999989999899998999989999899998
99998999989999899998 -148 -198 -280 -337 -327 -267 -167  -59   14
   93  181  265  331  338  321  273  263  324  383  451  458  429
  455  478  492  440  348  310  324  419  536999989999899998
9999899998999989999899998  -97 -170 -206 -162  -77   26   83  107
  193  293  408  450  436  359  258  223  296  375  417  404  355
  348  365  402  396  352  346  373  450  534999989999899998
9999899998999989999899998  -83 -151 -144  -72   21  116  144  132
  168  262  378  410  399  310  215  176  222  308  327  304  249
  226  266  323  354  339  346  386  436  474999989999899998
999989999899998999989999899998 -177 -132  -42   66  158  161  131
  107  148  243  297  318  269  218  194  190  247  260  222  156
  161  228  298  334  321  327  351  369  378999989999899998
9999899998999989999899998999989999899998  -45   73  168  172  139
   80   68  126  226  281  298  298  280  261  258  273  224  178
  212  285  356  377  344  319  311  308  300999989999899998
9999899998999989999899998999989999899998999989999899998  214  176
  119   89  109  218  305  373  411  378  343  315  325  300  279
  338  409  462  460  404  339  312  307  273  2149999899998
999989999899998999989999899998999989999899998999989999899998  239
  190  151  151  240  319  380  399  386  340  332  346  372  407
  475  508  507  481  430  380  353  348  297  209  13499998
999989999899998999989999899998999989999899998999989999899998  265
  223  187  190  217  253  268  263  247  253  311  377  479  545
  579  575  525  452  403  402  422  418  338  210  11099998
9999899998999989999899998999989999899998999989999899998  224  214
  204  205  234  210  186  152  135  120  176  287  452  584  671
  652  614  532  435  380  434  500  484  394  253  12799998
99998999989999899998999989999899998999989999899998   84   98  144
  194  264  324  316  252  156   84   88  145  254  451  632  689
  645  598  522  434  410  484  565  551  465  333  21799998
99998999989999899998999989999899998999989999899998  -34   35  121
  235  362  471  478  409  251  116   76  127  215  344  446  498
  485  463  444  426  445  540  616  621  556  442  33599998
99998999989999899998999989999899998999989999899998 -115   10  137
  305  477  614  657  579  359  152   55  108  171  198  230  253
  271  284  332  401  493  586  658  687  641  5729999899998
99998999989999899998999989999899998999989999899998 -170   24  185
  388  588  735  804  735  452  140   19   85  135   98   70   63
   91  121  218  375  523  606  671  709  701  666  64199998
