tauY_total_07_2017_moy.22
  124  145  134  141  145  145   57  -60 -256 -421 -561 -567 -548
 -506 -435 -402 -753-1057 -988 -859 -730 -737 -741 -8299999899998
999989999899998999989999899998999989999899998999989999899998
  130  117   81   71   76   73   -2 -107 -264 -414 -517 -533 -514
 -448 -362 -346 -641 -881 -914 -888 -817 -812 -799999989999899998
999989999899998999989999899998999989999899998999989999899998
  116   48   -5  -27  -36  -38  -81 -150 -263 -378 -458 -471 -454
 -388 -307 -297 -519 -727 -844 -904 -895 -886 -880999989999899998
999989999899998999989999899998999989999899998999989999899998
   70  -30  -94 -129 -151 -144 -155 -182 -249 -318 -380 -397 -402
 -362 -338 -348 -475 -626 -773 -881 -915 -90899998999989999899998
999989999899998999989999899998999989999899998999989999899998
   -4  -98 -159 -198 -212 -200 -161 -170 -215 -245 -267 -316 -375
 -405 -433 -452 -494 -581 -701 -779 -824 -83499998999989999899998
999989999899998999989999899998999989999899998999989999899998
  -62 -111 -153 -188 -182 -167 -151 -145 -160 -180 -203 -272 -351
 -446 -512 -541 -554 -576 -627 -664 -669 -67299998999989999899998
999989999899998999989999899998999989999899998999989999899998
  -65  -64  -89 -111 -124 -118 -123 -137 -135 -137 -166 -248 -339
 -460 -545 -580 -576 -564 -545 -526 -492 -46699998999989999899998
999989999899998999989999899998999989999899998999989999899998
  -34  -17  -27  -40  -70  -95 -114 -134 -129 -136 -166 -244 -338
 -430 -497 -516 -491 -474 -432 -365 -301 -24499998999989999899998
999989999899998999989999899998999989999899998999989999899998
   -8   -8  -11  -28  -56  -96 -112 -126 -136 -149 -179 -244 -306
 -342 -354 -331 -309 -298 -277 -210 -127  -4199998999989999899998
999989999899998999989999899998999989999899998999989999899998
   -2   -8  -12  -34  -59  -83 -103 -109 -128 -151 -176 -211 -230
 -209 -142  -73  -60  -64  -75  -43   41  121  196999989999899998
999989999899998999989999899998999989999899998999989999899998
  -36  -34  -30  -33  -39  -39  -45  -44  -57  -82 -112 -123 -109
  -42   80  194  223  191  151  161  230  287  347  3879999899998
999989999899998999989999899998999989999899998999989999899998
99998  -64  -49  -15   15   31   45   83  102   86   69   63   57
  126  272  405  451  419  368  344  383  433  481  533  57199998
999989999899998999989999899998999989999899998999989999899998
99998999989999899998   61   84  145  216  277  339  364  306  240
  259  351  472  536  523  461  395  405  466  511  551  531  482
  444  421  395  360  315  317  355  442  541999989999899998
9999899998999989999899998   84  177  246  350  489  613  546  399
  308  304  373  435  449  392  326  309  369  426  450  425  360
  321  305  324  334  332  356  391  455  530999989999899998
9999899998999989999899998   18   70  127  294  520  714  717  548
  340  202  180  232  276  259  223  217  259  311  314  296  231
  189  196  250  307  345  374  407  439  469999989999899998
999989999899998999989999899998 -132  -59  179  486  759  820  696
  408  141   40   58  112  154  205  220  243  294  297  254  193
  146  144  189  284  343  376  390  380  353999989999899998
9999899998999989999899998999989999899998    1  409  773  900  829
  528  224   62   35   75  170  271  309  343  394  441  401  332
  244  198  200  247  311  350  340  295  230999989999899998
9999899998999989999899998999989999899998999989999899998  984  928
  687  443  278  200  200  281  373  417  463  504  564  579  530
  416  311  259  240  298  334  330  266  154    69999899998
999989999899998999989999899998999989999899998999989999899998  940
  796  646  533  446  388  398  419  450  484  509  549  583  584
  483  378  307  295  333  389  405  320  173   14 -15699998
999989999899998999989999899998999989999899998999989999899998  807
  767  708  652  577  489  424  383  374  397  415  440  466  475
  427  382  353  347  377  449  487  411  254   70  -9199998
9999899998999989999899998999989999899998999989999899998  656  658
  660  642  604  534  469  380  300  281  288  304  307  319  316
  330  337  348  363  397  486  533  491  366  194   5399998
99998999989999899998999989999899998999989999899998  574  547  557
  543  517  488  420  367  292  255  264  265  281  259  223  189
  230  272  310  361  418  518  580  577  498  362  24299998
99998999989999899998999989999899998999989999899998  425  438  461
  451  431  386  322  260  231  251  298  343  354  303  224  159
  158  204  274  366  448  553  646  679  632  531  41999998
99998999989999899998999989999899998999989999899998  233  331  388
  414  408  370  290  210  224  280  351  425  450  394  295  191
  133  152  261  385  508  623  736  782  758  6959999899998
99998999989999899998999989999899998999989999899998   53  237  343
  424  452  423  299  209  241  309  399  487  523  480  376  247
  122  112  279  436  587  741  876  898  860  794  78999998
