tauY_total_08_2016_moy.22
  -13   33   82  206  308  389  332  244   96  -51 -182 -248 -303
 -305 -294 -290 -429 -578 -693 -767 -769 -821 -888-10149999899998
999989999899998999989999899998999989999899998999989999899998
   11   42   82  160  233  281  232  156   37  -79 -165 -230 -291
 -307 -296 -303 -485 -632 -725 -771 -755 -757 -767999989999899998
999989999899998999989999899998999989999899998999989999899998
   16   35   56   88  135  164  131   83   14  -63 -124 -194 -251
 -290 -296 -308 -499 -639 -705 -717 -667 -631 -609999989999899998
999989999899998999989999899998999989999899998999989999899998
    8    7   11   12   23   46   68   61   34   -1  -63 -138 -231
 -297 -315 -290 -435 -580 -636 -614 -549 -46599998999989999899998
999989999899998999989999899998999989999899998999989999899998
  -21  -42  -44  -44  -51  -44   40   76   79   29  -68 -200 -335
 -380 -364 -321 -359 -461 -516 -531 -454 -35499998999989999899998
999989999899998999989999899998999989999899998999989999899998
  -73  -86  -92  -94  -89  -76    3   42   22  -68 -196 -373 -520
 -529 -459 -373 -336 -383 -452 -453 -381 -30199998999989999899998
999989999899998999989999899998999989999899998999989999899998
 -113 -118 -128 -134 -131 -117  -70  -57 -122 -226 -360 -532 -653
 -619 -514 -394 -371 -369 -410 -400 -341 -27199998999989999899998
999989999899998999989999899998999989999899998999989999899998
 -121 -132 -152 -166 -170 -162 -147 -154 -232 -334 -450 -580 -641
 -590 -472 -352 -342 -333 -344 -324 -248 -16599998999989999899998
999989999899998999989999899998999989999899998999989999899998
  -96 -122 -147 -167 -177 -173 -182 -192 -245 -320 -403 -458 -474
 -433 -341 -254 -220 -221 -199 -146  -49   4899998999989999899998
999989999899998999989999899998999989999899998999989999899998
  -49  -88 -114 -134 -138 -134 -132 -126 -136 -173 -198 -200 -193
 -171 -132  -92  -46  -40    3   92  180  227  232999989999899998
999989999899998999989999899998999989999899998999989999899998
    7  -39  -60  -71  -70  -50  -13   18   44   67   74   87  117
  133  127  136  153  177  218  285  338  325  294  2689999899998
999989999899998999989999899998999989999899998999989999899998
99998   16  -11  -10   12   46   98  143  191  246  289  326  327
  319  332  362  368  370  383  400  422  398  375  376  40199998
999989999899998999989999899998999989999899998999989999899998
99998999989999899998   78  105  148  186  248  324  396  421  394
  389  416  468  497  480  458  437  434  438  436  437  420  390
  306  226  202  213  258  306  343  340  312999989999899998
9999899998999989999899998  101  106  136  210  317  427  445  392
  363  392  464  506  497  448  399  385  417  427  412  380  332
  272  215  209  234  275  308  325  324  320999989999899998
9999899998999989999899998   37   -5   19  118  294  450  463  398
  314  313  397  450  457  387  327  311  342  360  333  301  263
  232  212  221  266  306  325  325  323  323999989999899998
999989999899998999989999899998 -149 -105   60  290  497  520  436
  308  266  334  404  404  327  270  256  261  278  263  242  221
  217  234  259  301  327  335  316  300  311999989999899998
9999899998999989999899998999989999899998   44  330  586  618  509
  366  304  368  432  390  307  257  245  240  244  254  253  259
  272  305  340  355  349  327  294  268  291999989999899998
9999899998999989999899998999989999899998999989999899998  687  547
  426  407  496  519  454  345  278  262  266  266  287  320  356
  389  414  429  419  396  338  276  243  247  2879999899998
999989999899998999989999899998999989999899998999989999899998  448
  394  455  584  620  550  412  302  282  286  296  321  369  425
  476  494  485  470  445  359  271  222  202  221  26199998
999989999899998999989999899998999989999899998999989999899998  243
  282  409  579  653  587  433  309  286  296  308  327  381  440
  496  517  510  492  467  390  294  225  188  182  19699998
9999899998999989999899998999989999899998999989999899998  135  107
  170  319  516  597  552  402  300  279  297  312  326  366  433
  486  506  501  496  482  429  356  270  212  179  16799998
99998999989999899998999989999899998999989999899998  176   83   33
   67  220  423  508  484  361  259  257  276  287  302  359  450
  496  476  443  457  495  502  470  382  295  227  17699998
99998999989999899998999989999899998999989999899998  116   16  -37
  -12  106  295  412  408  302  222  218  220  227  270  383  498
  506  458  406  416  502  594  621  562  445  335  23399998
99998999989999899998999989999899998999989999899998   39  -54 -104
  -77   22  198  330  352  254  183  162  142  148  243  393  541
  525  462  406  415  528  680  760  706  603  4989999899998
99998999989999899998999989999899998999989999899998  -36 -107 -152
 -122  -15  155  297  351  231  137  115   78   76  211  397  582
  556  480  411  429  557  737  848  788  681  587  52999998
