tauY_total_09_2017_moy.22
  -68  -23   10   39   56   75  135  203  276  302  276  124    7
  -45  -76 -103 -190 -271 -334 -394 -437 -568 -666 -7849999899998
999989999899998999989999899998999989999899998999989999899998
   17   56   74   79   63   39   87  146  199  206  166   47  -62
  -93 -101 -116 -195 -284 -372 -442 -482 -575 -649999989999899998
999989999899998999989999899998999989999899998999989999899998
   84  110  108   71    9  -56  -28   -5   29   57   29  -51 -146
 -161 -158 -165 -238 -340 -440 -511 -538 -571 -618999989999899998
999989999899998999989999899998999989999899998999989999899998
  126  127  106   25  -83 -173 -202 -188 -143 -112 -121 -158 -215
 -234 -241 -252 -334 -440 -530 -579 -594 -56299998999989999899998
999989999899998999989999899998999989999899998999989999899998
  119   94   62  -40 -153 -256 -303 -298 -252 -213 -209 -246 -263
 -282 -309 -361 -445 -537 -596 -624 -606 -57599998999989999899998
999989999899998999989999899998999989999899998999989999899998
   74   48   15  -60 -148 -232 -286 -291 -264 -243 -242 -263 -265
 -298 -346 -414 -516 -599 -642 -633 -578 -52899998999989999899998
999989999899998999989999899998999989999899998999989999899998
   25   11  -13  -47 -102 -157 -194 -210 -210 -213 -237 -233 -235
 -268 -317 -380 -496 -582 -611 -575 -503 -43199998999989999899998
999989999899998999989999899998999989999899998999989999899998
  -25  -16  -23  -24  -40  -69  -78 -100 -131 -178 -216 -203 -200
 -195 -225 -277 -375 -465 -486 -445 -352 -27099998999989999899998
999989999899998999989999899998999989999899998999989999899998
  -37  -13    0   11   15    2   -7  -28  -80 -157 -211 -205 -164
 -111  -97 -155 -247 -315 -313 -264 -169  -6899998999989999899998
999989999899998999989999899998999989999899998999989999899998
    1   34   57   68   72   53   12    2  -41 -125 -198 -170 -107
  -40  -18  -60 -149 -189 -158  -86    6  110  208999989999899998
999989999899998999989999899998999989999899998999989999899998
   62  100  126  134  120   95   77   70   35  -12  -47  -41    3
   42   52   12  -35  -41   10   94  181  258  325  3509999899998
999989999899998999989999899998999989999899998999989999899998
99998  163  179  178  156  138  151  170  181  201  218  222  219
  194  171  142  132  149  202  276  342  386  418  426  42699998
999989999899998999989999899998999989999899998999989999899998
99998999989999899998  180  168  194  234  312  418  511  534  489
  407  339  323  341  361  389  433  458  476  474  466  448  411
  329  233  187  203  259  280  270  232  184999989999899998
9999899998999989999899998  166  176  210  339  527  715  768  704
  591  502  497  544  575  574  547  501  478  458  450  430  383
  296  200  166  185  238  280  269  237  193999989999899998
9999899998999989999899998  148   92  104  262  517  774  871  822
  700  616  634  720  765  719  615  518  435  396  382  373  333
  242  168  143  166  216  263  277  253  215999989999899998
999989999899998999989999899998  -42  -36  150  451  757  897  880
  763  692  738  826  864  773  646  531  415  340  305  290  273
  209  163  140  156  200  238  275  265  248999989999899998
9999899998999989999899998999989999899998   32  380  739  898  891
  799  745  774  837  821  724  619  535  421  322  266  247  257
  241  212  179  177  192  235  262  261  252999989999899998
9999899998999989999899998999989999899998999989999899998  901  867
  792  763  767  746  677  609  559  523  450  371  316  303  321
  350  337  286  245  236  257  251  251  244  2259999899998
999989999899998999989999899998999989999899998999989999899998  785
  742  715  707  625  549  522  513  510  481  447  406  399  430
  480  478  414  352  316  284  259  247  238  235  22199998
999989999899998999989999899998999989999899998999989999899998  643
  669  676  665  582  519  483  494  507  513  497  469  467  504
  535  546  504  436  377  321  282  255  255  264  28099998
9999899998999989999899998999989999899998999989999899998  441  539
  612  677  697  639  577  519  492  508  511  476  450  461  514
  557  547  512  481  448  390  334  300  300  343  39599998
99998999989999899998999989999899998999989999899998  263  365  462
  580  684  741  735  668  590  530  500  464  406  377  417  492
  536  531  505  492  506  464  426  417  426  448  50499998
99998999989999899998999989999899998999989999899998  190  277  379
  532  678  780  812  756  650  548  472  366  296  290  343  429
  481  495  480  491  528  547  558  572  573  570  56299998
99998999989999899998999989999899998999989999899998   90  163  261
  426  627  783  832  810  686  525  405  258  196  221  292  392
  443  464  450  464  519  613  687  706  703  6839999899998
99998999989999899998999989999899998999989999899998   -7   39  136
  286  524  730  808  835  667  452  343  213  146  183  276  405
  446  446  414  426  491  668  800  812  786  746  69799998
