tauY_total_06_2014_moy.22
   92  187  247  316  354  348  226  106    6  -74 -122 -104  -85
  -60  -59  -84 -257 -420 -493 -534 -529 -506 -469 -4669999899998
999989999899998999989999899998999989999899998999989999899998
   93  164  221  274  298  292  202   90    0  -66 -112  -98  -86
  -80  -95 -138 -305 -449 -543 -617 -652 -640 -588999989999899998
999989999899998999989999899998999989999899998999989999899998
   88  136  189  232  284  307  244  133    7  -81 -124 -131 -131
 -145 -157 -213 -325 -447 -583 -709 -782 -806 -774999989999899998
999989999899998999989999899998999989999899998999989999899998
   91  121  170  242  346  404  367  263   82  -87 -155 -183 -206
 -227 -256 -305 -361 -459 -623 -788 -900 -96099998999989999899998
999989999899998999989999899998999989999899998999989999899998
   97  115  156  282  405  485  478  394  177  -55 -182 -239 -285
 -321 -370 -421 -448 -523 -675 -823 -949-101799998999989999899998
999989999899998999989999899998999989999899998999989999899998
   84   96  121  246  346  414  425  334  138  -50 -196 -256 -327
 -399 -465 -514 -556 -625 -732 -834 -892 -91799998999989999899998
999989999899998999989999899998999989999899998999989999899998
   45   48   52  106  173  201  166   74  -50 -182 -243 -285 -351
 -441 -519 -573 -644 -707 -748 -762 -729 -68999998999989999899998
999989999899998999989999899998999989999899998999989999899998
    3  -17  -40  -84  -86  -95 -163 -256 -328 -359 -336 -357 -383
 -449 -513 -568 -655 -685 -665 -601 -500 -38299998999989999899998
999989999899998999989999899998999989999899998999989999899998
  -22  -69 -125 -221 -303 -345 -419 -500 -532 -485 -435 -419 -407
 -420 -451 -483 -517 -531 -485 -382 -251 -11299998999989999899998
999989999899998999989999899998999989999899998999989999899998
  -31  -97 -180 -273 -373 -440 -507 -562 -579 -530 -480 -415 -359
 -324 -323 -334 -337 -322 -260 -169  -62   26   93999989999899998
999989999899998999989999899998999989999899998999989999899998
  -18 -109 -199 -286 -357 -404 -442 -472 -489 -487 -432 -320 -232
 -179 -157 -176 -174 -142  -72   11   78  108  145  2019999899998
999989999899998999989999899998999989999899998999989999899998
99998 -126 -214 -297 -332 -321 -313 -317 -326 -322 -283 -159  -58
   -8   -5  -37  -33   12   94  170  209  219  240  328  45199998
999989999899998999989999899998999989999899998999989999899998
99998999989999899998 -270 -209 -167 -142 -134 -121  -92   -3   83
  118   98   71   91  156  248  317  326  324  336  414  470  513
  487  426  345  263  211  207  270  342  398999989999899998
9999899998999989999899998  -45   -5   10   17   33   67  103  136
  151  146  144  195  270  360  420  404  385  388  414  428  436
  418  394  368  332  309  331  381  448  512999989999899998
9999899998999989999899998  154  119  110  115  125  134  137  145
  159  166  188  244  329  406  452  454  396  382  339  342  337
  360  379  395  410  428  463  490  526  569999989999899998
999989999899998999989999899998  196  156  142  120  126  122  131
  154  175  198  249  325  389  466  445  386  373  322  280  285
  341  394  444  518  555  581  563  534  519999989999899998
9999899998999989999899998999989999899998   84   65   83  112  138
  164  189  187  202  260  357  344  308  300  313  349  334  328
  373  443  539  619  658  642  568  472  388999989999899998
9999899998999989999899998999989999899998999989999899998  128  179
  205  189  147  127  153  231  277  285  287  287  318  364  388
  418  472  578  664  726  650  536  398  258  1459999899998
999989999899998999989999899998999989999899998999989999899998  258
  237  180  106   62   88  185  285  312  305  292  295  318  362
  401  437  518  634  739  651  529  372  206   90   2499998
999989999899998999989999899998999989999899998999989999899998  311
  247  144   39   24   72  195  307  346  321  290  266  265  296
  332  373  435  538  642  642  579  439  278  142   4999998
9999899998999989999899998999989999899998999989999899998  357  323
  230   98   15   28   98  221  324  358  323  274  228  211  227
  271  320  366  430  519  633  664  581  460  311  18099998
99998999989999899998999989999899998999989999899998  390  315  251
  170   85   55   93  169  265  338  350  303  237  176  143  177
  238  301  350  392  439  610  727  741  669  560  43599998
99998999989999899998999989999899998999989999899998  263  190  132
  102   97  131  202  279  308  318  311  243  156   91   83  148
  245  328  378  401  436  568  713  817  852  788  69599998
99998999989999899998999989999899998999989999899998  124   73   32
   41   98  195  319  397  345  287  252  151   60   19   49  128
  255  365  414  439  463  535  655  823  943  9839999899998
99998999989999899998999989999899998999989999899998   21    6  -18
   15   98  227  358  489  428  295  208   80    1  -14   24  111
  265  399  454  476  483  504  584  799  984 1107 120499998
