tauY_total_11_2016_moy.22
 -433 -199  -47   85  152  160  122   86   30  -44 -134 -173 -208
 -268 -319 -379 -446 -489 -440 -379 -316 -314 -317 -3349999899998
999989999899998999989999899998999989999899998999989999899998
 -365 -174  -42   47   81   68   19  -21  -57  -93 -149 -173 -187
 -213 -249 -298 -354 -376 -357 -325 -304 -313 -318999989999899998
999989999899998999989999899998999989999899998999989999899998
 -262 -128  -22   23   32  -11  -68  -99 -105 -116 -137 -143 -130
 -122 -132 -169 -202 -221 -234 -247 -274 -304 -319999989999899998
999989999899998999989999899998999989999899998999989999899998
 -141  -55   23   39   21  -40  -98 -107  -87  -80  -90  -77  -57
  -32  -22  -40  -58  -93 -142 -216 -285 -32999998999989999899998
999989999899998999989999899998999989999899998999989999899998
  -21   26   71   79   43  -16  -27  -32  -12   -4  -21  -24  -32
  -10    3    2  -12  -58 -145 -264 -365 -42799998999989999899998
999989999899998999989999899998999989999899998999989999899998
   63   85   95   96   64   27   26   29   41   31   -7  -36  -67
  -66  -60  -65  -74 -126 -237 -363 -471 -54799998999989999899998
999989999899998999989999899998999989999899998999989999899998
   93   89   77   64   38    1  -11   -4    4  -13  -30  -74 -112
 -134 -141 -162 -185 -230 -344 -450 -529 -60399998999989999899998
999989999899998999989999899998999989999899998999989999899998
   80   48   24  -10  -57 -104 -125 -120 -100  -66  -48  -80 -113
 -155 -194 -222 -279 -330 -413 -476 -511 -52699998999989999899998
999989999899998999989999899998999989999899998999989999899998
   44    8  -19  -72 -142 -203 -242 -246 -195 -114  -65  -61  -96
 -155 -208 -241 -304 -377 -416 -427 -402 -34899998999989999899998
999989999899998999989999899998999989999899998999989999899998
   16    5  -19  -79 -147 -213 -275 -296 -233 -144  -76  -56  -94
 -157 -209 -238 -289 -352 -358 -330 -281 -208 -135999989999899998
999989999899998999989999899998999989999899998999989999899998
    5   23   16  -26  -79 -142 -212 -243 -195 -119  -62  -60  -96
 -158 -202 -203 -222 -239 -238 -209 -169 -139 -101  -709999899998
999989999899998999989999899998999989999899998999989999899998
99998   49   55   42    0  -49 -100 -119  -97  -46  -12  -43  -82
 -130 -147 -125  -92  -60  -65  -62  -37  -37  -36   12  11299998
999989999899998999989999899998999989999899998999989999899998
99998999989999899998   52   14   -8   -1   22   45   69   31  -11
  -32  -22    9   84  128  128  130  140  126  123  169  223  266
  180   68   30   83  182  243  216   74 -118999989999899998
9999899998999989999899998   14   25   27   52  100  167  171  151
  150  161  199  256  276  285  300  311  328  352  371  374  353
  228   96   36   90  193  230  166    2 -157999989999899998
9999899998999989999899998  -58  -80  -89  -36   71  198  311  348
  356  377  398  392  378  379  393  438  514  573  566  556  502
  351  194  120  162  272  287  202   34 -114999989999899998
999989999899998999989999899998 -265 -253 -164    0  188  372  486
  518  533  535  479  421  398  411  474  605  677  687  665  627
  477  316  252  291  380  388  302  144   -1999989999899998
9999899998999989999899998999989999899998 -286  -77  169  398  530
  580  591  590  508  414  361  371  432  538  600  647  659  656
  550  420  363  373  426  437  365  232  129999989999899998
9999899998999989999899998999989999899998999989999899998  393  483
  518  542  549  477  379  315  301  351  404  439  484  554  604
  563  475  398  358  389  404  349  258  192  1869999899998
999989999899998999989999899998999989999899998999989999899998  330
  331  388  446  410  343  280  257  283  284  297  322  391  473
  504  458  353  313  341  331  287  228  198  188  18799998
999989999899998999989999899998999989999899998999989999899998   74
  121  200  300  344  333  286  259  263  227  208  215  266  341
  392  385  314  300  317  313  280  235  201  190  17999998
9999899998999989999899998999989999899998999989999899998 -150 -112
  -35   68  192  303  355  334  301  272  224  185  188  215  267
  311  318  312  321  343  354  358  331  284  248  23199998
99998999989999899998999989999899998999989999899998 -172 -202 -191
 -124  -13  133  293  379  367  321  276  237  194  185  201  227
  235  254  305  332  377  435  482  483  460  414  37899998
99998999989999899998999989999899998999989999899998 -186 -208 -205
 -158  -61   99  276  377  353  294  247  210  179  157  141  141
  156  186  252  327  391  484  578  639  648  616  57399998
99998999989999899998999989999899998999989999899998 -204 -209 -199
 -167  -86   63  245  343  305  253  204  167  135   95   65   53
   80  134  200  286  369  493  614  735  810  8449999899998
99998999989999899998999989999899998999989999899998 -222 -204 -187
 -155  -87   36  189  296  262  230  175  128   93   41   -4  -18
   33  107  176  251  334  466  602  780  932 1006 105199998
