tauY_total_08_2015_moy.22
  167  188  189  174  149  101    3  -74 -123 -155 -163  -65  -18
  -20  -62 -129 -213 -294 -298 -335 -398 -562 -663 -7379999899998
999989999899998999989999899998999989999899998999989999899998
  106  132  137  128  102   59  -16  -77 -122 -153 -164 -100  -71
  -98 -156 -232 -312 -376 -411 -473 -567 -700 -776999989999899998
999989999899998999989999899998999989999899998999989999899998
   48   72   79   68   47   12  -36  -80 -114 -139 -156 -143 -145
 -199 -276 -370 -421 -453 -513 -598 -701 -818 -903999989999899998
999989999899998999989999899998999989999899998999989999899998
    7   26   30   19    1  -29  -55  -79  -99 -120 -148 -182 -214
 -292 -398 -511 -518 -504 -552 -634 -742 -84599998999989999899998
999989999899998999989999899998999989999899998999989999899998
   -7   -2   -9  -22  -44  -75  -90  -97  -98 -118 -154 -194 -247
 -348 -479 -595 -562 -512 -501 -546 -639 -72799998999989999899998
999989999899998999989999899998999989999899998999989999899998
  -12  -25  -49  -75 -109 -135 -140 -144 -140 -142 -170 -203 -244
 -340 -480 -612 -578 -497 -417 -403 -458 -51499998999989999899998
999989999899998999989999899998999989999899998999989999899998
  -23  -55  -88 -127 -164 -191 -195 -191 -181 -182 -209 -215 -223
 -290 -413 -534 -545 -469 -349 -285 -290 -31799998999989999899998
999989999899998999989999899998999989999899998999989999899998
  -29  -69  -98 -138 -179 -215 -225 -224 -224 -239 -248 -218 -196
 -224 -306 -418 -457 -408 -289 -197 -173 -17199998999989999899998
999989999899998999989999899998999989999899998999989999899998
  -21  -41  -60  -93 -137 -177 -207 -224 -240 -244 -235 -174 -130
 -128 -174 -261 -299 -279 -191 -109  -79  -6399998999989999899998
999989999899998999989999899998999989999899998999989999899998
    5   16   10   -9  -38  -62 -107 -145 -170 -153 -127  -60   -1
   14   -7  -58  -94  -82  -29    7   24   39   68999989999899998
999989999899998999989999899998999989999899998999989999899998
   36   72   83   88  100   94   51   23   16   33   77  129  185
  199  194  177  158  163  168  176  181  181  217  2719999899998
999989999899998999989999899998999989999899998999989999899998
99998   97  115  156  191  212  208  221  264  298  329  347  357
  360  379  418  433  406  360  343  350  369  403  440  46199998
999989999899998999989999899998999989999899998999989999899998
99998999989999899998  238  276  331  386  455  508  528  487  442
  453  513  594  624  571  487  430  449  517  555  549  505  434
  332  248  182  132  114  180  264  354  450999989999899998
9999899998999989999899998  273  374  412  443  503  568  516  452
  479  564  642  639  588  503  420  447  566  626  578  491  395
  308  247  252  259  267  309  356  409  458999989999899998
9999899998999989999899998  211  228  225  263  354  457  492  463
  475  517  566  529  464  380  331  362  518  608  526  413  323
  263  248  301  362  380  391  401  406  394999989999899998
999989999899998999989999899998  -64  -53   37  205  369  490  518
  472  449  443  378  297  215  167  223  388  464  386  304  233
  213  251  326  392  412  386  356  321  285999989999899998
9999899998999989999899998999989999899998 -145  101  351  529  574
  475  384  331  274  170   82   42  108  205  254  246  198  158
  189  254  325  377  373  324  274  226  180999989999899998
9999899998999989999899998999989999899998999989999899998  591  600
  480  361  310  257  182   98   65   24   88  171  204  189  169
  208  272  325  348  335  286  230  179  137   939999899998
999989999899998999989999899998999989999899998999989999899998  515
  434  375  379  392  410  357  171  -64  106  197  243  262  256
  273  303  327  340  324  288  244  194  135   84   4599998
999989999899998999989999899998999989999899998999989999899998  373
  360  400  485  599  702  631  373  181  208  266  316  366  377
  369  358  351  338  315  297  266  216  144   80   3399998
9999899998999989999899998999989999899998999989999899998  314  280
  307  386  502  652  735  657  493  358  321  342  415  475  506
  474  423  381  333  293  282  265  221  165  140  11499998
99998999989999899998999989999899998999989999899998  283  244  221
  245  307  407  514  576  551  474  386  368  365  447  547  602
  554  487  408  319  268  249  263  272  299  304  31299998
99998999989999899998999989999899998999989999899998  170  142  131
  132  166  236  321  377  395  373  339  305  297  363  465  542
  554  516  416  321  266  263  314  411  501  543  55799998
99998999989999899998999989999899998999989999899998   32   27   19
  -13   -3   53  120  170  215  248  252  201  187  218  286  391
  484  511  426  336  294  324  404  583  743  8599999899998
99998999989999899998999989999899998999989999899998  -92  -66  -67
 -119 -132  -88  -50   -1   54  130  157  112   92   83  133  261
  422  506  448  372  332  398  506  739  949 1116 129899998
