tauY_total_02_2016_moy.22
   20   14   53  129  208  284  307  319  328  334  363  348  272
   98  -88 -232 -422 -545 -514 -490 -449 -547 -619 -7179999899998
999989999899998999989999899998999989999899998999989999899998
  116  137  174  248  310  359  345  324  321  324  328  291  211
   57 -119 -268 -417 -516 -553 -581 -601 -689 -752999989999899998
999989999899998999989999899998999989999899998999989999899998
  174  223  256  318  378  399  357  278  239  226  226  186  103
  -35 -189 -329 -411 -503 -621 -699 -763 -840 -919999989999899998
999989999899998999989999899998999989999899998999989999899998
  193  248  272  317  358  373  282  162   89   49   53   30  -37
 -156 -289 -379 -398 -515 -704 -819 -879 -93899998999989999899998
999989999899998999989999899998999989999899998999989999899998
  175  191  208  226  247  239  119   -4 -103 -148 -147 -162 -194
 -278 -348 -371 -476 -612 -761 -864 -919 -94999998999989999899998
999989999899998999989999899998999989999899998999989999899998
  149  131  126  120  107   75  -45 -145 -238 -291 -312 -316 -336
 -354 -305 -335 -553 -726 -830 -883 -877 -83999998999989999899998
999989999899998999989999899998999989999899998999989999899998
  126   93   72   46   10  -44 -126 -200 -267 -317 -337 -362 -385
 -372 -305 -364 -606 -789 -879 -886 -816 -72499998999989999899998
999989999899998999989999899998999989999899998999989999899998
   72   52   22  -28  -87 -141 -187 -222 -240 -253 -275 -311 -372
 -400 -400 -426 -637 -801 -882 -858 -735 -60799998999989999899998
999989999899998999989999899998999989999899998999989999899998
  -47  -54  -97 -163 -237 -287 -278 -266 -228 -205 -222 -290 -383
 -457 -498 -521 -637 -762 -826 -760 -603 -43099998999989999899998
999989999899998999989999899998999989999899998999989999899998
 -199 -230 -287 -362 -441 -489 -433 -362 -275 -228 -238 -313 -421
 -522 -582 -591 -629 -677 -678 -596 -449 -285 -144999989999899998
999989999899998999989999899998999989999899998999989999899998
 -323 -412 -494 -585 -654 -672 -577 -483 -389 -315 -292 -364 -467
 -567 -628 -620 -590 -565 -513 -422 -303 -186 -100  -549999899998
999989999899998999989999899998999989999899998999989999899998
99998 -552 -643 -744 -779 -748 -666 -580 -507 -424 -375 -413 -487
 -563 -603 -579 -508 -445 -380 -284 -182 -114  -73  -48  -3199998
999989999899998999989999899998999989999899998999989999899998
99998999989999899998 -810 -728 -656 -590 -539 -485 -425 -415 -437
 -478 -486 -467 -397 -332 -273 -189 -111  -71  -55  -26   13   65
   89   96   89   88  108  129  144  149  160999989999899998
9999899998999989999899998 -598 -547 -506 -470 -427 -357 -303 -286
 -304 -311 -304 -271 -230 -182 -137  -96  -65  -37   20   76  120
  142  139  127  125  131  146  154  155  157999989999899998
9999899998999989999899998 -418 -405 -377 -342 -271 -181 -104  -73
  -87 -117 -130 -140 -120  -80  -61  -73  -54   23   99  157  195
  210  200  181  163  153  155  158  158  155999989999899998
999989999899998999989999899998 -291 -259 -182  -94    8   96  124
  102   66   34    1   17   47   59   47   72  129  183  237  271
  277  264  231  186  154  142  141  145  146999989999899998
9999899998999989999899998999989999899998  -51   36  145  220  251
  236  192  151  147  173  201  222  227  227  234  260  295  325
  330  321  274  199  128  103  103  111  118999989999899998
9999899998999989999899998999989999899998999989999899998  271  294
  287  254  224  254  308  363  390  378  350  318  319  334  357
  382  385  328  228  126   69   68   86  101   929999899998
999989999899998999989999899998999989999899998999989999899998  263
  254  246  246  301  376  458  494  476  413  362  344  343  357
  395  418  382  280  171  104   73   86  110  114  10599998
999989999899998999989999899998999989999899998999989999899998  176
  182  189  205  262  345  440  488  469  399  352  325  306  317
  365  406  405  353  259  181  129  126  137  155  15999998
9999899998999989999899998999989999899998999989999899998  101  107
  107  110  130  185  261  334  376  370  322  279  250  244  268
  325  375  406  397  336  246  187  168  192  306  41499998
99998999989999899998999989999899998999989999899998  108   65   48
   36   33   57  118  183  220  241  245  213  188  180  203  231
  282  336  383  396  368  280  226  236  369  586  82799998
99998999989999899998999989999899998999989999899998   20  -23  -42
  -45  -39   -5   59  119  137  143  144  145  157  175  198  223
  252  295  340  366  355  281  246  328  500  755 107199998
99998999989999899998999989999899998999989999899998 -119 -136 -144
 -134 -104  -48   14   71   89   89   93  136  174  207  224  233
  252  277  310  340  345  282  258  379  585  8579999899998
99998999989999899998999989999899998999989999899998 -258 -236 -228
 -200 -144  -73   -7   49   73   77   97  161  208  241  258  246
  254  274  301  317  333  279  255  384  612  892 118799998
