tauY_total_10_2014_moy.22
  210  247  264  238  194  130   68   16  -68 -157 -256 -354 -393
 -250  -85   81  160  188  138   45  -40 -111 -148 -1699999899998
999989999899998999989999899998999989999899998999989999899998
  188  229  248  235  196  142   98   50  -14  -88 -175 -277 -323
 -242 -126  -19   27   44   -4  -90 -174 -231 -246999989999899998
999989999899998999989999899998999989999899998999989999899998
  145  186  206  204  183  138  113   82   40  -18  -91 -169 -214
 -201 -153 -122  -96  -98 -163 -255 -328 -382 -399999989999899998
999989999899998999989999899998999989999899998999989999899998
   96  127  147  153  142  115  107   91   69   23  -27  -65  -89
 -120 -172 -221 -218 -238 -307 -385 -477 -54399998999989999899998
999989999899998999989999899998999989999899998999989999899998
   48   67   82   88   84   69   62   55   39   16  -12   -7  -16
  -73 -174 -283 -320 -351 -401 -477 -575 -65399998999989999899998
999989999899998999989999899998999989999899998999989999899998
   10   15   27   34   28   10   -4  -15  -27  -33  -41  -23  -25
  -95 -206 -326 -386 -430 -465 -514 -576 -63899998999989999899998
999989999899998999989999899998999989999899998999989999899998
  -15  -10   -8   -9  -15  -28  -61  -95 -110 -107  -98  -72  -75
 -143 -247 -356 -434 -469 -471 -479 -498 -52799998999989999899998
999989999899998999989999899998999989999899998999989999899998
  -29  -22  -22  -27  -32  -50 -101 -157 -182 -181 -151 -134 -126
 -170 -248 -341 -414 -435 -415 -383 -357 -33199998999989999899998
999989999899998999989999899998999989999899998999989999899998
  -36  -27  -28  -30  -39  -57 -124 -190 -220 -222 -202 -169 -140
 -143 -191 -253 -310 -326 -296 -244 -187 -12299998999989999899998
999989999899998999989999899998999989999899998999989999899998
  -35  -29  -28  -26  -33  -48 -105 -159 -198 -217 -208 -164 -111
  -77  -79 -128 -170 -185 -154 -102  -45   -3   22999989999899998
999989999899998999989999899998999989999899998999989999899998
  -22  -21  -19  -19  -20  -25  -41  -59  -98 -136 -142  -87  -17
   38   59   25  -30  -52  -27   17   56   58   50   349999899998
999989999899998999989999899998999989999899998999989999899998
99998   -9  -11  -16   -6    7   42   71   57   22   -6   41  103
  161  186  160  113   85  102  128  143  125  113  119  14499998
999989999899998999989999899998999989999899998999989999899998
99998999989999899998    9   34  108  174  199  189  161  174  204
  249  271  264  246  229  229  233  222  208  208  226  263  299
  273  224  170  135  124  116  107   86   67999989999899998
9999899998999989999899998   48  138  178  215  250  306  297  289
  307  329  339  365  371  347  310  270  280  277  300  341  376
  349  296  249  216  200  184  166  142  123999989999899998
9999899998999989999899998   48   16    2   67  204  347  418  414
  388  390  435  475  496  434  332  258  250  247  289  347  398
  414  382  348  315  299  276  246  219  202999989999899998
999989999899998999989999899998 -230 -260 -136   92  343  493  519
  462  449  519  582  561  412  201  111  114  147  213  288  356
  411  434  419  391  372  343  309  282  265999989999899998
9999899998999989999899998999989999899998 -348   -6  348  539  559
  488  471  535  586  493  283   -4  -31   47   89  144  211  280
  357  418  426  410  385  355  327  304  291999989999899998
9999899998999989999899998999989999899998999989999899998  569  533
  439  418  493  483  365  159   13   29   90  126  144  183  239
  312  367  384  379  357  328  306  294  286  2679999899998
999989999899998999989999899998999989999899998999989999899998  389
  311  330  424  401  300  147   76  109  184  206  192  215  278
  337  357  356  354  333  309  287  274  256  231  20899998
999989999899998999989999899998999989999899998999989999899998  204
  208  297  413  414  348  241  181  196  244  257  248  289  357
  412  423  403  371  341  314  288  263  222  171  13699998
9999899998999989999899998999989999899998999989999899998  118  126
  188  314  457  511  464  375  310  303  281  261  278  337  420
  490  523  490  429  385  353  327  279  213  145   9299998
99998999989999899998999989999899998999989999899998   37   65   81
  171  305  467  557  554  492  428  390  309  243  262  334  444
  536  591  557  490  444  428  407  348  280  208  14799998
99998999989999899998999989999899998999989999899998  -45  -52  -28
   66  202  357  489  549  529  478  425  323  234  232  297  404
  504  561  542  507  496  501  493  458  403  334  26699998
99998999989999899998999989999899998999989999899998 -142 -184 -172
 -106   22  192  360  465  483  468  437  338  245  209  249  331
  416  465  476  484  521  549  561  558  533  5009999899998
99998999989999899998999989999899998999989999899998 -241 -305 -305
 -262 -144   27  223  365  424  450  435  351  269  208  206  267
  329  373  413  472  527  577  603  625  622  619  62799998
