tauY_total_01_2017_moy.22
  255  423  518  576  583  493  220   11  -51  -59  -62 -205 -324
 -354 -258  -42  188  299  132  -73 -175 -215 -234 -2369999899998
999989999899998999989999899998999989999899998999989999899998
   35  194  295  350  358  298  113  -41  -56  -38  -31 -243 -409
 -416 -298  -44  192  307  137  -82 -246 -284 -280999989999899998
999989999899998999989999899998999989999899998999989999899998
 -155  -27   71  118  138  120   30  -46  -31    8   20 -228 -447
 -480 -373  -64  173  258   57 -190 -358 -390 -383999989999899998
999989999899998999989999899998999989999899998999989999899998
 -250 -168  -83  -32    8    6   17    1   20   66   65 -160 -418
 -521 -430 -135   80   97 -136 -350 -478 -50799998999989999899998
999989999899998999989999899998999989999899998999989999899998
 -233 -174 -121  -57  -11   -5   36   24   36   52   58  -75 -301
 -459 -452 -267 -149 -201 -377 -523 -578 -59999998999989999899998
999989999899998999989999899998999989999899998999989999899998
 -167 -145 -111  -62  -36  -15  -36  -64  -73  -56  -41  -74 -189
 -364 -450 -401 -401 -469 -565 -602 -621 -62899998999989999899998
999989999899998999989999899998999989999899998999989999899998
 -164 -159 -147 -121  -90  -66 -131 -184 -205 -189 -150 -135 -172
 -305 -408 -456 -503 -552 -584 -613 -613 -60799998999989999899998
999989999899998999989999899998999989999899998999989999899998
 -213 -212 -210 -198 -162 -134 -184 -243 -267 -244 -179 -163 -198
 -298 -379 -424 -471 -525 -563 -574 -562 -53299998999989999899998
999989999899998999989999899998999989999899998999989999899998
 -246 -255 -265 -262 -239 -198 -207 -239 -249 -211 -161 -165 -218
 -293 -350 -382 -420 -471 -523 -540 -502 -42899998999989999899998
999989999899998999989999899998999989999899998999989999899998
 -253 -284 -307 -310 -294 -266 -224 -227 -228 -196 -157 -171 -245
 -317 -364 -376 -408 -435 -464 -471 -432 -342 -236999989999899998
999989999899998999989999899998999989999899998999989999899998
 -234 -287 -324 -342 -347 -333 -301 -292 -281 -254 -218 -233 -303
 -378 -425 -438 -433 -415 -389 -361 -321 -248 -152  -659999899998
999989999899998999989999899998999989999899998999989999899998
99998 -263 -313 -366 -392 -389 -395 -397 -382 -340 -299 -308 -346
 -419 -479 -485 -434 -368 -295 -226 -186 -135  -75  -14   2599998
999989999899998999989999899998999989999899998999989999899998
99998999989999899998 -412 -411 -442 -453 -439 -395 -338 -331 -337
 -394 -441 -445 -364 -255 -155  -78  -47  -31   -4   36   64   73
   83   87   98  124  149   99   28  -50 -124999989999899998
9999899998999989999899998 -390 -420 -451 -443 -392 -311 -269 -261
 -285 -313 -313 -220 -103   -3   62   73   61   69  100  121  127
  117   99  102  122  145  130   69   -3  -62999989999899998
9999899998999989999899998 -320 -399 -437 -420 -345 -218 -114  -96
 -108 -122 -129  -54   33  112  159  158  144  150  177  203  219
  187  146  130  145  171  169  133   68   10999989999899998
999989999899998999989999899998 -412 -438 -382 -239  -62   84  154
  140   97   73   79  122  174  199  199  206  216  246  288  310
  267  211  173  170  207  227  205  141   87999989999899998
9999899998999989999899998999989999899998 -358 -163   88  284  374
  347  289  245  200  186  196  212  223  231  248  286  332  369
  330  273  220  203  239  278  261  197  158999989999899998
9999899998999989999899998999989999899998999989999899998  446  500
  469  416  380  322  252  210  204  216  225  248  287  340  390
  380  327  272  245  271  312  275  219  177  1489999899998
999989999899998999989999899998999989999899998999989999899998  479
  450  453  486  435  336  241  180  166  190  224  270  329  393
  411  367  309  289  322  293  255  215  164  124  10099998
999989999899998999989999899998999989999899998999989999899998  278
  314  395  496  501  415  279  150  106  135  164  205  287  357
  370  350  319  295  295  276  253  214  173  134  10199998
9999899998999989999899998999989999899998999989999899998   34   59
  140  275  424  484  448  291  157  105  106  109  133  197  264
  307  303  286  274  277  281  270  241  217  192  17199998
99998999989999899998999989999899998999989999899998  -41  -78  -72
   -7  124  303  412  426  307  223  195  158  121  103  125  175
  223  257  262  268  287  311  312  304  304  306  30599998
99998999989999899998999989999899998999989999899998  -85 -132 -144
 -117  -21  152  314  381  357  357  362  291  207  132   91  108
  150  206  238  276  315  341  355  382  403  423  44799998
99998999989999899998999989999899998999989999899998 -142 -183 -196
 -188 -137    9  219  345  472  549  582  465  331  191   93   61
  102  160  218  287  356  377  392  433  484  5439999899998
99998999989999899998999989999899998999989999899998 -204 -215 -229
 -228 -188  -64  129  316  611  764  803  634  454  259   97   41
   78  127  207  302  389  396  404  442  503  594  73599998
