tauY_total_11_2015_moy.22
   36  -48  -73 -103 -121  -95  217  444  597  655  629  499  346
  281  246  197   36 -130 -209 -246 -262 -339 -413 -5019999899998
999989999899998999989999899998999989999899998999989999899998
   19   -5  -18  -45  -62  -43  122  271  364  390  334  206   86
   52   37   23  -52 -139 -211 -266 -321 -442 -524999989999899998
999989999899998999989999899998999989999899998999989999899998
   18   29   24    2  -21  -21   24   96  134  130   55  -96 -172
 -181 -169 -150 -138 -151 -231 -314 -387 -532 -651999989999899998
999989999899998999989999899998999989999899998999989999899998
   30   51   45   21   -4  -21  -55  -17    1  -31 -115 -260 -300
 -299 -271 -250 -189 -188 -288 -388 -454 -58999998999989999899998
999989999899998999989999899998999989999899998999989999899998
   48   37   26    0  -36  -71  -56  -19   -4  -40 -112 -194 -247
 -241 -230 -232 -246 -299 -392 -467 -533 -57599998999989999899998
999989999899998999989999899998999989999899998999989999899998
   54   14  -13  -53 -107 -136  -57   13   44   19  -58  -85 -142
 -141 -145 -178 -298 -441 -533 -577 -574 -54899998999989999899998
999989999899998999989999899998999989999899998999989999899998
   33  -11  -50 -103 -153 -164  -69   14   48   31  -32  -69 -126
 -150 -153 -196 -373 -550 -630 -644 -577 -49999998999989999899998
999989999899998999989999899998999989999899998999989999899998
   -8  -41  -79 -125 -151 -154 -101  -31   11   10  -53 -131 -204
 -254 -274 -286 -434 -567 -620 -594 -495 -38299998999989999899998
999989999899998999989999899998999989999899998999989999899998
  -44  -68  -93 -114 -125 -122 -108  -72  -30  -23  -83 -226 -331
 -395 -423 -412 -427 -476 -505 -461 -355 -22499998999989999899998
999989999899998999989999899998999989999899998999989999899998
  -58  -71  -81  -79  -76  -69  -69  -53  -11  -28 -108 -287 -408
 -479 -503 -469 -381 -325 -318 -288 -226 -145  -75999989999899998
999989999899998999989999899998999989999899998999989999899998
  -54  -49  -47  -34  -19  -15   -6    6   13  -41 -109 -271 -383
 -455 -463 -401 -278 -172 -143 -132 -116  -99  -76  -349999899998
999989999899998999989999899998999989999899998999989999899998
99998  -13   -7   -1    6    6    8   -1  -43  -67  -93 -172 -259
 -320 -307 -223 -104  -23   -3    9    9  -10  -17   11   5899998
999989999899998999989999899998999989999899998999989999899998
99998999989999899998    9   -6  -22  -33  -47  -39  -31  -33  -75
  -97  -63    3   92  121  131  138  140  124  117  132  154  168
  150  116  111  137  180  192  184  144   90999989999899998
9999899998999989999899998  -33  -57  -54  -17   30   74  112  119
  136  166  208  222  226  235  238  262  288  316  326  310  278
  228  190  181  207  246  261  248  208  163999989999899998
9999899998999989999899998  -72  -97  -84  -15   73  155  204  235
  259  275  296  272  263  266  288  352  454  535  535  499  450
  369  301  271  294  332  352  330  282  241999989999899998
999989999899998999989999899998 -141 -118  -32   79  184  240  262
  260  276  310  284  255  244  281  387  584  671  654  625  593
  503  406  360  355  393  404  377  331  315999989999899998
9999899998999989999899998999989999899998  -63   61  179  236  231
  218  243  292  290  267  254  288  399  571  614  608  598  598
  547  462  414  394  403  410  386  350  325999989999899998
9999899998999989999899998999989999899998999989999899998  173  153
  151  184  241  288  301  314  354  429  426  415  435  469  502
  500  475  429  394  376  364  350  329  289  2549999899998
999989999899998999989999899998999989999899998999989999899998   28
   54  104  168  251  313  355  396  410  271  220  251  310  371
  431  463  416  357  331  310  304  295  265  202  15099998
999989999899998999989999899998999989999899998999989999899998 -117
  -54   21   98  192  266  305  323  325  209  141  149  211  302
  403  450  393  337  304  305  325  326  282  184  10399998
9999899998999989999899998999989999899998999989999899998 -279 -207
 -129  -43   37  110  157  183  204  219  191  140  141  209  323
  437  468  408  343  313  368  431  443  366  242  11099998
99998999989999899998999989999899998999989999899998 -380 -304 -237
 -152  -67    1   24   39   65   97  119  133  130  156  230  351
  461  489  433  354  348  464  574  601  532  377  23299998
99998999989999899998999989999899998999989999899998 -375 -311 -242
 -151  -53    6  -36  -58  -31   -4   30   45   61  107  192  307
  400  443  410  368  395  571  716  764  721  580  42299998
99998999989999899998999989999899998999989999899998 -363 -315 -246
 -156  -43   20  -69 -128 -110  -71  -26  -31  -24   17  107  232
  316  366  355  370  444  645  823  904  883  8079999899998
99998999989999899998999989999899998999989999899998 -351 -315 -252
 -168  -45   31 -139 -196 -158 -105  -65  -79  -85  -61   29  171
  248  295  298  342  455  673  864  974  995  966  93499998
