tauY_total_11_2017_moy.22
 -121 -102  -82    0   70  132  -16 -152 -261 -318 -308 -236 -143
 -126 -113 -117  -80  -74 -123 -192 -233 -273 -300 -3029999899998
999989999899998999989999899998999989999899998999989999899998
  -53  -53  -39   19   62   78  -34 -131 -209 -255 -236 -140  -49
    5   36   43   32    5  -64 -143 -212 -245 -262999989999899998
999989999899998999989999899998999989999899998999989999899998
   -2   -5   -1   15   29   17  -48 -110 -152 -160 -118  -20   41
  105  152  181  141   71  -17 -111 -200 -225 -226999989999899998
999989999899998999989999899998999989999899998999989999899998
   29   29   26    4  -23  -45  -59  -80  -75  -25   35   89   99
  137  178  212  170   83  -27 -145 -226 -24299998999989999899998
999989999899998999989999899998999989999899998999989999899998
   36   34   38    4  -47  -88  -74  -43   32  117  170  155  119
   91   90  105   72   -7 -132 -250 -298 -31799998999989999899998
999989999899998999989999899998999989999899998999989999899998
   28   46   50   19  -18  -55  -47    9  125  218  252  175   89
   12  -44  -75  -98 -148 -251 -334 -389 -42099998999989999899998
999989999899998999989999899998999989999899998999989999899998
   30   51   63   53   17  -17    6   72  184  280  297  161   48
  -57 -144 -205 -226 -251 -326 -392 -447 -48299998999989999899998
999989999899998999989999899998999989999899998999989999899998
   25   39   46   41   15   -5   34   93  176  251  270  161   22
 -106 -201 -233 -262 -306 -365 -408 -432 -45299998999989999899998
999989999899998999989999899998999989999899998999989999899998
  -15  -10  -16  -29  -39  -30   18   59  115  164  162   96  -37
 -159 -227 -234 -257 -301 -336 -354 -345 -32399998999989999899998
999989999899998999989999899998999989999899998999989999899998
  -67  -84  -94 -100  -93  -74  -29   13   56   66   48  -35 -145
 -232 -262 -243 -215 -225 -242 -239 -212 -177 -139999989999899998
999989999899998999989999899998999989999899998999989999899998
 -104 -141 -151 -145 -124  -89  -52  -12    6    8  -20 -128 -226
 -283 -276 -192 -111  -72  -85  -81  -52  -34  -15   -69999899998
999989999899998999989999899998999989999899998999989999899998
99998 -163 -176 -153 -110  -64  -38   -5   -3    0  -12 -112 -220
 -270 -197  -52   71  136  116  107  129  137  153  161  16299998
999989999899998999989999899998999989999899998999989999899998
99998999989999899998  -67  -30   13   34   45   85  128   44  -65
 -102   -9  145  283  342  320  291  298  321  349  355  327  284
  218  159  121   99   84   90  125  174  217999989999899998
9999899998999989999899998  -11   19   15   73  170  272  265  205
  192  230  340  444  486  477  430  417  462  520  541  506  411
  305  215  176  160  156  185  222  264  300999989999899998
9999899998999989999899998  -37 -102 -130  -49   68  189  310  362
  389  392  445  498  535  532  497  474  545  635  685  668  578
  427  322  280  261  252  293  334  362  382999989999899998
999989999899998999989999899998 -282 -334 -303 -215  -68  122  278
  361  402  412  455  492  501  481  466  552  650  728  753  698
  568  461  410  377  362  383  409  419  435999989999899998
9999899998999989999899998999989999899998 -615 -492 -334  -97  113
  240  314  327  336  376  413  418  417  486  575  674  729  712
  654  576  525  473  436  429  421  418  417999989999899998
9999899998999989999899998999989999899998999989999899998 -257  -29
  125  221  215  204  233  303  337  340  383  463  562  633  649
  654  626  570  503  449  412  369  348  308  2649999899998
999989999899998999989999899998999989999899998999989999899998  -87
   70  153  129  100  121  191  236  241  269  344  426  496  543
  576  578  519  458  417  349  296  258  211  155  11799998
999989999899998999989999899998999989999899998999989999899998  -82
   43   96   71   40   48   90  115  134  162  225  300  381  445
  482  482  440  403  366  313  291  254  196  136   9499998
9999899998999989999899998999989999899998999989999899998 -182  -73
    9   36   23   -8   -8    5   26   54  102  154  232  335  424
  443  436  410  376  355  362  380  356  318  281  23399998
99998999989999899998999989999899998999989999899998 -185 -143  -88
  -36  -13  -29  -47  -53  -45  -22   11   78  101  157  272  413
  451  449  434  412  419  473  522  549  559  529  49999998
99998999989999899998999989999899998999989999899998 -120 -100  -78
  -55  -41  -44  -68  -86  -63  -33   -2  -16  -44  -17   72  232
  387  451  468  473  498  593  670  749  782  765  74499998
99998999989999899998999989999899998999989999899998  -70  -68  -58
  -51  -48  -56  -95 -120  -57   -3   13 -124 -227 -267 -215  -30
  236  420  474  514  567  684  783  879  932  9559999899998
99998999989999899998999989999899998999989999899998  -43  -51  -48
  -49  -58  -72 -121 -175  -37   60   79 -210 -388 -507 -504 -296
   82  366  456  516  598  708  822  917  985 1010 103299998
