tauY_total_01_2016_moy.22
  377  197  135  173  205  244  336  397  388  344  308  275  242
  265  309  337  271  184  119   47  -14 -140 -227 -3099999899998
999989999899998999989999899998999989999899998999989999899998
  270  205  173  176  173  180  191  206  210  208  193  179  179
  212  252  281  232  146   32  -85 -162 -257 -320999989999899998
999989999899998999989999899998999989999899998999989999899998
  174  198  189  155  118   70   20    4   25   39   59   58   67
  118  174  201  148   49 -112 -250 -334 -386 -436999989999899998
999989999899998999989999899998999989999899998999989999899998
  119  191  191  122   35  -56 -138 -161 -114  -59  -41  -51  -44
    4   59   95   25  -88 -266 -390 -456 -47499998999989999899998
999989999899998999989999899998999989999899998999989999899998
   99  156  156   77  -45 -173 -226 -213 -133  -74  -78 -117 -174
 -152  -88  -61 -155 -267 -384 -471 -498 -48399998999989999899998
999989999899998999989999899998999989999899998999989999899998
   91   83   68   -6 -129 -247 -218 -152  -68  -23  -66 -171 -301
 -328 -312 -296 -371 -461 -513 -539 -495 -42699998999989999899998
999989999899998999989999899998999989999899998999989999899998
   83   36   -7  -89 -176 -242 -180  -88  -16   -6  -74 -237 -393
 -484 -522 -531 -577 -635 -647 -593 -498 -39399998999989999899998
999989999899998999989999899998999989999899998999989999899998
   62   11  -33  -94 -158 -181 -133  -58  -11   -9  -96 -266 -415
 -531 -615 -654 -698 -730 -723 -635 -497 -38099998999989999899998
999989999899998999989999899998999989999899998999989999899998
    3  -24  -58  -85 -104 -119  -94  -49  -27  -55 -128 -270 -399
 -517 -606 -650 -697 -728 -715 -607 -452 -31499998999989999899998
999989999899998999989999899998999989999899998999989999899998
  -82  -86 -122 -133 -135 -134 -121 -108  -96 -134 -195 -278 -380
 -478 -547 -583 -622 -638 -585 -481 -335 -194  -85999989999899998
999989999899998999989999899998999989999899998999989999899998
 -176 -200 -249 -270 -289 -292 -275 -254 -229 -244 -266 -311 -378
 -440 -499 -516 -516 -496 -410 -293 -168  -72  -12   -79999899998
999989999899998999989999899998999989999899998999989999899998
99998 -349 -396 -471 -526 -537 -509 -458 -413 -360 -332 -352 -382
 -418 -446 -452 -411 -348 -256 -141  -50   -5   11  -10  -6699998
999989999899998999989999899998999989999899998999989999899998
99998999989999899998 -763 -767 -704 -605 -512 -417 -358 -342 -345
 -360 -368 -371 -312 -227 -144  -82  -52  -53  -31   -7   -3   -6
   -4    3   31   71   87   78   59   29   -1999989999899998
9999899998999989999899998 -938 -797 -645 -505 -383 -305 -261 -243
 -245 -266 -287 -234 -148  -80  -81 -127 -132  -72   32  113  130
  119   99   93  102  111  100   77   49   25999989999899998
9999899998999989999899998-1015 -785 -601 -431 -281 -185 -121  -93
 -110 -168 -204 -167  -88  -36  -44 -111 -117  -40  118  263  311
  275  212  162  133  132  132  105   72   48999989999899998
999989999899998999989999899998 -729 -514 -303 -152  -52   23   48
    4  -71 -147 -129  -25   52   60   15   11   61  208  382  474
  409  313  222  152  138  153  140  103   67999989999899998
9999899998999989999899998999989999899998 -167  -45   73  132  134
   65  -43 -126  -94   18  148  209  187  151  145  243  395  506
  478  383  267  171  152  173  183  139  103999989999899998
9999899998999989999899998999989999899998999989999899998  192  157
   78  -25  -99  -50   63  244  357  348  257  198  233  330  453
  476  427  317  216  187  221  231  189  152  1169999899998
999989999899998999989999899998999989999899998999989999899998  132
   69    1  -39   -1   93  258  389  415  286  208  200  256  393
  479  485  405  328  292  314  311  274  216  157  11699998
999989999899998999989999899998999989999899998999989999899998   35
   23    4    1   16   83  181  270  303  234  183  175  250  397
  529  573  533  480  446  423  415  384  303  220  15899998
9999899998999989999899998999989999899998999989999899998 -109  -79
  -47  -30  -11    5   50  100  138  166  159  145  177  288  436
  589  644  627  569  509  481  506  499  427  320  23899998
99998999989999899998999989999899998999989999899998 -227 -199 -169
 -133  -81  -41   -2   35   57   66   85  109  121  187  307  471
  605  670  659  596  528  547  589  601  565  475  38299998
99998999989999899998999989999899998999989999899998 -287 -262 -235
 -208 -166  -77    0   31   23   28   36   44   62  138  261  414
  575  663  654  601  547  589  644  692  688  621  53799998
99998999989999899998999989999899998999989999899998 -328 -305 -278
 -251 -215 -137   49   86   29    2   -2  -18  -10   46  162  317
  501  629  633  596  559  599  675  761  792  7679999899998
99998999989999899998999989999899998999989999899998 -333 -313 -286
 -256 -210 -245  409  262   46   -9  -29  -65  -55  -13   72  216
  409  576  607  582  545  576  655  776  842  842  84299998
