tauX_total_06_2015_ano.22
   54   79   76   85   96   94   56   16  -40  -84 -125 -134 -131
  -89  -36   32  123  197  221  203  153   95   64   699999899998
999989999899998999989999899998999989999899998999989999899998
  -23  -37  -53  -48  -32  -13  -14  -25  -58  -84 -103 -114 -148
 -154 -106  -27   86  162  170  144   94   38    3999989999899998
999989999899998999989999899998999989999899998999989999899998
  -88 -140 -180 -195 -193 -146 -109  -83  -72  -58  -56 -119 -191
 -239 -242 -161    2  106  112   89   38  -18  -62999989999899998
999989999899998999989999899998999989999899998999989999899998
 -132 -229 -292 -335 -341 -299 -216 -148  -85  -27    4 -120 -231
 -329 -364 -282  -85   42   41   27  -12  -6199998999989999899998
999989999899998999989999899998999989999899998999989999899998
 -117 -224 -300 -369 -367 -304 -213 -255 -248  -95   35  -93 -243
 -377 -397 -309 -133  -15   -2  -31  -57  -8199998999989999899998
999989999899998999989999899998999989999899998999989999899998
  -56 -132 -186 -210 -172  -92 -178 -354 -405 -282  -91 -101 -208
 -323 -361 -251 -118  -39  -51  -68  -73  -6999998999989999899998
999989999899998999989999899998999989999899998999989999899998
  -45  -77  -91  -49   12   62 -154 -401 -500 -407 -206 -120 -142
 -234 -265 -176  -89  -54  -69  -71  -58  -3399998999989999899998
999989999899998999989999899998999989999899998999989999899998
 -133 -106  -93  -25   46   59 -187 -417 -489 -414 -241  -97  -61
 -147 -178 -122  -82  -61  -58  -50  -14   2399998999989999899998
999989999899998999989999899998999989999899998999989999899998
 -277 -222 -192 -135  -84  -67 -239 -396 -416 -334 -180  -60   -6
  -83 -144 -130  -94  -69  -48  -13   43   8799998999989999899998
999989999899998999989999899998999989999899998999989999899998
 -451 -416 -370 -342 -289 -251 -289 -347 -342 -246 -100    6    4
  -75 -158 -153 -112  -83  -38   24   76  106  129999989999899998
999989999899998999989999899998999989999899998999989999899998
 -627 -601 -555 -513 -439 -376 -290 -270 -249 -171  -59  -10  -47
 -104 -148 -161 -131  -85  -25   31   63   90  129  1519999899998
999989999899998999989999899998999989999899998999989999899998
99998 -685 -635 -528 -430 -361 -277 -212 -180 -150 -114  -93  -94
 -109 -135 -177 -151  -93  -31   -8  -37  -10   68  145  15499998
999989999899998999989999899998999989999899998999989999899998
99998999989999899998 -363 -288 -229 -199 -199 -181 -146 -100  -49
  -63 -125 -195 -194 -122  -61 -110 -212 -189  -85   58  121   93
   65   59  116  154  163  154  119   83   49999989999899998
9999899998999989999899998 -222 -239 -235 -213 -196 -172  -74   -5
  -26 -132 -232 -226 -166 -137 -192 -297 -307 -224  -64   52   46
   22   19   49   71   67   40   10  -24  -57999989999899998
9999899998999989999899998 -233 -258 -259 -222 -196 -149  -71  -21
  -52 -151 -269 -258 -209 -190 -210 -288 -322 -266 -129  -33  -27
  -47  -42  -34  -23  -30  -61  -93 -124 -146999989999899998
999989999899998999989999899998 -285 -257 -220 -177 -151 -106  -74
 -104 -188 -284 -292 -243 -192 -192 -230 -246 -199 -107  -60  -90
 -104 -104 -105  -99  -96 -114 -142 -165 -167999989999899998
9999899998999989999899998999989999899998 -203 -184 -187 -184 -166
 -167 -208 -242 -265 -233 -163 -132 -126  -95  -33   10   -6  -77
 -127 -145 -140 -124 -100 -100 -115 -133 -142999989999899998
9999899998999989999899998999989999899998999989999899998 -289 -266
 -209 -157 -153 -167 -156 -110  -57  -25   52  138  130   27  -51
 -130 -180 -170 -118  -49  -19  -27  -67  -93  -889999899998
999989999899998999989999899998999989999899998999989999899998 -266
 -163  -71  -35  -38  -42  -51  -46  -16   72  136  102   14  -64
 -161 -208 -173  -93  -10   52   58    5  -45  -49  -4399998
999989999899998999989999899998999989999899998999989999899998 -161
  -82   -1   59   75   65   16  -58  -99  -83  -57  -33  -60 -129
 -191 -211 -157  -65   24   77   84   37   -8   -8    199998
9999899998999989999899998999989999899998999989999899998 -113  -83
  -35   18   52   93  104   48  -44 -127 -202 -240 -210 -184 -217
 -230 -221 -165  -83   -6   29   39   34   24   31   4899998
99998999989999899998999989999899998999989999899998  -75  -46  -65
  -74  -79  -75  -29   12    2  -42 -109 -206 -268 -273 -291 -300
 -275 -246 -204 -158 -121  -81  -45    3   41   58   7099998
99998999989999899998999989999899998999989999899998    6  -63 -136
 -214 -288 -318 -258 -179 -101  -57  -77 -130 -177 -213 -250 -285
 -278 -257 -253 -249 -244 -196 -127  -37   31   65   7499998
99998999989999899998999989999899998999989999899998   29 -148 -277
 -407 -517 -566 -531 -381 -185  -54  -14  -37  -69 -122 -187 -247
 -262 -261 -291 -327 -352 -299 -198  -75   23   579999899998
99998999989999899998999989999899998999989999899998   17 -269 -447
 -610 -732 -769 -718 -539 -259   14  105   60   18  -57 -150 -218
 -254 -263 -296 -361 -427 -351 -226  -86   16   40   3199998
