tauX_total_01_2018_ano.22
 -351 -393 -442 -473 -487 -494 -466 -450 -462 -498 -548 -623 -686
 -765 -830 -881 -874 -802 -554 -335 -146 -148 -159 -2069999899998
999989999899998999989999899998999989999899998999989999899998
 -346 -411 -473 -510 -524 -520 -469 -442 -460 -500 -558 -619 -677
 -730 -776 -801 -751 -662 -493 -331 -205 -206 -229999989999899998
999989999899998999989999899998999989999899998999989999899998
 -270 -370 -444 -502 -553 -551 -501 -462 -478 -515 -578 -625 -662
 -688 -711 -706 -629 -558 -464 -344 -267 -267 -313999989999899998
999989999899998999989999899998999989999899998999989999899998
 -193 -302 -381 -459 -529 -559 -516 -478 -496 -539 -584 -619 -615
 -600 -579 -579 -525 -479 -445 -385 -308 -30499998999989999899998
999989999899998999989999899998999989999899998999989999899998
 -149 -231 -299 -379 -440 -480 -469 -471 -506 -530 -558 -549 -501
 -450 -414 -419 -467 -463 -432 -377 -313 -27699998999989999899998
999989999899998999989999899998999989999899998999989999899998
 -138 -167 -204 -246 -271 -295 -343 -396 -455 -500 -501 -425 -374
 -327 -295 -287 -377 -456 -425 -349 -251 -17699998999989999899998
999989999899998999989999899998999989999899998999989999899998
 -150 -132 -128 -113 -116 -138 -228 -321 -391 -437 -418 -329 -290
 -260 -235 -226 -305 -405 -390 -307 -185  -8099998999989999899998
999989999899998999989999899998999989999899998999989999899998
 -189 -127  -84  -36  -33  -81 -205 -305 -348 -347 -307 -252 -229
 -233 -217 -193 -241 -308 -319 -263 -142  -3999998999989999899998
999989999899998999989999899998999989999899998999989999899998
 -218 -138  -98  -75  -82 -131 -254 -335 -326 -267 -193 -183 -183
 -209 -206 -165 -153 -174 -224 -198 -113  -3599998999989999899998
999989999899998999989999899998999989999899998999989999899998
 -244 -205 -188 -211 -232 -255 -306 -319 -250 -155  -71  -96 -125
 -151 -147  -99  -39  -34 -101 -127  -89  -28   15999989999899998
999989999899998999989999899998999989999899998999989999899998
 -308 -331 -346 -374 -392 -376 -307 -217  -99    6   60   20  -38
  -63  -48   11   69   60    2  -49  -47   -4   41   859999899998
999989999899998999989999899998999989999899998999989999899998
99998 -461 -494 -492 -475 -421 -249  -78   52  148  163  118   49
   22   33   76   88   70   30   -4  -19   10   58   99  10799998
999989999899998999989999899998999989999899998999989999899998
99998999989999899998 -500 -412 -195  -21   90  164  197  155   98
   71   57   53   39   23    8  -19  -40  -21   15   48   49   31
   60  105  144  134   80   13  -31  -34  -35999989999899998
9999899998999989999899998 -391 -228 -123  -36   32   89  132  124
   92   50   21   -3  -20  -37  -56  -81  -76  -56  -34  -24  -22
   22   73  109  107   63   11  -14   -5    7999989999899998
9999899998999989999899998 -368 -357 -329 -271 -195 -121  -21   72
   77   34   -6  -18  -31  -54  -78 -109 -127 -116  -97  -77  -63
  -16   39   70   64   28   -4   -4   24   52999989999899998
999989999899998999989999899998 -538 -555 -517 -452 -357 -201  -49
   18   15  -20  -31  -29  -39  -73 -117 -139 -130 -104  -80  -70
  -37    1   15    4  -22  -21    5   52   97999989999899998
9999899998999989999899998999989999899998 -734 -633 -493 -298 -138
  -38    9    3  -26  -15   -8  -43  -86 -103  -93  -66  -49  -49
  -46  -45  -54  -72  -79  -37   12   69  113999989999899998
9999899998999989999899998999989999899998999989999899998 -324 -180
  -66    4   -8  -28   16   57   32  -28  -49  -43  -25  -14  -13
  -43  -73 -102 -118 -111  -54   17   71  106  1249999899998
999989999899998999989999899998999989999899998999989999899998 -157
  -59  -25  -57  -19   60  120  120   57   -6  -22  -14    3    6
  -37  -66  -90 -108 -100  -52    7   51   96  130  15199998
999989999899998999989999899998999989999899998999989999899998 -114
  -53  -56 -105  -29   56  123  138   89   10  -40  -22  -14  -40
  -62  -60  -50  -59  -58  -45  -21   19   75  131  17199998
9999899998999989999899998999989999899998999989999899998 -209 -111
  -67  -84 -142  -86  -13   53   64   25  -28  -80  -60  -86 -133
 -124 -101  -59  -24  -12  -33  -60  -34   27  109  18199998
99998999989999899998999989999899998999989999899998 -303 -210 -119
  -78  -84 -128 -118  -90  -63  -58  -97 -128  -97  -79 -135 -220
 -218 -188 -121  -33   10  -33  -92  -92  -43   60  15599998
99998999989999899998999989999899998999989999899998 -250 -165  -83
  -28  -11  -30  -91 -121 -148 -184 -216 -178  -53  -40 -104 -230
 -315 -308 -213  -97  -21  -66 -127 -155 -122  -31   7999998
99998999989999899998999989999899998999989999899998 -182 -105  -28
   46   89   77  -17  -91 -170 -257 -295 -156    6   49  -11 -176
 -356 -430 -318 -171  -70 -107 -162 -211 -204 -1419999899998
99998999989999899998999989999899998999989999899998 -123  -54   20
  103  150  160   97   -9 -144 -258 -291  -94   62  155  110  -65
 -341 -497 -385 -225 -111 -129 -190 -255 -266 -209 -13699998
