tauX_total_09_2017_ano.22
  144   42  -35  -58  -53  -21   61  115  113   75    0 -130 -219
 -216 -216 -197 -237 -233 -178 -125  -72  -63  -62 -1029999899998
999989999899998999989999899998999989999899998999989999899998
   62  -39 -115 -149 -151 -117  -19   34   31   -7  -69 -167 -250
 -269 -275 -268 -263 -245 -199 -136  -78  -83  -97999989999899998
999989999899998999989999899998999989999899998999989999899998
   -7 -105 -179 -230 -270 -268 -200 -151 -137 -176 -219 -275 -331
 -356 -342 -331 -289 -261 -222 -157  -87  -84 -119999989999899998
999989999899998999989999899998999989999899998999989999899998
  -59 -138 -206 -290 -379 -427 -423 -384 -352 -337 -375 -399 -412
 -419 -391 -344 -293 -257 -217 -151  -88  -7499998999989999899998
999989999899998999989999899998999989999899998999989999899998
 -104 -145 -188 -289 -395 -485 -516 -494 -465 -422 -427 -456 -443
 -407 -362 -320 -281 -232 -167 -117  -70  -3799998999989999899998
999989999899998999989999899998999989999899998999989999899998
 -138 -128 -139 -216 -294 -373 -414 -407 -376 -352 -335 -355 -353
 -322 -298 -277 -260 -219 -159  -88  -40    799998999989999899998
999989999899998999989999899998999989999899998999989999899998
 -175 -118  -98 -117 -151 -181 -190 -191 -151 -127 -135 -160 -188
 -199 -215 -234 -243 -211 -149  -83  -18   4699998999989999899998
999989999899998999989999899998999989999899998999989999899998
 -196 -130  -85  -33  -10    1   38   55   82   87   34  -10  -53
  -94 -152 -200 -205 -190 -131  -55   31   8999998999989999899998
999989999899998999989999899998999989999899998999989999899998
 -186 -142  -93   -9   73  119  174  215  205  131   65   20    4
  -36 -102 -167 -182 -169 -103  -11   67  12699998999989999899998
999989999899998999989999899998999989999899998999989999899998
 -189 -170 -133  -65   28  115  175  200  141   55   -4   -5   14
    8  -40 -103 -151 -140  -72   19   90  144  170999989999899998
999989999899998999989999899998999989999899998999989999899998
 -225 -228 -205 -150  -70   32  100  103   27  -32  -74  -45    2
   34   28  -35  -96  -84  -24   43  119  161  175  1439999899998
999989999899998999989999899998999989999899998999989999899998
99998 -285 -271 -212 -111  -33   15    8  -55 -129 -159 -120  -37
   30   25  -26  -63  -56    2   78  146  176  174  137   9099998
999989999899998999989999899998999989999899998999989999899998
99998999989999899998 -135  -87  -89 -151 -237 -309 -301 -208 -100
  -17  -13  -75  -97  -77   -2   81  150  176  156  114   59   29
   44   77  107  101   73   63   70  105  147999989999899998
9999899998999989999899998 -161 -248 -344 -439 -501 -515 -354 -194
  -97 -114 -174 -203 -165  -65   37   99  128  107   66   19   -3
   19   48   71   70   48   33   41   73  107999989999899998
9999899998999989999899998 -235 -365 -462 -563 -640 -635 -506 -332
 -248 -231 -288 -323 -272 -151  -41   19   38   38    8  -25  -48
  -22    3   19   28   19   11   20   48   72999989999899998
999989999899998999989999899998 -426 -506 -605 -661 -663 -568 -438
 -358 -337 -380 -394 -324 -190  -84  -42  -29    2    4  -25  -70
  -69  -50  -34  -21  -16   -2   11   35   66999989999899998
9999899998999989999899998999989999899998 -537 -586 -608 -548 -470
 -392 -373 -414 -388 -243  -93  -36  -59  -45   12   54   34  -20
  -86  -82  -51  -36  -30  -10   18   44   69999989999899998
9999899998999989999899998999989999899998999989999899998 -479 -442
 -372 -388 -417 -300 -115   15   19  -54  -54  -11   49   68   22
  -50  -81  -51  -22   -6    0   28   50   63   869999899998
999989999899998999989999899998999989999899998999989999899998 -374
 -355 -365 -396 -242  -60   31    8  -80 -112  -88  -15   22    1
  -37  -77  -53  -25   -4    5   17   38   63   92  11799998
999989999899998999989999899998999989999899998999989999899998 -296
 -316 -369 -403 -284 -142  -54  -79 -191 -238 -199  -97  -44  -53
  -67  -75  -58  -35  -13    1   11   39   80  111  13499998
9999899998999989999899998999989999899998999989999899998 -349 -282
 -282 -352 -434 -375 -275 -205 -224 -332 -382 -309 -180  -93  -95
 -119  -84  -59  -47  -45  -21   19   71  106  122  13099998
99998999989999899998999989999899998999989999899998 -523 -394 -275
 -232 -297 -419 -464 -407 -351 -384 -483 -498 -390 -239 -143 -136
 -136 -108  -74  -74  -85  -50   21   87  114   95   7199998
99998999989999899998999989999899998999989999899998 -582 -427 -277
 -204 -232 -379 -497 -514 -483 -521 -600 -523 -405 -267 -183 -153
 -140 -131  -99  -98 -109  -53   17   69   80   45   -499998
99998999989999899998999989999899998999989999899998 -646 -449 -263
 -153 -167 -311 -468 -579 -591 -611 -647 -535 -422 -311 -225 -189
 -161 -133 -105  -95  -99  -49    6   34   23  -289999899998
99998999989999899998999989999899998999989999899998 -707 -464 -249
  -73  -38 -213 -421 -610 -584 -612 -681 -605 -477 -366 -292 -276
 -214 -131  -90  -72  -82  -43   -3    9  -21  -95 -19399998
