tauX_total_07_2014_ano.22
 -234 -187 -166 -179 -191 -188  -91   28  122  131   72    5  -82
 -198 -303 -398 -364 -297 -117   37  123   70   34    89999899998
999989999899998999989999899998999989999899998999989999899998
 -175 -162 -156 -185 -205 -197  -35  120  209  235  154    6 -143
 -275 -353 -398 -340 -241 -115  -27   10  -43  -82999989999899998
999989999899998999989999899998999989999899998999989999899998
  -86 -102 -115 -162 -205 -185   18  211  316  347  244   27 -168
 -295 -376 -380 -285 -159  -88  -59  -86 -160 -227999989999899998
999989999899998999989999899998999989999899998999989999899998
   -2  -45  -73 -129 -171 -162   66  255  371  394  301   40 -204
 -314 -372 -354 -213  -72  -35  -50 -127 -22499998999989999899998
999989999899998999989999899998999989999899998999989999899998
   49    1  -38  -85 -109  -79   66  181  265  292  250   34 -196
 -335 -377 -342 -159   -3   36   -3  -88 -16299998999989999899998
999989999899998999989999899998999989999899998999989999899998
   40   -8  -39  -42  -16   29   24   18   38   89  116   25 -140
 -317 -413 -344 -157    1   60   53    7  -2599998999989999899998
999989999899998999989999899998999989999899998999989999899998
  -50  -73  -86  -35   27   74  -31 -125 -152 -107  -15  -23 -115
 -290 -404 -360 -192  -40   45   84   79   8699998999989999899998
999989999899998999989999899998999989999899998999989999899998
 -178 -168 -168 -108  -37   -2 -129 -233 -251 -199  -92  -62  -92
 -229 -322 -319 -208  -87    0   64   89  13199998999989999899998
999989999899998999989999899998999989999899998999989999899998
 -245 -231 -216 -184 -158 -147 -230 -292 -264 -180  -81  -33  -49
 -141 -214 -214 -154 -102  -49   11   59  10899998999989999899998
999989999899998999989999899998999989999899998999989999899998
 -255 -241 -222 -239 -257 -276 -276 -263 -208 -102  -17   17  -14
  -63  -94  -80  -85  -87  -71  -38   14   69  131999989999899998
999989999899998999989999899998999989999899998999989999899998
 -250 -220 -199 -237 -291 -327 -253 -184 -104  -20   20   13  -22
  -17   10   13  -25  -56  -67  -59  -16   58  120  1529999899998
999989999899998999989999899998999989999899998999989999899998
99998 -182 -160 -177 -226 -266 -201 -118  -28   22   19   -5  -22
    9   43   51    7  -30  -52  -54  -19   58  118  137  13099998
999989999899998999989999899998999989999899998999989999899998
99998999989999899998 -138 -171 -165 -137  -89  -44  -23  -22  -13
    5   14   14   -4  -30  -52  -56  -15   54   99  104   73   38
   61  113  197  252  265  263  258  266  263999989999899998
9999899998999989999899998 -107 -199 -229 -208 -176 -137  -64  -29
  -33  -45  -47  -54  -70  -89  -89  -41   22   57   45   19   -4
   16   56  101  134  138  144  166  189  210999989999899998
9999899998999989999899998 -100 -240 -292 -291 -255 -144  -62  -41
  -87  -96 -107 -108 -126 -148 -134  -89  -34    2   -7  -22  -38
  -25   -1    8    8    1   27   73  118  151999989999899998
999989999899998999989999899998 -264 -303 -278 -145  -12   45   23
  -67 -132 -127 -131 -161 -207 -211 -103  -50  -33  -31  -32  -38
  -45  -42  -58  -89 -108  -54    5   51   55999989999899998
9999899998999989999899998999989999899998 -136   19  163  174   92
  -29 -117 -120 -138 -177 -235 -244 -160  -65  -31  -11   -4    4
  -14  -53  -97 -130 -131  -76  -23  -11  -44999989999899998
9999899998999989999899998999989999899998999989999899998  267  113
  -18 -106 -123 -147 -190 -236 -235 -160  -71  -26   -7   22   35
   -5  -61 -112 -128 -107  -57   -9  -28 -101 -1979999899998
999989999899998999989999899998999989999899998999989999899998   39
  -84 -163 -154 -159 -179 -194 -182 -130  -64  -33  -27   -7   -2
  -52 -104 -134 -135  -91  -29   25    2  -75 -166 -24899998
999989999899998999989999899998999989999899998999989999899998 -119
 -207 -254 -193 -144 -108  -90  -74  -61  -51  -52  -66  -79  -76
 -114 -162 -175 -156 -113  -28   58   86   29  -48 -11399998
9999899998999989999899998999989999899998999989999899998 -231 -290
 -335 -299 -218  -82   18   62   83   80   20  -67 -145 -139 -116
 -137 -177 -218 -230 -193  -75   42  118  139   95   5399998
99998999989999899998999989999899998999989999899998 -293 -319 -324
 -319 -285 -208    5  158  242  278  225  108 -131 -256 -206 -119
 -107 -143 -234 -319 -314 -167  -27   83  151  164  14399998
99998999989999899998999989999899998999989999899998 -257 -253 -235
 -206 -172 -103   87  249  353  355  235  -35 -338 -401 -329 -192
  -84  -85 -211 -349 -410 -275 -123   21  118  149  14199998
99998999989999899998999989999899998999989999899998 -202 -169 -129
  -88  -52    6  137  256  324  297  146 -220 -505 -564 -482 -298
 -127  -45 -167 -326 -430 -344 -204  -46   66  1039999899998
99998999989999899998999989999899998999989999899998 -172 -119  -68
  -31   18   57  118  197  237  190   26 -382 -645 -724 -638 -411
 -178  -35 -130 -310 -410 -379 -262 -100   19   49   6399998
