tauX_total_03_2017_ano.22
 -552 -360 -228  -16  150  241  212  117 -107 -354 -577 -583 -543
 -385 -250 -169 -253 -380 -498 -558 -529 -284 -114   159999899998
999989999899998999989999899998999989999899998999989999899998
 -431 -329 -244 -123   -9   57   22  -90 -286 -453 -565 -572 -523
 -397 -263 -174 -277 -386 -505 -559 -544 -371 -220999989999899998
999989999899998999989999899998999989999899998999989999899998
 -325 -302 -274 -230 -162 -125 -184 -287 -427 -537 -554 -507 -436
 -338 -219 -136 -204 -277 -385 -476 -471 -411 -325999989999899998
999989999899998999989999899998999989999899998999989999899998
 -225 -277 -295 -296 -295 -264 -331 -434 -523 -548 -514 -426 -330
 -244 -176 -152 -147 -159 -218 -289 -336 -37299998999989999899998
999989999899998999989999899998999989999899998999989999899998
 -158 -235 -274 -284 -262 -261 -369 -481 -548 -533 -438 -295 -192
 -164 -183 -203 -143  -94  -78  -85 -142 -18399998999989999899998
999989999899998999989999899998999989999899998999989999899998
  -93 -147 -163 -148 -131 -132 -294 -438 -510 -467 -328 -164  -59
 -111 -197 -249 -180  -85    5   58   47    999998999989999899998
999989999899998999989999899998999989999899998999989999899998
  -67  -68  -57  -30   -6  -23 -194 -377 -441 -384 -218  -58   27
  -63 -192 -279 -224 -105   42  142  166  14399998999989999899998
999989999899998999989999899998999989999899998999989999899998
 -192 -112  -71  -25    4   10 -152 -340 -388 -309 -152    4   79
   -2 -144 -264 -228 -118   50  180  214  21999998999989999899998
999989999899998999989999899998999989999899998999989999899998
 -403 -314 -244 -163  -91  -74 -181 -310 -333 -264 -122   40  118
   77  -43 -150 -144  -67   73  184  215  22799998999989999899998
999989999899998999989999899998999989999899998999989999899998
 -637 -568 -457 -342 -237 -206 -254 -286 -295 -220  -81   53  132
  112   41  -35  -54   -5   76  135  166  176  179999989999899998
999989999899998999989999899998999989999899998999989999899998
 -854 -753 -611 -465 -371 -332 -326 -311 -276 -174  -38   75  131
  105   56    9  -13    2   42   76   96  116  117  1039999899998
999989999899998999989999899998999989999899998999989999899998
99998 -788 -629 -471 -380 -359 -358 -366 -296 -163  -16  105  137
  112   56   13   -3   10   39   55   47   52   61   60   4799998
999989999899998999989999899998999989999899998999989999899998
99998999989999899998 -298 -320 -356 -396 -330 -204  -43   74  129
  110   51   15   10   37   58   61   44   18    8    4    3   -1
   24   45   43   11  -40  -69  -92  -79  -59999989999899998
9999899998999989999899998 -239 -353 -384 -335 -242 -138  -27   56
   53   21   -5   11   41   62   67   52    7  -28  -38  -33  -25
   -9    4   -4  -29  -58  -81  -92  -92  -78999989999899998
9999899998999989999899998 -192 -291 -290 -272 -238 -201 -132  -60
  -42  -48  -67  -43  -20   11   30   22  -16  -50  -53  -54  -47
  -43  -32  -35  -42  -54  -70  -75  -89  -98999989999899998
999989999899998999989999899998 -141 -145 -157 -196 -215 -188 -165
 -138 -143 -182 -182 -157 -101  -72  -53  -55  -53  -40  -42  -51
  -57  -52  -41  -25  -15  -17  -38  -75 -107999989999899998
9999899998999989999899998999989999899998  -34 -128 -189 -225 -231
 -220 -247 -297 -343 -324 -257 -186 -141  -87  -28   -1    2  -15
  -34  -40  -17   24   58   52   12  -39  -87999989999899998
9999899998999989999899998999989999899998999989999899998 -276 -273
 -269 -300 -360 -418 -415 -359 -278 -211 -104   -5   41   43   17
  -10  -30    2   59  105   91   44  -15  -67  -739999899998
999989999899998999989999899998999989999899998999989999899998 -270
 -246 -266 -329 -376 -370 -327 -286 -238 -113   -2   61   69   30
  -25  -52  -16   40   88   84   48   -7  -36  -14   1299998
999989999899998999989999899998999989999899998999989999899998 -209
 -164 -175 -226 -259 -246 -209 -203 -219 -143  -43   38   52   18
  -40  -73  -50    0   42   50   36   17   40   84  12499998
9999899998999989999899998999989999899998999989999899998 -243 -146
  -76  -78 -138 -157 -128  -89 -116 -197 -197 -136  -49    3    3
  -36  -51  -42  -20    9   19   32   68  126  191  24999998
99998999989999899998999989999899998999989999899998 -360 -206  -88
  -18  -20  -95  -97  -60  -33  -74 -170 -259 -250 -147  -55  -17
    1    7    4    1    9   22   44  114  190  250  29999998
99998999989999899998999989999899998999989999899998 -292 -140  -18
   30    9  -71  -74  -39  -14  -43 -138 -239 -267 -168  -65    4
   50   76   70   55   41   52   71  129  182  223  25599998
99998999989999899998999989999899998999989999899998 -215  -71   46
   81   39  -53  -65  -28   13  -10  -98 -199 -228 -138  -38   32
   91  127  122  102   78   84   94  105  127  1359999899998
99998999989999899998999989999899998999989999899998 -161  -27   85
  116   74  -35  -55  -22   34   17  -71 -152 -174 -101  -10   54
  111  150  150  121  101  100  109   82   54   27  -1499998
