tauX_total_04_2017_ano.22
 -231  161  405  551  649  656  538  416  306  212  177  239  266
  206  146   73   37   10   33   88  101    9  -69 -1379999899998
999989999899998999989999899998999989999899998999989999899998
 -134  115  302  466  577  614  525  414  293  170   90  103  118
  111   92   64   54   48   80  116  133   66   -4999989999899998
999989999899998999989999899998999989999899998999989999899998
  -79   50  191  357  473  503  449  390  272  144   31    4   13
   42   55   69   71   85  117  145  146  105   55999989999899998
999989999899998999989999899998999989999899998999989999899998
  -53   -6   98  229  300  326  327  315  230  124   29  -25  -13
   36   95  110  115  130  140  139  137  12399998999989999899998
999989999899998999989999899998999989999899998999989999899998
  -62   -4   50   89  135  167  196  179  154  121  103   75   80
  133  171  190  176  160  129  112  104   9199998999989999899998
999989999899998999989999899998999989999899998999989999899998
  -78  -27   29   33   43   39   44   49   67  113  154  187  206
  235  256  257  214  156  110   71   53   3099998999989999899998
999989999899998999989999899998999989999899998999989999899998
  -69  -30   15   31   22    6   -8  -17   22   83  139  224  268
  283  284  269  207  128   73   33    6  -2299998999989999899998
999989999899998999989999899998999989999899998999989999899998
  -71  -31   12   54   53   39   -4  -28    1   48   99  175  232
  242  226  190  136   85   43    2  -29  -5899998999989999899998
999989999899998999989999899998999989999899998999989999899998
 -124  -80  -43    5   39   43   -7  -37  -26    0   49  102  142
  135  109   82   57   43   13  -11  -42  -7099998999989999899998
999989999899998999989999899998999989999899998999989999899998
 -227 -192 -163 -126  -74  -24  -24  -51  -63  -38   13   42   63
   50   22    0   10   16    3  -13  -34  -55  -68999989999899998
999989999899998999989999899998999989999899998999989999899998
 -353 -342 -321 -275 -203 -130  -76  -56  -56  -41   -2   25   40
   37   28   13   12    6   -3  -13  -20  -30  -39  -329999899998
999989999899998999989999899998999989999899998999989999899998
99998 -488 -472 -398 -299 -215 -123  -62  -40  -22    5   47   81
  100   98   67   25  -12  -27  -26  -17  -10   -6    0   -299998
999989999899998999989999899998999989999899998999989999899998
99998999989999899998 -366 -274 -170  -93  -54  -20   10   80  138
  168  142   81   -4  -55  -63  -53  -32   -2   16   14    2   -3
    2   25   41   16  -29  -31   -7   34   74999989999899998
9999899998999989999899998 -319 -213 -145  -93  -55  -17   64  132
  156  107   26  -66 -111 -103  -74  -34    7   19   -2  -17  -18
    3   29   36   15  -29  -47  -28   10   50999989999899998
9999899998999989999899998 -335 -257 -211 -165 -124  -94  -30   40
   57    3  -78 -150 -172 -135  -70  -16   11   -2  -38  -66  -62
  -14   25   35   13  -34  -59  -52  -16   18999989999899998
999989999899998999989999899998 -316 -269 -236 -217 -206 -160  -96
  -78 -116 -186 -226 -217 -149  -62    0   -2  -37  -83 -122 -122
  -56    7   31   12  -41  -77  -75  -40   -7999989999899998
9999899998999989999899998999989999899998 -293 -292 -293 -252 -199
 -175 -194 -246 -263 -239 -158  -58    2  -14  -54 -106 -150 -156
 -103  -31    9   -3  -55  -90  -89  -59  -30999989999899998
9999899998999989999899998999989999899998999989999899998 -296 -240
 -203 -206 -242 -259 -235 -160  -70   -9  -13  -37  -85 -132 -151
 -117  -60  -23  -21  -61 -101  -96  -70  -53  -449999899998
999989999899998999989999899998999989999899998999989999899998 -232
 -186 -177 -209 -235 -228 -175  -98  -33    8    4  -35  -81 -113
 -106  -70  -34  -33  -66  -94  -97  -80  -59  -38  -2399998
999989999899998999989999899998999989999899998999989999899998 -187
 -157 -151 -178 -214 -233 -204 -142  -60   16   35   11  -38  -77
  -74  -61  -36  -30  -54  -80  -90  -72  -45  -29  -1699998
9999899998999989999899998999989999899998999989999899998 -168 -143
 -126 -131 -156 -210 -251 -240 -179  -90    1   47   32   -5  -34
  -39  -35  -28  -27  -41  -54  -64  -52  -32  -20  -1499998
99998999989999899998999989999899998999989999899998 -169 -140 -106
  -87  -99 -141 -216 -270 -266 -203 -100  -13   37   32   26   20
   14    6   -7  -20  -26  -31  -27  -22  -25  -30  -3399998
99998999989999899998999989999899998999989999899998 -156 -107  -64
  -44  -55 -111 -209 -280 -270 -192  -83   -2   43   56   70   90
   73   51   20   -4  -13   -5    3  -10  -35  -58  -7399998
99998999989999899998999989999899998999989999899998 -148  -75  -20
    2  -14  -71 -178 -269 -247 -157  -38   31   68   97  126  160
  141  102   54   18    1   15   20  -16  -59 -1029999899998
99998999989999899998999989999899998999989999899998 -165  -61    6
   31   18  -34 -140 -251 -223 -116   18   76   95  128  176  231
  214  162   89   29   16   31   28  -24  -85 -141 -19499998
