tauX_total_02_2016_ano.22
 -843 -921 -952 -958 -949 -922 -882 -838 -805 -786 -755 -795 -799
 -685 -564 -466 -442 -431 -374 -331 -260 -198 -131  -929999899998
999989999899998999989999899998999989999899998999989999899998
 -679 -721 -759 -779 -773 -758 -733 -716 -714 -705 -677 -699 -712
 -640 -530 -425 -422 -426 -434 -438 -415 -355 -289999989999899998
999989999899998999989999899998999989999899998999989999899998
 -426 -456 -501 -535 -568 -575 -584 -606 -623 -611 -585 -577 -582
 -541 -470 -366 -375 -409 -500 -539 -541 -506 -473999989999899998
999989999899998999989999899998999989999899998999989999899998
 -189 -213 -267 -316 -376 -426 -483 -546 -558 -531 -490 -447 -427
 -407 -347 -237 -277 -383 -528 -580 -578 -57199998999989999899998
999989999899998999989999899998999989999899998999989999899998
  -34  -79 -116 -175 -243 -325 -438 -511 -519 -482 -398 -313 -244
 -208  -87  -24 -195 -346 -460 -515 -511 -49599998999989999899998
999989999899998999989999899998999989999899998999989999899998
  -17  -47  -62 -103 -156 -224 -356 -466 -487 -419 -295 -177  -56
   42  102   76 -152 -308 -382 -419 -396 -34199998999989999899998
999989999899998999989999899998999989999899998999989999899998
 -110  -86  -73  -68  -80 -123 -268 -411 -445 -378 -249 -100   14
   93  116   73 -145 -286 -346 -349 -304 -22999998999989999899998
999989999899998999989999899998999989999899998999989999899998
 -243 -171 -126  -73  -42  -62 -208 -342 -371 -333 -246 -128  -50
  -37  -11  -19 -177 -293 -345 -322 -242 -15499998999989999899998
999989999899998999989999899998999989999899998999989999899998
 -363 -282 -222 -152  -94  -85 -195 -277 -294 -273 -221 -172 -147
 -193 -198 -191 -237 -304 -329 -287 -182  -8899998999989999899998
999989999899998999989999899998999989999899998999989999899998
 -456 -408 -354 -301 -243 -215 -227 -227 -224 -197 -165 -170 -217
 -307 -359 -316 -291 -297 -275 -197 -106  -39  -13999989999899998
999989999899998999989999899998999989999899998999989999899998
 -554 -540 -502 -455 -418 -382 -272 -199 -149 -108  -90 -152 -266
 -358 -393 -353 -293 -246 -189 -116  -43   -4    7   -89999899998
999989999899998999989999899998999989999899998999989999899998
99998 -624 -597 -550 -517 -465 -319 -206 -108  -43  -30 -140 -263
 -328 -348 -305 -231 -166 -115  -54    7   25   21   11   2799998
999989999899998999989999899998999989999899998999989999899998
99998999989999899998 -547 -490 -380 -255 -138  -61  -54 -140 -210
 -249 -246 -193 -128  -68  -30   12   54   51   27   27   60  124
  164  162  128  102   99   99   82   38  -14999989999899998
9999899998999989999899998 -490 -411 -296 -199 -148 -153 -160 -161
 -149 -126  -87  -32   17   58   89  119   78   35   39   78  123
  143  138  111   83   76   62   43   10  -21999989999899998
9999899998999989999899998 -463 -352 -259 -209 -205 -222 -199 -158
 -101  -58  -43   -3   31   82  127  149  114   53   41   57   83
   96   93   80   65   61   45   21   -5  -25999989999899998
999989999899998999989999899998 -246 -166 -155 -198 -253 -223 -176
 -110  -66  -57  -47  -23   34   92  114   90   47   21    5   10
   25   33   40   56   65   53   25   -1  -14999989999899998
9999899998999989999899998999989999899998  -75 -165 -251 -259 -213
 -151 -117 -123 -130 -104  -45    0   10   -2   -1  -15  -40  -59
  -51  -40   -7   49   90   78   53   29   14999989999899998
9999899998999989999899998999989999899998999989999899998 -298 -257
 -205 -172 -170 -173 -169 -147 -126 -117  -99  -61  -48  -58  -86
 -110 -116  -72    7   74   99   88   64   41   389999899998
999989999899998999989999899998999989999899998999989999899998 -264
 -212 -169 -144 -157 -168 -196 -227 -240 -171 -102  -58  -43  -59
 -110 -154 -141  -72    2   57   88   76   52   45   4599998
999989999899998999989999899998999989999899998999989999899998 -225
 -174 -116  -71  -60  -68 -145 -238 -286 -221 -127  -41   10    3
  -65 -141 -179 -175 -118  -39   28   51   56   50   4499998
9999899998999989999899998999989999899998999989999899998 -195 -179
 -129  -59   -5   34   34  -47 -181 -272 -238 -139   -8   75   66
  -13 -102 -187 -245 -233 -141  -44   25   64   65   3999998
99998999989999899998999989999899998999989999899998 -182 -153 -113
  -56  -11   22   66   76   14 -114 -223 -218 -141    6   92   83
   17  -53 -147 -255 -298 -216 -114  -17   55   61   2499998
99998999989999899998999989999899998999989999899998 -156 -100  -44
    1   32   40   67   71   16  -80 -180 -192 -139  -28   35   39
   21  -16 -101 -209 -287 -246 -165  -71   -1    5  -2399998
99998999989999899998999989999899998999989999899998 -147  -65    4
   43   60   48   45   32  -13  -87 -169 -189 -143  -80  -35  -34
  -15  -16  -74 -170 -255 -250 -199 -121  -65  -659999899998
99998999989999899998999989999899998999989999899998 -169  -57   28
   70   82   57    6  -35  -45 -116 -198 -188 -137 -101  -82  -97
  -52  -31  -64 -134 -228 -249 -221 -152 -110 -110 -14099998
