tauX_total_02_2017_ano.22
 -172  -90  -31   67  156  173   84  -62 -301 -570 -776 -546 -395
 -313 -239 -188  -24   83   87   12  -83  -14   93  2709999899998
999989999899998999989999899998999989999899998999989999899998
 -327 -269 -211 -104    4   64   -5 -124 -330 -524 -614 -523 -421
 -336 -254 -186  -61   32  -15 -112 -221 -141  -33999989999899998
999989999899998999989999899998999989999899998999989999899998
 -388 -365 -305 -206 -115  -43  -95 -171 -314 -439 -474 -434 -377
 -312 -254 -186  -89  -19  -88 -203 -325 -286 -192999989999899998
999989999899998999989999899998999989999899998999989999899998
 -330 -312 -263 -198 -140 -110 -152 -217 -292 -335 -350 -330 -298
 -258 -216 -173 -111  -57 -125 -245 -363 -38099998999989999899998
999989999899998999989999899998999989999899998999989999899998
 -177 -127  -96  -74  -56 -101 -164 -233 -250 -253 -229 -219 -201
 -186 -170 -165 -109  -91 -144 -226 -307 -37399998999989999899998
999989999899998999989999899998999989999899998999989999899998
  -32   10   51   50  -14  -86 -169 -247 -235 -184 -127  -88  -75
  -94 -130 -147 -148 -161 -178 -215 -269 -30299998999989999899998
999989999899998999989999899998999989999899998999989999899998
  -54    0   36   22  -18  -65 -157 -234 -227 -160  -93  -20    0
  -46 -109 -159 -217 -247 -247 -258 -272 -27899998999989999899998
999989999899998999989999899998999989999899998999989999899998
 -234 -176 -116  -76  -49  -55 -104 -150 -159 -134  -86  -37  -29
  -84 -149 -213 -280 -313 -308 -290 -273 -25599998999989999899998
999989999899998999989999899998999989999899998999989999899998
 -427 -378 -303 -199 -100  -41  -33  -39  -61  -82  -71  -68  -80
 -137 -199 -258 -297 -318 -312 -270 -219 -16099998999989999899998
999989999899998999989999899998999989999899998999989999899998
 -595 -537 -471 -347 -196  -50   20   29  -16  -44  -50  -77 -109
 -166 -229 -265 -282 -264 -229 -180 -128  -36   61999989999899998
999989999899998999989999899998999989999899998999989999899998
 -734 -695 -641 -505 -318 -147  -21    6  -30  -69  -59  -75 -121
 -168 -207 -230 -210 -166 -106  -61  -22   50  117  1929999899998
999989999899998999989999899998999989999899998999989999899998
99998 -810 -767 -635 -451 -286 -147 -102 -114 -117  -79  -77  -92
 -119 -149 -161 -126  -83  -28   23   50   83  119  154  15699998
999989999899998999989999899998999989999899998999989999899998
99998999989999899998 -572 -412 -310 -255 -238 -200 -144  -76  -51
  -67  -84  -92  -73  -44   -5   24   43   51   60   69   57   35
   48   74   79   25  -76 -149 -157  -60   45999989999899998
9999899998999989999899998 -492 -407 -319 -274 -240 -222 -134  -64
  -50  -65  -67  -64  -43  -18    0    9    0    0   -3  -12  -29
   -9   20   10  -40 -126 -175 -155  -71   20999989999899998
9999899998999989999899998 -500 -345 -252 -209 -214 -231 -218 -165
 -116  -93 -108 -100  -70  -35  -21  -16  -21  -19  -34  -52  -72
  -57  -36  -45  -94 -170 -195 -151  -65   14999989999899998
999989999899998999989999899998 -201 -115  -93 -131 -204 -260 -254
 -199 -174 -180 -172 -129  -76  -42  -31  -18  -13  -29  -60  -84
  -87  -74  -78 -117 -194 -192 -133  -49   22999989999899998
9999899998999989999899998999989999899998   48  -55 -190 -281 -303
 -268 -248 -253 -232 -186 -121  -66  -41  -23  -10  -10  -38  -73
  -80  -73  -67  -99 -154 -151  -96  -27   12999989999899998
9999899998999989999899998999989999899998999989999899998 -296 -316
 -288 -272 -276 -250 -207 -144  -87  -58  -35  -12   -1   -9  -36
  -53  -53  -51  -59  -77  -77  -41   -8   -9  -239999899998
999989999899998999989999899998999989999899998999989999899998 -287
 -248 -226 -243 -227 -202 -166 -125  -92  -63  -28    0    7   -7
  -28  -52  -62  -59  -49  -25   -8   -7   -8   -9  -1899998
999989999899998999989999899998999989999899998999989999899998 -209
 -165 -156 -170 -196 -211 -211 -198 -156  -83  -36    1   26   27
   -7  -50  -72  -77  -67  -38  -13   -2    8   28   3999998
9999899998999989999899998999989999899998999989999899998 -224 -170
 -113  -88 -103 -174 -240 -274 -268 -202  -88  -20   10   41   61
   19  -23  -60  -88  -87  -68  -36   -3   40   74  10399998
99998999989999899998999989999899998999989999899998 -330 -239 -162
  -92  -49  -82 -192 -294 -331 -306 -204  -94  -12   19   31   35
   15    3  -27  -61  -76  -71  -57  -15   46   99  13199998
99998999989999899998999989999899998999989999899998 -341 -230 -142
  -81  -60 -102 -243 -360 -369 -303 -189  -78   -2    8  -11  -23
  -10    4    3    0  -24  -52  -72  -41   11   67  11199998
99998999989999899998999989999899998999989999899998 -343 -221 -127
  -79  -82 -140 -285 -402 -381 -289 -167  -52   10  -15  -55  -78
  -43   -8   31   54   43  -22  -76  -69  -34    89999899998
99998999989999899998999989999899998999989999899998 -337 -211 -116
  -84 -100 -178 -298 -417 -390 -276 -143  -38   16  -30  -92 -131
  -83  -29   47   98  100    7  -72  -96  -75  -46  -1599998
