tauX_total_08_2016_ano.22
   46   22    9   53   92  122   86    9  -87 -168 -205 -246 -261
 -145  -22   58 -199 -416 -558 -606 -511 -271 -104  -699999899998
999989999899998999989999899998999989999899998999989999899998
   28   13   -2   21   51   73    4  -82 -172 -233 -242 -235 -219
 -117    4   68 -180 -369 -473 -491 -392 -182  -15999989999899998
999989999899998999989999899998999989999899998999989999899998
   53   27   -3  -13   -4   16  -71 -150 -213 -246 -235 -200 -137
  -56   55  113 -100 -265 -336 -320 -194  -36   89999989999899998
999989999899998999989999899998999989999899998999989999899998
   97   42   -5  -41  -47  -46  -97 -139 -172 -168 -145  -85  -13
   38   90  129   -6 -137 -164  -96   14  12499998999989999899998
999989999899998999989999899998999989999899998999989999899998
  137   55   10  -26  -61  -67  -43  -34  -39  -37  -17   34   73
   96   98   56   10  -19   24   77  135  20599998999989999899998
999989999899998999989999899998999989999899998999989999899998
  129   68   29   -4  -12    6   76  100   98   94   92  104   96
   76   36   -2   28   49   98  146  178  19899998999989999899998
999989999899998999989999899998999989999899998999989999899998
   67   53   38   37   50   86  144  161  151  136  123  100   70
   29  -17  -49  -13   39   87  115  123  10899998999989999899998
999989999899998999989999899998999989999899998999989999899998
    6   29   27   44   77  114  133  129  115   97   73   42   30
   -2  -39  -57  -39    1   22   41   38   2999998999989999899998
999989999899998999989999899998999989999899998999989999899998
  -16    2    4   20   57  111  103   75   45   21   -1   -8  -14
  -31  -34  -17    2    3  -10   -4    2    599998999989999899998
999989999899998999989999899998999989999899998999989999899998
  -10  -33  -37  -24   36   96  105   75   11  -37  -38  -42  -70
  -74  -14   63   85   53   12  -14    6   26   59999989999899998
999989999899998999989999899998999989999899998999989999899998
   -2  -65  -83  -54   11   91  125   98   14  -38  -51  -93 -134
 -117  -24  103  135   95   32   -6   20   76  119  1289999899998
999989999899998999989999899998999989999899998999989999899998
99998  -76 -111  -64   14   93  121   78   -5  -55  -64 -130 -187
 -160  -48   98  147  121   45    5   39  102  134  125  10599998
999989999899998999989999899998999989999899998999989999899998
99998999989999899998   25   76   55  -14  -86 -122 -100 -145 -197
 -180  -80   48  115  103   34   -4   31   78   99   90   78   68
   43   20   15    0   11   83  174  272  380999989999899998
9999899998999989999899998   11  -60 -153 -211 -213 -167 -159 -181
 -181 -125  -24   37   28  -13  -35  -10   23   41   43   41   34
   26   14    0  -16  -15   35  102  182  262999989999899998
9999899998999989999899998  -93 -202 -298 -345 -309 -245 -187 -172
 -183 -161  -99  -61  -64  -72  -68  -55  -33  -17   -6   -5  -10
   -6   -1  -14  -25  -33   -4   40  102  162999989999899998
999989999899998999989999899998 -318 -394 -424 -388 -307 -222 -173
 -172 -169 -153 -137 -121 -106  -90  -83  -81  -63  -49  -43  -49
  -35  -18  -17  -27  -35  -28   -1   42   90999989999899998
9999899998999989999899998999989999899998 -473 -416 -324 -225 -171
 -157 -160 -156 -150 -121  -98  -87  -91  -86  -70  -54  -47  -57
  -51  -37  -18  -17  -23  -27  -11   16   35999989999899998
9999899998999989999899998999989999899998999989999899998 -205 -163
 -136 -123 -123  -96  -73  -58  -56  -56  -46  -27  -10  -10  -28
  -47  -51  -34  -13   -2    1    3    7    6   139999899998
999989999899998999989999899998999989999899998999989999899998 -139
 -101  -77  -75  -56  -44  -32  -27  -16   12   30   44   36    1
  -38  -59  -52  -24    7   19   15    5    1    9   1799998
999989999899998999989999899998999989999899998999989999899998 -101
  -66  -45  -41  -58  -48  -25   -7    5   43   74   84   55   11
  -43  -74  -66  -35    3   24   25    9   -1    3    999998
9999899998999989999899998999989999899998999989999899998 -131  -87
  -49  -33  -61  -92  -76  -30    6   48   82  106   86   52    0
  -59  -96  -84  -50  -12   14   27   16   -1    3    999998
99998999989999899998999989999899998999989999899998 -171 -106  -59
  -37  -63 -127 -153 -133  -52   54  116  146  147  101   33  -28
  -88 -108  -90  -72  -52  -28   -8   -2    5   21   3599998
99998999989999899998999989999899998999989999899998 -105  -44   -4
  -22  -90 -177 -221 -194  -53   97  182  210  186  118   28  -48
  -87  -93  -88  -83  -92  -97  -84  -50    1   44   7999998
99998999989999899998999989999899998999989999899998  -36   15   43
   -2  -93 -208 -263 -235  -45  143  252  256  216  135   29  -58
  -69  -64  -71  -88 -123 -154 -157  -94  -10   599999899998
99998999989999899998999989999899998999989999899998   15   56   74
   14  -85 -219 -296 -279  -44  188  291  267  229  140   33  -58
  -51  -30  -41  -78 -135 -182 -196 -112  -14   67  12799998
