tauX_total_02_2015_ano.22
 -240   37  142  119   19 -139 -241 -367 -640 -888-1101-1029 -872
 -583 -271  -78 -258 -479 -467 -322 -128 -100  -92 -1769999899998
999989999899998999989999899998999989999899998999989999899998
 -163    8   69   27  -73 -212 -319 -413 -595 -775 -929 -862 -712
 -410  -85   74 -125 -345 -434 -457 -339 -282 -238999989999899998
999989999899998999989999899998999989999899998999989999899998
 -103  -39  -22  -81 -174 -279 -343 -383 -451 -543 -639 -610 -458
 -125  192  291   63 -171 -381 -505 -510 -464 -423999989999899998
999989999899998999989999899998999989999899998999989999899998
  -48  -81  -99 -163 -227 -291 -282 -239 -218 -251 -294 -288 -162
  195  413  468  225  -21 -290 -483 -565 -55899998999989999899998
999989999899998999989999899998999989999899998999989999899998
  -12  -97 -137 -176 -213 -213 -108  -37   -5   -2  -11   13   70
  313  483  470  244   29 -194 -379 -472 -48699998999989999899998
999989999899998999989999899998999989999899998999989999899998
  -25  -85 -121 -113  -95  -45   46  118  150  137  100  102  128
  174  234  201   82  -55 -182 -278 -295 -30199998999989999899998
999989999899998999989999899998999989999899998999989999899998
  -84 -100  -94  -49    4   52  116  169  173  152  130  106  109
    8  -87 -119 -154 -204 -219 -183 -147 -12399998999989999899998
999989999899998999989999899998999989999899998999989999899998
 -183 -130  -86  -37   13   47   65   98  110  105   94   97  107
   38  -83 -193 -260 -268 -210 -128  -78  -3099998999989999899998
999989999899998999989999899998999989999899998999989999899998
 -261 -174 -118  -84  -58  -40  -32  -22   13   36   28   58   81
   72  -15 -124 -206 -237 -191 -120  -62   -799998999989999899998
999989999899998999989999899998999989999899998999989999899998
 -306 -240 -211 -197 -177 -149 -119 -114  -85  -82  -85  -47   -6
   35   24  -67 -144 -171 -142 -106  -52    2   42999989999899998
999989999899998999989999899998999989999899998999989999899998
 -328 -345 -357 -349 -308 -251 -192 -162 -182 -225 -249 -214 -139
  -56  -20  -63 -111 -115  -85  -40    0   39   69   889999899998
999989999899998999989999899998999989999899998999989999899998
99998 -454 -507 -491 -432 -341 -263 -205 -255 -327 -355 -328 -242
 -144  -97 -134 -141  -99  -27   33   58   78   93  107  11199998
999989999899998999989999899998999989999899998999989999899998
99998999989999899998 -545 -417 -294 -227 -259 -286 -279 -230 -151
 -115 -141 -192 -179 -112   -4   67   95   95   82   90  104  115
  118  109   96   91   94  111  133  151  161999989999899998
9999899998999989999899998 -466 -325 -239 -187 -170 -158  -89  -11
  -19 -112 -192 -187 -123  -14  103  170  144   90   58   68   83
  103  105   87   71   68   84  107  129  151999989999899998
9999899998999989999899998 -507 -330 -240 -159 -129 -121  -80   -9
    5  -71 -158 -167 -115    6  204  312  260  172   78   25   41
   67   83   69   53   49   64   82  106  134999989999899998
999989999899998999989999899998 -331 -235 -187 -183 -209 -184 -119
  -55  -57 -109 -136 -116   46  262  410  380  268  129   20   -6
   19   46   47   44   43   54   67   88  113999989999899998
9999899998999989999899998999989999899998 -202 -256 -336 -319 -248
 -134  -70  -85 -152 -156   13  206  361  388  311  170   24  -47
  -34  -10   12   37   52   55   59   71   84999989999899998
9999899998999989999899998999989999899998999989999899998 -443 -348
 -207 -106 -123 -206 -209  -78   83  220  280  256  137    0  -67
  -79  -73  -36   20   55   56   58   62   58   559999899998
999989999899998999989999899998999989999899998999989999899998 -350
 -208 -159 -227 -283 -255 -168  -38   70  115  117   41  -27  -53
  -88 -121 -109  -39   30   52   57   48   32   28   2799998
999989999899998999989999899998999989999899998999989999899998 -261
 -188 -221 -324 -351 -304 -219 -125  -57  -28  -36  -37   -8  -16
  -70 -153 -199 -171  -75    6   39   32   19   22   2099998
9999899998999989999899998999989999899998999989999899998 -209 -142
 -164 -232 -334 -349 -323 -247 -166 -127 -105 -108  -38   28   47
  -55 -183 -281 -317 -247 -109  -14   16   30   45   5099998
99998999989999899998999989999899998999989999899998  -81  -18  -34
 -109 -190 -250 -283 -300 -262 -218 -179 -161 -138  -44   59  110
  -20 -163 -307 -387 -363 -217  -82  -13   50   80   9699998
99998999989999899998999989999899998999989999899998  147   79   -8
  -84 -128 -159 -194 -239 -262 -274 -263 -244 -179  -70   59  139
   61  -57 -213 -327 -331 -239 -122  -31   42   91  12199998
99998999989999899998999989999899998999989999899998  334  103  -55
 -106 -124  -89 -106 -134 -237 -326 -367 -319 -237 -110   42  156
  155   83  -56 -173 -212 -175 -122  -48   24   759999899998
99998999989999899998999989999899998999989999899998  443   39 -189
 -229 -192  -62   11   25 -149 -375 -434 -364 -290 -130   38  169
  240  212   97  -12  -75  -89  -98  -60    0   42   7499998
