tauX_total_11_2015_ano.22
   76   85   59   22   21   52  196  265  261  225  157  -15 -167
 -235 -293 -341 -474 -582 -543 -451 -329 -223 -151 -1449999899998
999989999899998999989999899998999989999899998999989999899998
   24  -40  -74  -80  -53    8  127  193  180  141   72  -57 -175
 -262 -324 -382 -500 -573 -561 -500 -415 -330 -260999989999899998
999989999899998999989999899998999989999899998999989999899998
  -44 -148 -191 -171 -120  -34   46   93   64   24  -17  -94 -161
 -242 -312 -373 -446 -492 -516 -501 -446 -409 -379999989999899998
999989999899998999989999899998999989999899998999989999899998
 -118 -230 -275 -238 -164  -72  -46  -53  -98 -132 -123 -105 -102
 -160 -231 -299 -330 -358 -405 -418 -401 -41399998999989999899998
999989999899998999989999899998999989999899998999989999899998
 -169 -234 -279 -258 -182  -86 -137 -225 -300 -304 -225 -104  -31
  -45 -118 -199 -230 -254 -266 -271 -292 -30399998999989999899998
999989999899998999989999899998999989999899998999989999899998
 -189 -207 -231 -224 -175 -120 -225 -371 -453 -428 -303 -109   25
   39  -19 -120 -189 -231 -212 -180 -159 -14399998999989999899998
999989999899998999989999899998999989999899998999989999899998
 -185 -184 -194 -195 -167 -147 -282 -435 -522 -492 -355 -126   47
   71   16  -95 -225 -286 -237 -161  -81  -2499998999989999899998
999989999899998999989999899998999989999899998999989999899998
 -225 -230 -216 -196 -181 -174 -272 -406 -501 -483 -356 -126   13
   32   -7 -103 -254 -332 -265 -157  -68   1199998999989999899998
999989999899998999989999899998999989999899998999989999899998
 -350 -332 -298 -244 -197 -178 -205 -292 -379 -389 -299 -143  -56
  -33  -62 -133 -220 -287 -245 -167  -91  -2199998999989999899998
999989999899998999989999899998999989999899998999989999899998
 -521 -458 -390 -310 -228 -171 -146 -161 -223 -247 -194 -143 -119
 -112 -123 -150 -167 -168 -155 -137 -116  -82  -42999989999899998
999989999899998999989999899998999989999899998999989999899998
 -709 -586 -492 -380 -271 -190 -129 -102 -103  -80  -64 -116 -147
 -173 -183 -166 -118  -54  -57  -84 -110 -100  -58    99999899998
999989999899998999989999899998999989999899998999989999899998
99998 -665 -548 -413 -291 -215 -149 -116  -65   -5   30  -59 -131
 -186 -211 -185  -77    5    8  -30  -81  -87  -45   37  11299998
999989999899998999989999899998999989999899998999989999899998
99998999989999899998 -292 -230 -183 -151  -88   -4   54   22  -53
 -131 -173 -147  -51   17   39   -5  -75  -85  -69   -5   54   70
   30   -3    0   18   52   79   98   94   72999989999899998
9999899998999989999899998 -224 -199 -169 -119  -50    3   30    3
  -59 -103  -74  -16   27   32   -2  -85 -141 -168 -134  -86  -35
  -20  -24  -13   -2   24   50   66   69   66999989999899998
9999899998999989999899998 -205 -182 -174 -159 -132  -99  -69  -53
  -59  -53  -28   18   50   35  -25 -118 -251 -329 -321 -264 -197
 -119  -67  -40  -23   -2   19   30   38   49999989999899998
999989999899998999989999899998 -154 -168 -195 -217 -209 -182 -152
 -106  -43    6   50   79   57  -20 -143 -348 -441 -439 -400 -339
 -226 -130  -88  -46   -7    7    5   11   37999989999899998
9999899998999989999899998999989999899998 -212 -255 -280 -263 -217
 -131  -46   23   72   98   84   16 -100 -301 -384 -403 -385 -358
 -290 -204 -143  -64    1   21   21   25   32999989999899998
9999899998999989999899998999989999899998999989999899998 -300 -244
 -151  -60    1   54   80   74   35  -32 -137 -194 -230 -259 -281
 -280 -271 -196  -95   -3   39   50   47   54   929999899998
999989999899998999989999899998999989999899998999989999899998 -222
 -150  -78  -40   -1   18   13   -6  -49    4    3  -33  -88 -141
 -236 -306 -241 -133  -29   34   61   61   74  115  16799998
999989999899998999989999899998999989999899998999989999899998 -164
 -120  -91  -74  -65  -61  -74 -100 -128  -41   31   59   27  -48
 -196 -300 -268 -179  -75    5   42   51   80  138  19299998
9999899998999989999899998999989999899998999989999899998 -201 -144
 -105  -84  -95 -117 -134 -156 -192 -229 -171  -92  -28   -5  -43
 -164 -256 -270 -206 -110  -35    1   25   74  150  20699998
99998999989999899998999989999899998999989999899998 -278 -199 -137
  -86  -69  -95 -148 -197 -233 -268 -285 -277 -246 -197 -144 -130
 -145 -190 -216 -188 -118  -72  -45   -7   60  112  15899998
99998999989999899998999989999899998999989999899998 -241 -182 -126
  -72  -40  -77 -177 -248 -281 -281 -282 -299 -306 -293 -262 -202
 -156 -127 -128 -114  -87  -73  -59  -33  -13   21   5999998
99998999989999899998999989999899998999989999899998 -210 -172 -123
  -68  -32  -68 -220 -296 -276 -247 -229 -271 -305 -327 -313 -252
 -162  -90  -69  -56  -42  -42  -51  -68  -84  -949999899998
99998999989999899998999989999899998999989999899998 -191 -173 -135
  -89  -52  -83 -278 -348 -221 -154 -123 -193 -260 -321 -339 -286
 -162  -75  -42  -22  -11  -16  -31  -89 -139 -190 -24399998
