tauX_total_01_2016_ano.22
  483  324  200   99   79  102  109  126  245  352  462  381  264
  -13 -269 -448 -428 -386 -242  -98   24  -16  -52 -1179999899998
999989999899998999989999899998999989999899998999989999899998
  322  174   57    6   28  110  196  263  334  386  406  316  207
   15 -162 -282 -307 -294 -221 -155  -86  -98 -120999989999899998
999989999899998999989999899998999989999899998999989999899998
  188   24  -88 -103  -62   80  247  344  352  331  289  208  112
   34  -39  -87 -136 -156 -175 -170 -172 -182 -195999989999899998
999989999899998999989999899998999989999899998999989999899998
   91  -88 -204 -211 -129   18  226  330  267  187  120   59  -16
   22   81  111   44  -23 -107 -173 -205 -21699998999989999899998
999989999899998999989999899998999989999899998999989999899998
   62 -121 -223 -242 -167  -30  116  186   86  -11  -57  -59  -96
  -33  118  218  149   49  -46 -121 -154 -18499998999989999899998
999989999899998999989999899998999989999899998999989999899998
   64  -47 -131 -161 -110    0   28   -5 -103 -147 -131 -122 -119
  -84    3   92   94   45  -20  -72  -90 -11499998999989999899998
999989999899998999989999899998999989999899998999989999899998
   44    8  -39  -43   -9   40  -42 -155 -213 -208 -127  -96 -105
 -145 -120  -40    6    1  -43  -60  -59  -6599998999989999899998
999989999899998999989999899998999989999899998999989999899998
   -4    7  -11   -3   16   17 -120 -269 -292 -216  -94  -58  -82
 -153 -178 -113  -52  -42  -76  -87  -58  -3499998999989999899998
999989999899998999989999899998999989999899998999989999899998
  -75  -66  -74  -75  -79  -85 -204 -360 -368 -239  -66  -43  -86
 -169 -203 -145  -86  -87 -126 -124  -77  -2799998999989999899998
999989999899998999989999899998999989999899998999989999899998
 -181 -200 -230 -263 -247 -216 -284 -385 -396 -244  -68  -42  -91
 -169 -203 -144 -115 -122 -145 -133  -87  -24   21999989999899998
999989999899998999989999899998999989999899998999989999899998
 -317 -402 -458 -471 -422 -347 -305 -322 -314 -199  -67  -38  -88
 -157 -170 -131 -124 -124 -121 -108  -64  -13   23   169999899998
999989999899998999989999899998999989999899998999989999899998
99998 -577 -636 -602 -517 -400 -278 -213 -183 -123  -60  -54  -78
 -118 -150 -144 -123 -111  -94  -60  -21    8   11   -3  -1699998
999989999899998999989999899998999989999899998999989999899998
99998999989999899998 -561 -405 -257 -165 -136 -121  -89  -65  -79
 -109 -137 -140 -116  -81  -38    7   32   25  -12  -33  -36  -24
  -30  -42  -43  -32  -13    7   21   18   12999989999899998
9999899998999989999899998 -392 -251 -172 -156 -148 -114  -82  -82
 -106 -122 -134  -94  -37   18   69   85   23  -28  -52  -53  -33
  -21  -14  -12   -8    2   14   21   17   12999989999899998
9999899998999989999899998 -393 -254 -205 -188 -150 -119 -100  -87
  -99 -126 -141  -90  -40   13   46   15  -48  -74  -63  -62  -37
   -2   23   30   30   27   26   23   17    1999989999899998
999989999899998999989999899998 -292 -239 -182 -142 -120  -93  -84
  -94 -118 -134 -113  -86  -65 -104 -156 -183 -162  -85  -34  -24
   22   56   74   73   58   38   25   11   -7999989999899998
9999899998999989999899998999989999899998 -160 -126  -90  -75  -79
  -94 -110 -126 -136 -146 -205 -287 -343 -313 -212  -76   20   35
   46   73   97  101   79   42   20    1  -17999989999899998
9999899998999989999899998999989999899998999989999899998  -74  -86
 -101 -110 -115 -149 -191 -320 -456 -521 -413 -216  -25   93  101
   75   70   91   99   76   33   10   -2  -10  -179999899998
999989999899998999989999899998999989999899998999989999899998 -111
 -104  -97  -91 -140 -197 -334 -508 -583 -383 -159   41  174  154
   89   57   72   74   47    5   -9   -3    7   26   3999998
999989999899998999989999899998999989999899998999989999899998 -141
 -105  -66  -57  -77 -122 -215 -347 -410 -262  -72  108  195  157
   81   39   45   38    9  -27  -45  -20   29   75  11199998
9999899998999989999899998999989999899998999989999899998 -209 -158
 -102  -57  -36  -24  -49 -102 -173 -231 -159  -20  114  149  113
   47   12    6    2   -7  -42  -78  -51   19   99  16399998
99998999989999899998999989999899998999989999899998 -280 -209 -159
 -108  -52  -27  -12  -29  -78 -147 -195 -170  -83   15   56   31
  -12  -38  -39  -34  -31  -65  -99  -77  -19   51  12199998
99998999989999899998999989999899998999989999899998 -229 -187 -140
  -94  -42  -26  -21  -55 -138 -234 -292 -283 -223 -131  -60  -53
  -89 -105  -90  -70  -51  -79 -104 -103  -82  -32   2299998
99998999989999899998999989999899998999989999899998 -149 -132  -97
  -55  -21  -29  -55 -104 -275 -384 -442 -427 -356 -263 -177 -132
 -171 -186 -149 -108  -73  -80 -100 -137 -150 -1429999899998
99998999989999899998999989999899998999989999899998  -79  -79  -54
  -23  -13  -72 -125 -157 -439 -559 -596 -528 -452 -359 -241 -165
 -219 -260 -209 -141  -86  -57  -73 -157 -207 -225 -24799998
