tauX_total_11_2016_ano.22
 -126  -23    8  -20  -73 -150 -261 -370 -514 -655 -809-1028-1141
-1043 -871 -660 -503 -386 -318 -266 -177  -98  -57  -609999899998
999989999899998999989999899998999989999899998999989999899998
  -87  -34  -20  -39  -73 -125 -190 -285 -422 -539 -642 -809 -905
 -838 -665 -457 -332 -244 -228 -190 -127  -71  -43999989999899998
999989999899998999989999899998999989999899998999989999899998
  -38  -38  -42  -48  -61  -84 -124 -191 -287 -350 -400 -479 -542
 -492 -361 -166  -87  -65  -93  -99  -65  -33  -17999989999899998
999989999899998999989999899998999989999899998999989999899998
    6  -40  -57  -49  -35  -34  -65 -120 -156 -173 -145 -138 -182
 -167  -72   81  120   75   12  -35  -39  -2699998999989999899998
999989999899998999989999899998999989999899998999989999899998
   31  -27  -51  -36  -10   33  -21 -101 -110  -44   54   81   46
    8   30  126  165  134   44  -39  -79  -8899998999989999899998
999989999899998999989999899998999989999899998999989999899998
  -24  -52  -52  -11   47   90   -3 -108 -103  -15  136  166  119
   22  -24   23   92   92   -6  -98 -152 -18899998999989999899998
999989999899998999989999899998999989999899998999989999899998
 -162 -121  -78   -4   74  102  -12 -126 -136  -31  138  164  125
    4  -87  -87  -40   -9  -85 -161 -217 -26399998999989999899998
999989999899998999989999899998999989999899998999989999899998
 -285 -182  -94   -4   55   63  -41 -143 -150  -46  118  180  158
   35  -66 -117 -127 -115 -150 -180 -221 -25799998999989999899998
999989999899998999989999899998999989999899998999989999899998
 -327 -194  -87   -8   34   31  -60 -130 -109   -4  125  234  228
  115   -7  -88 -145 -184 -167 -157 -163 -17699998999989999899998
999989999899998999989999899998999989999899998999989999899998
 -306 -176  -78  -21   13    2  -46  -80  -38   57  174  267  243
  133   16  -79 -147 -198 -161 -115  -93  -96  -93999989999899998
999989999899998999989999899998999989999899998999989999899998
 -262 -159  -87  -40  -27  -37  -26  -27   31  139  237  256  200
   88  -32 -116 -159 -165 -127  -73  -45  -38  -44  -549999899998
999989999899998999989999899998999989999899998999989999899998
99998 -152 -112  -73  -80  -75  -50  -10   69  182  260  226  140
   16  -97 -145 -143  -93  -63  -29   -9   -6  -16  -27  -2299998
999989999899998999989999899998999989999899998999989999899998
99998999989999899998 -141 -119  -87  -41   37  146  242  188   91
  -33 -127 -140  -88  -29   -2   13   18   11  -17  -35  -27   -1
   16    0  -27  -65  -92 -103 -110 -105  -96999989999899998
9999899998999989999899998 -177 -149 -112  -39   51  114  108   46
  -43 -112 -113  -50   -2   36   52   53   15  -40  -71  -73  -44
  -23  -17  -41  -75  -99 -119 -127 -126 -115999989999899998
9999899998999989999899998 -214 -173 -147 -113  -93  -84  -70  -77
 -100 -134 -133  -91  -38   25   67   64   -7  -86 -133 -142 -114
  -72  -47  -58  -76  -89 -105 -113 -113 -104999989999899998
999989999899998999989999899998 -133 -123 -167 -222 -276 -285 -261
 -228 -208 -211 -178 -103  -14   53   49  -42 -131 -186 -198 -172
 -121  -82  -70  -62  -61  -63  -66  -65  -65999989999899998
9999899998999989999899998999989999899998 -167 -292 -411 -449 -408
 -336 -284 -285 -251 -163  -55    7    8  -74 -149 -196 -213 -201
 -152 -120  -86  -58  -37  -26  -22  -18  -19999989999899998
9999899998999989999899998999989999899998999989999899998 -511 -443
 -353 -307 -333 -302 -208  -89  -24  -29  -82 -116 -140 -165 -181
 -170 -155 -123  -83  -49  -22   -3    4    4   149999899998
999989999899998999989999899998999989999899998999989999899998 -373
 -273 -283 -359 -340 -255 -138  -59  -55  -61  -52  -46  -60  -87
 -141 -160 -152 -122  -94  -55  -21   -3    9   18   2799998
999989999899998999989999899998999989999899998999989999899998 -236
 -190 -224 -322 -366 -304 -194 -121  -98  -41   15   60   75   55
  -20  -89 -125 -128 -110  -78  -36   -5   23   35   3599998
9999899998999989999899998999989999899998999989999899998 -274 -164
 -131 -171 -279 -363 -361 -275 -197 -148  -41   53  136  191  191
  126   40  -28  -75  -82  -54  -26    0   37   56   5899998
99998999989999899998999989999899998999989999899998 -444 -259 -136
  -79 -103 -226 -352 -405 -338 -258 -196  -75   29  137  202  213
  178  136   91   25  -15  -17  -11   10   27   25   2799998
99998999989999899998999989999899998999989999899998 -375 -224 -111
  -38  -39 -151 -320 -412 -358 -279 -218 -136  -48   33   69   86
  107  126  125  101   51   14  -11  -16  -36  -56  -6599998
99998999989999899998999989999899998999989999899998 -294 -191  -97
  -23   -5  -96 -290 -384 -339 -289 -228 -180 -127 -108  -96  -88
  -22   45   91  105   81   18  -37  -84 -132 -1749999899998
99998999989999899998999989999899998999989999899998 -216 -175 -101
  -46  -42 -116 -250 -366 -333 -279 -214 -184 -155 -198 -222 -222
 -140  -59   25   81   76    1  -69 -152 -228 -291 -34599998
