tauX_total_07_2017_ano.22
 -131 -112 -138 -141 -136 -125 -158 -250 -429 -559 -633 -479 -325
 -153  -13   46 -243 -473 -448 -339 -239 -156 -103  -939999899998
999989999899998999989999899998999989999899998999989999899998
 -113 -148 -201 -221 -208 -190 -226 -298 -433 -550 -595 -473 -327
 -184  -68  -70 -275 -408 -377 -298 -204 -144 -108999989999899998
999989999899998999989999899998999989999899998999989999899998
  -63 -173 -256 -292 -300 -270 -288 -325 -416 -505 -541 -457 -330
 -223 -142 -157 -265 -319 -278 -206 -135 -101  -79999989999899998
999989999899998999989999899998999989999899998999989999899998
  -14 -174 -281 -339 -356 -322 -307 -313 -373 -427 -458 -427 -341
 -256 -220 -214 -220 -213 -167 -114  -61  -3799998999989999899998
999989999899998999989999899998999989999899998999989999899998
   17 -143 -256 -321 -338 -296 -242 -231 -285 -330 -350 -345 -320
 -280 -235 -193 -145 -114  -76  -29   14   5599998999989999899998
999989999899998999989999899998999989999899998999989999899998
   59  -58 -162 -232 -219 -169 -109  -93 -143 -201 -235 -261 -267
 -240 -193 -152 -105  -73  -43   -6   41   9199998999989999899998
999989999899998999989999899998999989999899998999989999899998
  141   72  -17  -72  -84  -23   35   36   -6  -57 -110 -169 -202
 -187 -156 -121 -110 -104  -89  -47   11   9399998999989999899998
999989999899998999989999899998999989999899998999989999899998
  222  163   99   63   48   64   96  108   84   31  -34  -97 -139
 -137 -121 -105 -123 -138 -120  -74   -5   9199998999989999899998
999989999899998999989999899998999989999899998999989999899998
  267  205  161  129  109   95  112  119   96   55    8  -40  -74
  -80  -74  -70 -102 -119  -98  -42   33  11599998999989999899998
999989999899998999989999899998999989999899998999989999899998
  249  206  165  123   98   93   92   85   61   41   21   -7  -14
  -15  -12  -10  -38  -48  -32   18   84  153  229999989999899998
999989999899998999989999899998999989999899998999989999899998
  157  131  100   73   63   69   57   40   21   10    5   13   36
   55   72   70   71   61   64   87  130  181  203  2249999899998
999989999899998999989999899998999989999899998999989999899998
99998   17    6   16   43   52   40   14   -8  -19  -18   33   85
  131  149  145  150  135  127  131  150  166  171  183  18999998
999989999899998999989999899998999989999899998999989999899998
99998999989999899998   28   37   19   -9  -47  -75  -66   15   93
  153  171  152  125  103   95   94  112  120  131  136  124  102
  127  148  133   76    6  -16   -1   96  231999989999899998
9999899998999989999899998   -3  -20  -46  -94 -139 -161  -88    9
   82   98   73   18  -11   -5    8   14   50   78   82   59   38
   47   61   54   18  -28  -33    1   78  171999989999899998
9999899998999989999899998  -39  -31  -68 -132 -204 -245 -215 -133
  -60  -20  -33  -70  -98  -95  -88  -71  -45   -9    0  -11  -33
  -40  -25  -21  -36  -60  -52   -6   51  106999989999899998
999989999899998999989999899998  -20  -66 -159 -248 -312 -310 -250
 -173 -119 -107 -123 -134 -140 -145 -147 -137 -117 -104  -96  -96
  -99  -79  -59  -59  -88  -70  -22   28   59999989999899998
9999899998999989999899998999989999899998 -160 -271 -354 -364 -323
 -240 -167 -131 -115 -104 -124 -148 -166 -179 -180 -166 -140 -119
  -82  -62  -43  -58  -82  -82  -50   -1   39999989999899998
9999899998999989999899998999989999899998999989999899998 -376 -351
 -274 -195 -138  -88  -56  -63  -95 -119 -134 -131 -110  -82  -77
  -39   -6   -8  -34  -62  -69  -55  -14   39   799999899998
999989999899998999989999899998999989999899998999989999899998 -342
 -277 -213 -161  -86  -41  -20  -31  -34  -34  -16    9   16    6
   18   23    1  -16  -35  -39  -26    9   53   96  13499998
999989999899998999989999899998999989999899998999989999899998 -320
 -270 -221 -170 -122  -88  -57  -19   14   59   91  113  107   96
   68   35   11   -2   -2   16   21   35   66  102  12499998
9999899998999989999899998999989999899998999989999899998 -402 -337
 -273 -212 -166 -148 -136 -110  -60    3   79  118  131  145  162
  112   59   41   27   37   43   44   36   34   43   6899998
99998999989999899998999989999899998999989999899998 -538 -438 -363
 -282 -203 -164 -160 -169 -151 -111  -43   15   53   81  119  160
  131   88   67   57   66   55   33   -7  -41  -37  -1999998
99998999989999899998999989999899998999989999899998 -510 -429 -359
 -278 -219 -178 -195 -217 -203 -164 -107  -67  -38   -2   50  111
  132  125   90   83   88   56    3  -70 -107  -95  -8199998
99998999989999899998999989999899998999989999899998 -429 -387 -336
 -278 -229 -210 -248 -272 -261 -222 -161 -130 -107  -80  -26   60
  133  156  125  103   93   50  -28 -104 -132 -1259999899998
99998999989999899998999989999899998999989999899998 -318 -330 -300
 -280 -262 -271 -307 -336 -335 -287 -201 -163 -141 -123  -72   30
  148  186  155  131  116   60  -29  -89 -121 -116 -10199998
