tauX_total_05_2014_ano.22
 -104  -21   30  110  183  227  201  137   53  -28  -93 -100 -162
 -219 -246 -238 -211 -190 -160 -142 -154 -165 -177 -1819999899998
999989999899998999989999899998999989999899998999989999899998
 -136  -87  -50   14   83  130   93   36  -44 -109 -154 -210 -282
 -351 -372 -350 -275 -205 -166 -146 -157 -171 -184999989999899998
999989999899998999989999899998999989999899998999989999899998
 -137 -129 -120  -81  -28   24  -12  -69 -132 -162 -168 -263 -352
 -438 -482 -434 -307 -180 -128 -107 -114 -149 -179999989999899998
999989999899998999989999899998999989999899998999989999899998
 -101 -145 -167 -155 -115  -72 -107 -160 -191 -181 -146 -240 -325
 -428 -476 -452 -283 -124  -55  -32  -54  -9799998999989999899998
999989999899998999989999899998999989999899998999989999899998
  -16  -93 -146 -161 -127  -79 -111 -186 -219 -169  -76  -91 -151
 -258 -326 -316 -169  -24   37   52   15  -3599998999989999899998
999989999899998999989999899998999989999899998999989999899998
   83    5  -57  -80  -51   -6  -71 -149 -183 -142  -24   64   67
  -21 -102 -123  -39   46  105  101   60    599998999989999899998
999989999899998999989999899998999989999899998999989999899998
  146   82   23   13   10  -15  -98 -146 -141 -104    1  152  208
  140   47    0   10   42   91  104   72   2399998999989999899998
999989999899998999989999899998999989999899998999989999899998
  168  126   80   40  -53 -131 -203 -211 -141  -46   21  139  190
  139   56  -22  -41  -15   38   72   60   3599998999989999899998
999989999899998999989999899998999989999899998999989999899998
  150  142   93  -21 -155 -252 -275 -232 -113   19   87  100   92
   38  -38 -102 -107  -66   -4   41   55   5099998999989999899998
999989999899998999989999899998999989999899998999989999899998
   98   87   33 -120 -251 -345 -301 -205  -61   75  133   64  -12
  -73 -137 -174 -154  -89  -19   32   52   61   92999989999899998
999989999899998999989999899998999989999899998999989999899998
   22  -18  -78 -199 -322 -386 -283 -157   -9  116  133   34  -69
 -121 -168 -187 -148  -84  -15   36   57   90  133  1699999899998
999989999899998999989999899998999989999899998999989999899998
99998 -133 -188 -227 -314 -339 -248 -114   21   95   80   20  -47
  -84 -119 -140 -106  -35   29   64   71  104  150  177  17499998
999989999899998999989999899998999989999899998999989999899998
99998999989999899998 -287 -281 -216 -104  -20    2    8    5   19
    0  -48  -88  -48   34  106  117   59   58  110  160  147  101
   32   -3   10   26   33   58   80   95  107999989999899998
9999899998999989999899998 -293 -238 -153  -96  -66  -64    5   80
   85   30  -31    9  100  168  129   17  -43  -10   75  108   64
   19    2   17   27   32   36   48   56   60999989999899998
9999899998999989999899998 -389 -237 -137  -72  -49  -60   -4   74
  108   66  -15   32  111  149   81  -66 -169 -165  -43   25   -1
  -22  -11   14   29   26   21   19   20   14999989999899998
999989999899998999989999899998 -156  -13   48   25  -40  -31   33
   93   63  -43  -24   38   51  -19 -147 -250 -267 -163  -82  -94
  -74  -38    2   24   11   -3   -2    6   -5999989999899998
9999899998999989999899998999989999899998  182   88  -32  -47   12
   77   53  -61 -134 -121 -106 -121 -184 -223 -206 -160 -137 -171
 -146  -89  -28  -12  -23  -24  -11    4   -2999989999899998
9999899998999989999899998999989999899998999989999899998  -59   16
   82   63  -52 -218 -278 -235 -201 -177 -131  -68  -70 -136 -212
 -197 -149  -88  -56  -66  -54  -17    6    1  -229999899998
999989999899998999989999899998999989999899998999989999899998   25
   90   82  -27 -215 -332 -300 -217 -132  -20   64   18  -94 -140
 -150 -144 -125 -101 -118  -82  -30    7   18    5  -2299998
999989999899998999989999899998999989999899998999989999899998   19
   76   80   14 -137 -260 -260 -199 -104   12   92   64   29   12
   -6  -28  -65 -115 -134 -105  -29   39   71   60   4199998
9999899998999989999899998999989999899998999989999899998  -68   -6
   48   76   59  -31 -113 -169 -167 -129  -62    4   72  136  177
  155  108   30  -69 -115  -68   13   93  151  153  13199998
99998999989999899998999989999899998999989999899998  -97  -76  -27
   33   85  100   91   36  -68 -163 -185 -184 -150   17  185  263
  254  190   93  -23 -106  -51   38  132  170  180  17599998
99998999989999899998999989999899998999989999899998  -76  -42   -5
   51  110  154  183  144    1 -142 -237 -261 -227  -58  122  214
  204  151   47  -91 -157  -92   -6   76  129  134  13299998
99998999989999899998999989999899998999989999899998  -58  -15   29
   84  139  188  225  203   42 -146 -274 -297 -253 -146   -2   75
   64   11  -96 -206 -245 -177  -85   -7   44   469999899998
99998999989999899998999989999899998999989999899998  -59   -7   42
   93  145  196  220  211   61 -160 -312 -318 -253 -177 -106  -62
  -80 -134 -230 -289 -336 -269 -170  -86  -34  -32  -7699998
