tauX_total_01_2017_ano.22
  -60  362  538  498  389  208  106   26   65   88   75   71   82
  146  193  153  -45 -218 -155  -35  107   65   22  -929999899998
999989999899998999989999899998999989999899998999989999899998
    6  295  436  413  320  164   78   11    0    6   -8   -2   13
   70  112   86 -113 -251 -219 -144  -61  -76  -93999989999899998
999989999899998999989999899998999989999899998999989999899998
   53  201  285  280  217  101   17  -36  -55  -55  -87  -75  -48
   -6   12  -13 -161 -254 -261 -221 -174 -199 -232999989999899998
999989999899998999989999899998999989999899998999989999899998
   81   86  120  135  102   40  -26  -39  -59  -92 -118 -109  -76
  -77 -100 -159 -193 -233 -261 -251 -224 -25899998999989999899998
999989999899998999989999899998999989999899998999989999899998
   65  -14  -14    8   19   22    2  -14  -51  -82  -66  -41  -37
 -101 -176 -279 -228 -217 -217 -203 -215 -25399998999989999899998
999989999899998999989999899998999989999899998999989999899998
   14  -26  -49  -29   23   74   56    4  -30  -15   41   75   62
  -42 -192 -267 -236 -215 -190 -171 -172 -20599998999989999899998
999989999899998999989999899998999989999899998999989999899998
  -31  -29  -33    0   52  103   69    6  -18   25  121  156  124
   -8 -131 -184 -213 -218 -203 -177 -153 -15799998999989999899998
999989999899998999989999899998999989999899998999989999899998
  -71  -48  -30    7   52   86   45  -13  -17   37  139  176  150
   46  -41  -97 -165 -207 -215 -196 -158 -11799998999989999899998
999989999899998999989999899998999989999899998999989999899998
 -100  -67  -43  -12   19   43    1  -43  -27   40  124  169  155
   90   22  -20  -87 -158 -199 -201 -153 -10199998999989999899998
999989999899998999989999899998999989999899998999989999899998
 -133 -103  -76  -55  -30  -21  -37  -61  -47   17   93  133  114
   68   26   14  -43  -94 -135 -146 -127  -91  -56999989999899998
999989999899998999989999899998999989999899998999989999899998
 -176 -153 -128 -107  -98  -86  -79  -84  -68  -24   31   53   30
   -7  -14  -26  -36  -37  -47  -58  -57  -50  -19    99999899998
999989999899998999989999899998999989999899998999989999899998
99998 -199 -180 -157 -131 -117 -106  -99  -84  -49  -14  -10  -20
  -51  -81  -99  -62  -21   10   27   24   18   20   48   7399998
999989999899998999989999899998999989999899998999989999899998
99998999989999899998 -143 -124 -117 -118 -112  -78  -29  -11  -22
  -74 -134 -158 -111  -47   21   66   61   51   32   47   48   45
   61   76   96   85   61   70   95  147  198999989999899998
9999899998999989999899998 -110 -127 -130 -115  -87  -58  -23  -26
  -86 -158 -192 -150  -92  -25   33   45   30   16   10   -2   -9
    7   31   42   37   26   29   54   94  138999989999899998
9999899998999989999899998  -77  -94 -103  -99  -92  -85  -71  -76
 -121 -164 -185 -173 -135  -84  -36  -13  -18  -12  -30  -50  -71
  -56  -22   -6    2   -1    5   28   59   85999989999899998
999989999899998999989999899998  -34  -56  -78 -102 -126 -155 -176
 -184 -183 -161 -161 -135  -98  -68  -51  -29  -15  -35  -75 -107
 -105  -73  -37  -12  -11    0   16   33   38999989999899998
9999899998999989999899998999989999899998  -59 -114 -183 -256 -290
 -263 -206 -139  -93  -59  -45  -44  -39  -15    5   -4  -57 -108
 -116  -96  -46   -5   13   11   14   15   11999989999899998
9999899998999989999899998999989999899998999989999899998 -335 -370
 -323 -229 -137  -41   22   25  -15  -35  -16   12   21   -9  -72
 -107 -100  -52    3   37   29   22   10    1    59999899998
999989999899998999989999899998999989999899998999989999899998 -366
 -311 -236 -166  -65   10   10  -11   -5   14   27   29   29  -18
  -70  -95  -79  -37    2    7   -6   -7    1   19   3199998
999989999899998999989999899998999989999899998999989999899998 -294
 -256 -232 -210 -156 -105  -68   -2   40   71   67   56   35   33
  -18  -67  -90  -98  -85  -69  -59  -27   -1   17   3499998
9999899998999989999899998999989999899998999989999899998 -295 -244
 -217 -215 -241 -263 -253 -147  -34   45   70   73   64   46   45
   23  -13  -62 -108 -131 -115  -70  -29   -3    6   1299998
99998999989999899998999989999899998999989999899998 -416 -304 -218
 -175 -179 -253 -354 -390 -254 -124  -22   13   36   42   41   34
   32   22  -29  -90 -118  -99  -49  -16   -3  -12  -2899998
99998999989999899998999989999899998999989999899998 -411 -291 -187
 -123 -114 -205 -398 -492 -384 -255 -155  -94  -42  -16  -12    2
   13   12  -23  -60  -85  -51   -7   16   15  -13  -5599998
99998999989999899998999989999899998999989999899998 -382 -259 -149
  -66  -34 -110 -357 -539 -527 -427 -336 -221 -142  -99  -67  -32
  -19  -20  -32  -47  -53   -4   38   58   47    69999899998
99998999989999899998999989999899998999989999899998 -348 -227 -116
  -25   31  -13 -196 -474 -614 -607 -511 -335 -230 -162  -84  -59
  -51  -66  -57  -46  -29   31   82  104   86   36  -3999998
