tauX_total_07_2016_ano.22
  167   77   25  -34  -86 -140 -143 -127  -80  -78  -96 -218 -292
 -301 -262 -206  -48   66   75   38  -11  -48  -72  -749999899998
999989999899998999989999899998999989999899998999989999899998
   15  -23  -58 -100 -127 -141 -118 -103 -108 -116 -149 -249 -316
 -311 -250 -149  -18   63   37  -11  -61  -86 -108999989999899998
999989999899998999989999899998999989999899998999989999899998
  -83  -98 -110 -127 -133 -107  -68  -73 -133 -158 -179 -231 -281
 -261 -203  -41   33   62    1  -38  -68  -93 -116999989999899998
999989999899998999989999899998999989999899998999989999899998
 -118 -120 -117 -103  -60  -24  -17  -61 -151 -207 -203 -172 -149
  -96   20   85   43   26    9  -16  -22  -3899998999989999899998
999989999899998999989999899998999989999899998999989999899998
 -117 -112  -86  -20   49   92   28  -78 -174 -228 -199  -60   96
  208  237  127    2  -29   16   51   59   8199998999989999899998
999989999899998999989999899998999989999899998999989999899998
 -160 -134  -76   38  131  176   52  -89 -202 -241 -172   40  276
  344  271  113  -19  -58    8   72  113  16899998999989999899998
999989999899998999989999899998999989999899998999989999899998
 -303 -219 -127   14  143  195   60  -98 -224 -258 -151   94  268
  254  177   79  -22  -71  -13   64  127  19299998999989999899998
999989999899998999989999899998999989999899998999989999899998
 -449 -308 -180  -34   98  159   63  -96 -220 -218 -104   50  122
   94   42  -14  -41  -70  -27   47  106  16399998999989999899998
999989999899998999989999899998999989999899998999989999899998
 -463 -312 -169  -39   67  107   53  -72 -149 -128  -48  -21  -27
  -53  -81  -74  -56  -34  -14   29   70   9599998999989999899998
999989999899998999989999899998999989999899998999989999899998
 -380 -245 -118  -14   58   65   21  -52  -83  -66  -23  -95 -150
 -173 -144  -83  -18   24    9    8   49   66   72999989999899998
999989999899998999989999899998999989999899998999989999899998
 -271 -156  -54   21   39   15  -26  -66  -68  -32   -8  -98 -178
 -203 -137  -35   23   32   -9  -16   34   78   90   659999899998
999989999899998999989999899998999989999899998999989999899998
99998  -72  -12   24   -9  -45  -83 -102  -76  -19   10  -17  -89
 -116  -83    1   18  -18  -47  -39   24   93  120   92   5399998
999989999899998999989999899998999989999899998999989999899998
99998999989999899998  -64 -105 -133 -135  -98  -36   22   55   15
  -37  -48  -15  -47  -85  -87  -53   24  107  143  118   63    4
  -30  -40  -17  -21  -33   -1   58  147  245999989999899998
9999899998999989999899998 -187 -186 -171 -122  -68  -45  -26  -25
  -63 -103 -113 -125 -131 -106  -45   29  107  143  116   55   -9
  -45  -43  -31  -37  -51  -29   25  102  183999989999899998
9999899998999989999899998 -228 -186 -157 -135 -145 -177 -200 -190
 -190 -193 -184 -158 -132  -92  -32   26   76   98   77   18  -45
  -66  -57  -44  -43  -60  -42    1   67  128999989999899998
999989999899998999989999899998 -122 -107 -160 -245 -328 -379 -363
 -295 -235 -200 -143  -94  -55  -15   18   41   54   31  -14  -63
  -74  -68  -57  -50  -57  -44  -11   38   75999989999899998
9999899998999989999899998999989999899998 -165 -309 -437 -489 -452
 -332 -214 -141  -94  -55  -33  -17    5   29   45   31   -3  -41
  -63  -68  -54  -49  -47  -27   -7   17   35999989999899998
9999899998999989999899998999989999899998999989999899998 -510 -437
 -293 -150  -77  -52  -45  -39  -35  -10   29   48   41   27    6
  -27  -34  -27  -14   -4    2   16   17    9   129999899998
999989999899998999989999899998999989999899998999989999899998 -315
 -196  -93  -51  -53  -71  -74  -66  -47  -15    1   10    3   -6
  -16  -19   -4    2    6    6   10    7   -1    7   2099998
999989999899998999989999899998999989999899998999989999899998 -140
  -86  -55  -40  -69 -112 -135 -142 -135 -116 -113 -101 -101  -92
  -70  -46  -16   -9   -5   -7  -12   -5    6   14   2799998
9999899998999989999899998999989999899998999989999899998 -108  -70
  -36  -23  -43 -101 -154 -200 -236 -254 -263 -263 -260 -242 -221
 -161  -87  -38   -6    2    0    5   15   30   30   3199998
99998999989999899998999989999899998999989999899998 -142  -95  -56
  -32  -18  -65 -128 -184 -243 -279 -290 -320 -352 -382 -360 -318
 -224 -105  -21   20    0   -7   28   70   62   37    599998
99998999989999899998999989999899998999989999899998  -97  -52  -20
   -7  -29  -66 -146 -205 -226 -207 -216 -269 -328 -379 -400 -362
 -233 -100  -10   -8  -64  -49   -1   64   71   13  -4399998
99998999989999899998999989999899998999989999899998  -21    4   26
   32   10  -43 -140 -186 -109  -70  -68 -143 -234 -315 -366 -347
 -210  -76  -26  -62 -152 -129  -71    3   19  -479999899998
99998999989999899998999989999899998999989999899998   56   54   62
   57   50  -19  -82 -136   42  103  127  -20 -153 -266 -338 -338
 -192  -50  -43 -121 -246 -237 -170  -75  -62 -124 -24799998
