tauX_total_08_2017_ano.22
  -16  -53 -105  -99  -75  -22   42   62    5  -64 -135  -91  -47
  -66  -93 -162 -297 -404 -293  -94  116    8  -96 -2579999899998
999989999899998999989999899998999989999899998999989999899998
  -21 -105 -167 -188 -175 -137  -72  -36  -77 -130 -180 -113  -61
  -31  -26  -59 -190 -315 -273 -146    5  -51 -126999989999899998
999989999899998999989999899998999989999899998999989999899998
  -21 -136 -213 -265 -283 -252 -193 -139 -150 -190 -224 -156  -88
   -7   36   34 -107 -246 -266 -208 -116 -111 -146999989999899998
999989999899998999989999899998999989999899998999989999899998
  -35 -156 -236 -305 -350 -336 -277 -218 -204 -211 -241 -209 -148
  -26   62   80  -45 -172 -249 -255 -197 -15499998999989999899998
999989999899998999989999899998999989999899998999989999899998
  -82 -168 -224 -281 -315 -314 -258 -211 -195 -179 -194 -242 -231
 -108   -9   55  -16 -116 -210 -251 -212 -15099998999989999899998
999989999899998999989999899998999989999899998999989999899998
 -135 -151 -169 -187 -180 -164 -139 -122 -114 -110  -99 -209 -281
 -207  -95   -1   -8  -68 -157 -198 -166 -11799998999989999899998
999989999899998999989999899998999989999899998999989999899998
 -152 -111  -92  -66  -28   13   14    3   -4    3   14 -122 -227
 -206 -120  -10   38   15  -60  -92  -85  -4999998999989999899998
999989999899998999989999899998999989999899998999989999899998
 -125  -69  -26   35   98  149  140  115   98  101  102   15  -79
  -94  -29   81  153  152   88   39   31   2899998999989999899998
999989999899998999989999899998999989999899998999989999899998
  -60  -17   17   82  162  217  209  173  148  128  140   97   30
   25   87  184  251  267  215  150  116  10199998999989999899998
999989999899998999989999899998999989999899998999989999899998
  -14   -9   12   62  121  175  187  148  112   99  126  120   76
   81  143  240  309  322  279  218  174  167  195999989999899998
999989999899998999989999899998999989999899998999989999899998
  -28  -49  -43  -14   28   84   89   74   42   50   80  104   84
   78  126  203  279  303  283  233  189  191  228  3129999899998
999989999899998999989999899998999989999899998999989999899998
99998 -117 -114  -91  -43    2   14   19    6   17   49   59   62
   35   44   88  151  199  209  176  140  152  197  289  38299998
999989999899998999989999899998999989999899998999989999899998
99998999989999899998  -73  -44  -19  -31  -45  -38    2    2    3
  -26  -48  -44    7   65   91   95   62   84  136  216  257  243
  225  209  183  108    9  -85 -124 -100  -81999989999899998
9999899998999989999899998  -72  -73 -106 -123 -137 -162 -120  -88
  -68  -87  -87  -53  -12   17   29   12   24   66  110  129  111
   96  101   86   42  -22  -69  -72  -43  -11999989999899998
9999899998999989999899998  -66 -112 -155 -214 -291 -336 -307 -221
 -134  -67  -46  -27   -5   14    8   -6  -14    6   10    3  -30
  -28  -10   -2  -11  -39  -42  -19   18   55999989999899998
999989999899998999989999899998 -141 -203 -329 -438 -500 -458 -341
 -192  -65  -10   11   25   43   31   20   14  -17  -67 -111 -127
 -118 -101  -73  -35    1   42   54   64   95999989999899998
9999899998999989999899998999989999899998 -396 -524 -609 -548 -419
 -238  -96  -28    4   23   49   59   61   34  -10  -71 -154 -186
 -177 -161 -105    6  102  162  153  118   81999989999899998
9999899998999989999899998999989999899998999989999899998 -559 -436
 -265 -141  -93  -67  -48  -16   18   44   19    7  -31  -95 -146
 -191 -189 -104   50  199  249  227  142   40   -79999899998
999989999899998999989999899998999989999899998999989999899998 -370
 -234 -153 -156 -162 -136  -88  -51  -42  -17   22   36   21  -17
 -120 -184 -119   40  211  264  237  120    6  -51  -6299998
999989999899998999989999899998999989999899998999989999899998 -198
 -121 -101 -141 -180 -175 -145 -114 -103  -53   24  102  153  128
    3 -121 -123  -27  131  202  193   94   -1  -40  -5399998
9999899998999989999899998999989999899998999989999899998 -187  -67
    1    6  -70 -149 -191 -183 -167 -149  -53   11  106  195  223
   98  -57 -131 -114  -39   62  102   74   28    9  -1099998
99998999989999899998999989999899998999989999899998 -289  -99   18
   98  109   16 -113 -202 -199 -168 -144  -79  -32   46  119  159
   84    8  -72 -165 -207 -127  -29   42   76   47   1799998
99998999989999899998999989999899998999989999899998 -163  -40   62
  133  142   53 -122 -247 -205 -155 -119 -119 -102  -79  -52  -23
   24   54  -10 -122 -234 -217 -118    3   62   39   -799998
99998999989999899998999989999899998999989999899998  -66   -8   60
  105  106   27 -200 -334 -224 -139  -80 -135 -163 -219 -239 -201
  -26   82   45  -59 -191 -214 -169  -59    1  -249999899998
99998999989999899998999989999899998999989999899998  -17  -18   23
   40   26  -67 -332 -555 -292 -138  -67 -127 -199 -311 -376 -317
  -48  115  106   18 -139 -209 -204 -105  -58 -107 -21899998
