tauX_total_01_2015_ano.22
 -189 -201 -264 -279 -313 -353 -391 -429 -506 -589 -659 -588 -506
 -370 -227 -151 -358 -524 -598 -649 -641 -567 -505 -4639999899998
999989999899998999989999899998999989999899998999989999899998
 -155 -221 -307 -382 -444 -494 -525 -562 -619 -656 -681 -595 -568
 -490 -413 -363 -498 -591 -636 -681 -706 -661 -613999989999899998
999989999899998999989999899998999989999899998999989999899998
  -78 -197 -299 -426 -547 -624 -676 -709 -726 -708 -671 -656 -675
 -686 -711 -693 -666 -651 -654 -650 -684 -709 -715999989999899998
999989999899998999989999899998999989999899998999989999899998
  -14 -144 -257 -416 -565 -674 -763 -799 -761 -685 -609 -662 -694
 -792 -857 -874 -756 -632 -598 -573 -585 -66399998999989999899998
999989999899998999989999899998999989999899998999989999899998
  -14 -111 -205 -337 -470 -570 -658 -686 -625 -517 -442 -511 -558
 -695 -777 -810 -680 -522 -440 -410 -421 -49899998999989999899998
999989999899998999989999899998999989999899998999989999899998
  -94 -125 -175 -233 -289 -343 -390 -402 -352 -279 -220 -261 -322
 -440 -549 -581 -479 -362 -269 -229 -264 -34199998999989999899998
999989999899998999989999899998999989999899998999989999899998
 -181 -151 -171 -167 -162 -182 -189 -215 -191 -143  -62  -37 -111
 -201 -306 -348 -301 -254 -173 -135 -184 -24699998999989999899998
999989999899998999989999899998999989999899998999989999899998
 -198 -167 -157 -130 -137 -168 -201 -244 -225 -144  -55   52  -12
 -113 -201 -235 -254 -225 -159 -144 -156 -18099998999989999899998
999989999899998999989999899998999989999899998999989999899998
 -114 -102 -106 -129 -174 -235 -339 -405 -370 -265 -143  -90 -106
 -231 -334 -361 -320 -245 -189 -148 -114 -10799998999989999899998
999989999899998999989999899998999989999899998999989999899998
   -2  -27  -80 -178 -253 -331 -497 -583 -546 -428 -291 -288 -308
 -446 -553 -530 -388 -252 -168  -91  -65  -47  -30999989999899998
999989999899998999989999899998999989999899998999989999899998
   56  -41 -126 -237 -338 -393 -537 -609 -585 -493 -404 -411 -480
 -589 -607 -516 -332 -177  -79  -21    1    5   12   229999899998
999989999899998999989999899998999989999899998999989999899998
99998 -128 -233 -310 -358 -360 -355 -364 -376 -343 -297 -370 -503
 -563 -511 -388 -215  -76    2   46   68   60   47   47   5099998
999989999899998999989999899998999989999899998999989999899998
99998999989999899998 -341 -285 -139  -72  -88  -88  -72 -209 -355
 -399 -348 -244 -115  -18   41   82  108   96   63   56   57   60
  -32 -124 -158 -131  -51   33   96   91   66999989999899998
9999899998999989999899998 -239  -82  -16    4   17    4  -57 -144
 -180 -175 -113  -51   -6   31   68   97   81   44   42   53   63
   16  -51  -92  -82  -30   29   63   63   54999989999899998
9999899998999989999899998 -209 -161 -148 -100  -67  -34  -12  -18
  -36  -46  -36  -21  -12    6   26   43   13    2   17   46   70
   62   21  -24  -36   -7   29   40   46   47999989999899998
999989999899998999989999899998 -320 -327 -279 -210 -143  -68   -9
   -3  -16  -12  -24  -27  -18  -12  -16  -44  -36   -1   37   67
   90   67   20   -3   13   21   30   38   36999989999899998
9999899998999989999899998999989999899998 -464 -359 -278 -177 -102
  -66  -46  -25  -35  -32  -25  -18   -8  -22  -21    7   30   48
   50   39   11   -9   -6   16   34   34   25999989999899998
9999899998999989999899998999989999899998999989999899998 -326 -242
 -157  -82  -55  -44  -38  -30   -6   38   54   38   29   30   31
   10  -15  -31  -28   -9   26   49   38   16  -109999899998
999989999899998999989999899998999989999899998999989999899998 -319
 -194  -99  -72  -64  -65  -50    0   71   93   81   50   27   13
  -17  -36  -31  -18   -7   25   47   40   12   -8  -2699998
999989999899998999989999899998999989999899998999989999899998 -287
 -185 -106  -81  -96 -117  -92  -31   42   84   86   50   12  -10
  -19  -15    1    6    6    7   17   20   15    1  -1099998
9999899998999989999899998999989999899998999989999899998 -220 -186
 -149 -103  -92 -132 -162 -130  -78  -20   29   56   35   -4  -21
    2   27   40   39   13   -9  -11    3   10    7    399998
99998999989999899998999989999899998999989999899998   31   -9  -60
  -91 -113 -111 -156 -165 -134 -109  -85  -47  -17  -19  -20  -10
   43   84   90   66   18  -19  -27   -9    8   17   1499998
99998999989999899998999989999899998999989999899998  287  147   31
  -67 -144 -173 -125  -86  -88  -88  -96 -110 -107  -88  -52   -6
   71  132  136   82   15  -20  -27   -5   21   28   2799998
99998999989999899998999989999899998999989999899998  472  233   59
  -90 -225 -268  -81   38    9  -31  -78 -135 -177 -148  -86  -17
   73  161  165   96   15  -19  -16   13   40   479999899998
99998999989999899998999989999899998999989999899998  560  234   22
 -161 -332 -377  -23  165  110   42  -33 -135 -209 -181 -115  -39
   46  166  180  104    3  -17   -3   29   48   65   7499998
