tauX_total_09_2015_ano.22
   -9 -110 -184 -244 -312 -378 -559 -646 -625 -535 -396 -167    8
   65   74   69   72   70   86   90   87   12  -48  -979999899998
999989999899998999989999899998999989999899998999989999899998
   40  -25  -88 -163 -239 -322 -462 -529 -479 -373 -221  -57   59
   87   87   76   78   68   59   49   29  -24  -69999989999899998
999989999899998999989999899998999989999899998999989999899998
  104   77   36  -37 -116 -203 -286 -346 -275 -157  -18   62   97
   94   70   49   52   38   11   -9  -38  -71 -106999989999899998
999989999899998999989999899998999989999899998999989999899998
  161  173  156  111   38  -41  -81 -148  -86   31  126  134  108
   74   28    7   13   18  -21  -54  -84 -11099998999989999899998
999989999899998999989999899998999989999899998999989999899998
  189  219  222  215  186  128   45  -13   25   83  136  125   81
   18  -23  -19    5   11  -19  -60  -94 -12399998999989999899998
999989999899998999989999899998999989999899998999989999899998
  185  203  213  226  236  222  134   64   45   66  106   91   50
  -12  -48  -33    5    9  -20  -50  -78  -9299998999989999899998
999989999899998999989999899998999989999899998999989999899998
  157  153  168  198  236  255  187  112   57   56   85   76   44
  -13  -52  -42  -12   -4  -22  -45  -62  -6499998999989999899998
999989999899998999989999899998999989999899998999989999899998
  100  103  123  171  234  280  235  158   83   57   81   88   54
   -6  -42  -43  -30  -26  -37  -46  -46  -4099998999989999899998
999989999899998999989999899998999989999899998999989999899998
   27   49   76  139  217  272  251  180  104   67   80   83   58
    7  -28  -30  -35  -43  -53  -46  -28   -299998999989999899998
999989999899998999989999899998999989999899998999989999899998
  -53  -17   15   77  153  208  203  139   71   43   61   67   45
    5  -11    1   -8  -32  -44  -28   18   75  128999989999899998
999989999899998999989999899998999989999899998999989999899998
 -135  -93  -63  -11   46   89   72   31   -9   -9   22   42   24
    1    4   31   24    5   -4   27   86  155  201  2149999899998
999989999899998999989999899998999989999899998999989999899998
99998 -174 -139 -106  -73  -50  -60  -82  -92  -51   20   39   12
  -17   -5   23   32   33   43   77  130  186  224  228  19899998
999989999899998999989999899998999989999899998999989999899998
99998999989999899998 -163 -151 -153 -169 -156  -60   55   72   39
  -15  -40  -15    8   32   63   86  120  155  177  169  127   80
   85  118  154  161  123   89   77   92  100999989999899998
9999899998999989999899998 -205 -234 -261 -214 -106   18   79   53
  -20  -82  -82  -40    6   41   67   81   80   68   43   10   -3
   29   71  103  105   75   47   37   54   77999989999899998
9999899998999989999899998 -189 -292 -352 -308 -200  -70   13   12
  -62 -145 -167 -111  -60  -22   15   23  -16  -73 -112 -122 -107
  -36   20   54   58   33    9    5   24   48999989999899998
999989999899998999989999899998 -346 -445 -430 -336 -198 -105  -71
 -122 -194 -232 -194 -141  -92  -49  -34  -79 -139 -170 -174 -161
  -85  -13   23   34   17    1   -2    9   30999989999899998
9999899998999989999899998999989999899998 -607 -469 -324 -208 -146
 -156 -196 -237 -257 -210 -137  -75  -34  -30  -40  -64  -91 -109
  -83  -22   22   45   35   24   20   18   18999989999899998
9999899998999989999899998999989999899998999989999899998 -270 -198
 -164 -172 -219 -265 -242 -149  -37   37   86  105   62    0  -40
  -43  -16   40   70   79   64   39   16   -3   -49999899998
999989999899998999989999899998999989999899998999989999899998 -179
 -118 -127 -189 -241 -228 -119   10  111  185  162   83   15    1
   -4  -31    2   73  119   91   41   -7  -30  -20    599998
999989999899998999989999899998999989999899998999989999899998 -119
  -69  -74 -141 -192 -172  -62   61  153  163   95   17  -19   -7
   -1  -40  -44   24  101   88   40  -14  -33    9   5399998
9999899998999989999899998999989999899998999989999899998 -194  -92
  -38  -37  -98 -132 -105  -13   87  148   59  -39  -89  -75  -26
  -19  -34  -65  -32   46   63   36   -2    9   74  13699998
99998999989999899998999989999899998999989999899998 -308 -192  -98
  -26  -15  -81  -94  -79  -11   52   57  -69 -152 -146 -105  -24
   -6  -19  -67  -70  -13   17   12    8   38   93  16499998
99998999989999899998999989999899998999989999899998 -258 -178 -103
  -37   -5  -50  -95 -104  -75  -77  -92 -153 -189 -144  -59   32
   36   -5  -67  -87  -55  -24  -24  -16    8   59  11799998
99998999989999899998999989999899998999989999899998 -215 -175 -118
  -71  -50  -78 -162 -177 -190 -204 -218 -204 -180 -105   12  117
  100    6  -75 -108  -80  -64  -84  -88  -62  -269999899998
99998999989999899998999989999899998999989999899998 -181 -189 -151
 -130 -148 -256 -256 -257 -293 -311 -319 -241 -165  -67   76  232
  150    3  -88 -115  -88 -124 -181 -191 -139 -122 -13199998
