tauX_total_08_2014_ano.22
  285  156   65   25   31   90  271  358  306  229  134  108   68
   50   34   -1 -103 -178 -172 -147 -115  -12   83  1699999899998
999989999899998999989999899998999989999899998999989999899998
  228   89    3  -29   -7   61  175  234  190  127   69   64   47
   20  -17  -76 -158 -190 -195 -182 -162  -57   37999989999899998
999989999899998999989999899998999989999899998999989999899998
  170   37  -38  -61  -44   36   69   84   45    7   -9    8   23
  -12  -68 -135 -172 -176 -171 -166 -155  -85   -5999989999899998
999989999899998999989999899998999989999899998999989999899998
   77  -21  -75  -75  -33   35  -10  -46  -76  -91  -67  -24   22
  -30 -117 -173 -155 -113 -105 -102 -105  -7399998999989999899998
999989999899998999989999899998999989999899998999989999899998
  -62  -93 -114  -82  -14   45   -9  -87 -134 -126  -63  -18    9
  -59 -142 -172  -81  -39  -25  -19  -25  -3099998999989999899998
999989999899998999989999899998999989999899998999989999899998
 -207 -185 -166 -112  -38   19   -7  -71 -108  -95  -41   16    8
  -59 -101  -80  -35   -9   17   20   21   2999998999989999899998
999989999899998999989999899998999989999899998999989999899998
 -281 -230 -201 -153  -75    8    9  -29  -64  -47   -7    9   -7
  -50  -77  -59  -35  -20   -4   16   39   5999998999989999899998
999989999899998999989999899998999989999899998999989999899998
 -230 -205 -189 -153  -67   12   55   49   17   10   36   17  -11
  -42  -57  -45  -41  -34  -29    1   39   7899998999989999899998
999989999899998999989999899998999989999899998999989999899998
  -84 -116 -129 -102  -42   52  134  159  111   82   75   45    9
  -21  -21    2   -3  -14  -25   -2   50  10399998999989999899998
999989999899998999989999899998999989999899998999989999899998
   36  -43  -85  -70   -6  102  218  265  198  134  114   77   24
  -15    1   48   57   32   12   20   70  123  165999989999899998
999989999899998999989999899998999989999899998999989999899998
   57  -38  -95  -80   -2  118  218  261  203  151  143   95   30
  -12   -8   49   81   64   43   44   84  136  171  1819999899998
999989999899998999989999899998999989999899998999989999899998
99998  -94 -145 -128  -48   60  126  119   86   94  127   88   21
  -30  -37   16   52   65   50   52   85  133  154  158  16199998
999989999899998999989999899998999989999899998999989999899998
99998999989999899998  -98  -28  -31  -73  -84  -42   32   30  -23
  -81  -94  -54   -1   38   37   42   72   99  107  110  109  108
   96   89   87   88   92  101  116  123  119999989999899998
9999899998999989999899998 -135 -192 -249 -254 -193 -100  -63  -88
 -144 -163 -119  -44   -5    6   22   47   39   34   38   42   42
   47   61   76   81   86   96  116  129  140999989999899998
9999899998999989999899998 -225 -330 -390 -395 -299 -141  -66 -107
 -201 -200 -149  -77  -47  -33  -25  -43  -71  -78  -60  -54  -50
  -20   27   67   85   82   92  108  127  144999989999899998
999989999899998999989999899998 -441 -465 -392 -182    4   67    4
 -128 -199 -160 -102  -52  -43  -86 -195 -281 -218 -137 -131 -139
  -70    5   67  100   90   88   96  109   98999989999899998
9999899998999989999899998999989999899998 -197   49  261  261  139
  -35 -171 -152  -65  -10  -49 -154 -283 -352 -270 -157 -108 -122
  -64   -1   54   92   90   77   76   73   38999989999899998
9999899998999989999899998999989999899998999989999899998  415  208
    5 -129 -116    2   39  -60 -195 -309 -323 -244 -114  -23  -30
  -30  -18   11   30   36   41   51   40   -7  -839999899998
999989999899998999989999899998999989999899998999989999899998  137
  -34 -138  -87   18   45  -57 -184 -274 -246 -173  -46   48   50
  -10  -63  -78  -82  -65   -9   44   37   -7  -59 -11299998
999989999899998999989999899998999989999899998999989999899998  -47
 -144 -184  -97   -9   22  -35 -110 -168 -148  -83   14   91   89
  -22 -120 -180 -212 -191  -64   42   58   34    9  -2099998
9999899998999989999899998999989999899998999989999899998 -146 -220
 -263 -213 -137  -63  -25  -22  -41  -58  -54  -10   47   83   76
  -62 -175 -255 -314 -295 -142  -10   50   74   73   7399998
99998999989999899998999989999899998999989999899998 -211 -235 -244
 -245 -217 -178 -125  -91  -54  -28  -11   -3    8   20   10  -26
 -117 -165 -213 -265 -278 -181  -93  -17   49   93  12299998
99998999989999899998999989999899998999989999899998 -190 -177 -161
 -157 -159 -154 -149 -151 -114  -63  -32  -18  -24  -47  -95 -125
  -92  -44  -46  -75 -136 -185 -177 -110  -29   42  10399998
99998999989999899998999989999899998999989999899998 -166 -116  -78
  -51  -37  -58 -122 -185 -174 -135 -108  -91  -80 -110 -154 -174
  -46   81  129  105    7 -144 -236 -199 -123  -499999899998
99998999989999899998999989999899998999989999899998 -161  -79  -24
   20   62   62  -96 -239 -249 -239 -223 -174 -132 -157 -183 -201
  -10  157  247  238  130 -107 -276 -266 -200 -130  -6399998
