tauX_total_05_2015_ano.22
 -180 -184 -177 -191 -165  -86  291  556  647  591  405   53 -183
 -216  -96   68  408  590  577  492  383  187   36  -679999899998
999989999899998999989999899998999989999899998999989999899998
 -108 -140 -153 -154 -115  -25  246  453  464  373  177  -87 -281
 -273 -111   94  310  413  375  295  198   53  -64999989999899998
999989999899998999989999899998999989999899998999989999899998
  -28  -89 -115 -103  -80   -2  152  279  231  141  -19 -189 -284
 -222  -83  122  211  253  184  100    1  -99 -174999989999899998
999989999899998999989999899998999989999899998999989999899998
   22  -48  -86  -77  -45    6   -3   15  -22  -89 -145 -188 -192
 -129   13  156  156  148   61  -42 -141 -20899998999989999899998
999989999899998999989999899998999989999899998999989999899998
   37  -19  -58  -72  -35   20  -74 -209 -242 -208 -121  -56  -96
 -137  -21  138  157  121   37  -67 -146 -20699998999989999899998
999989999899998999989999899998999989999899998999989999899998
   19   -9  -34  -44  -14   26 -131 -276 -283 -188  -73  -72 -162
 -288 -278  -62  108  136   71   -8  -71 -12099998999989999899998
999989999899998999989999899998999989999899998999989999899998
  -43  -46  -55  -39  -10   21 -114 -263 -279 -175  -36 -103 -253
 -426 -434 -208   44  157  109   55   11  -1899998999989999899998
999989999899998999989999899998999989999899998999989999899998
 -123 -117 -122  -97  -41  -17 -108 -229 -244 -146   -9  -83 -234
 -382 -376 -192   34  168  131   78   53   4499998999989999899998
999989999899998999989999899998999989999899998999989999899998
 -177 -187 -205 -185 -137  -79 -132 -214 -206 -108   21  -26 -165
 -287 -277  -98   80  166  121   66   50   4999998999989999899998
999989999899998999989999899998999989999899998999989999899998
 -225 -281 -320 -317 -260 -173 -168 -212 -204  -97   35   -5 -140
 -240 -217  -45  133  156   92   37   24   29   43999989999899998
999989999899998999989999899998999989999899998999989999899998
 -267 -374 -432 -429 -351 -243 -196 -209 -211 -123    8  -31 -172
 -253 -192  -17  110  147   87   16   -1   12   33   409999899998
999989999899998999989999899998999989999899998999989999899998
99998 -431 -495 -471 -368 -244 -179 -187 -213 -152  -23 -116 -239
 -286 -220  -84   45  121   83   21    2   19   35   57   8099998
999989999899998999989999899998999989999899998999989999899998
99998999989999899998 -329 -192 -140 -170 -217 -171  -48 -118 -217
 -272 -243 -143  -27   63   76   60   41   47   47   54   37   18
   14   20   45   56   55   54   38   30   22999989999899998
9999899998999989999899998 -101 -117 -191 -229 -218 -156 -100 -129
 -186 -207 -162  -69   -6   57  100   91   58   45   22  -10  -36
  -47  -41  -19   -3    2    1   -3   -6  -12999989999899998
9999899998999989999899998   31 -127 -233 -289 -311 -269 -158 -119
 -153 -179 -180 -130  -73   15   72   64   21   -2  -19  -48  -80
  -98  -76  -51  -36  -46  -51  -41  -37  -34999989999899998
999989999899998999989999899998 -153 -274 -363 -384 -363 -292 -222
 -202 -218 -243 -198 -125  -43   -3  -24  -54  -51  -38  -57  -92
  -89  -51  -19  -17  -61  -90  -75  -48  -27999989999899998
9999899998999989999899998999989999899998 -415 -427 -420 -383 -324
 -276 -261 -265 -242 -167 -115 -105 -121 -104  -69  -31  -28  -60
  -36   18   57   18  -61 -109 -110  -60  -16999989999899998
9999899998999989999899998999989999899998999989999899998 -422 -362
 -287 -242 -257 -246 -194 -165 -162 -161 -107  -46  -10   -2  -29
   11   69   93   39  -68 -134 -137  -74  -18    39999899998
999989999899998999989999899998999989999899998999989999899998 -256
 -189 -183 -212 -230 -204 -160 -129 -124  -61    4   27   16   -8
   15   58   63    7 -111 -170 -156  -81  -18    3    399998
999989999899998999989999899998999989999899998999989999899998  -72
  -65  -92 -149 -184 -170  -99  -54  -40   -4   39   59   46   18
   19   38   25  -37 -139 -187 -150  -79  -22    0   -299998
9999899998999989999899998999989999899998999989999899998  -27   37
   41   -2  -89 -129 -111  -38    0   -4   -6    2   39   59   48
   35   41   30  -45 -133 -157 -121  -65  -25   -5    899998
99998999989999899998999989999899998999989999899998 -110   11   88
  118   78  -24  -63  -57  -17   -3  -24  -75 -103  -45    6   34
   43   40   26  -13  -72  -88  -72  -40   -9    8   2099998
99998999989999899998999989999899998999989999899998  -83   22   93
  135  117   31  -18  -22  -19  -14  -52 -112 -147 -115  -62   -9
    6   12    0  -25  -48  -57  -54  -31   -9   12   3199998
99998999989999899998999989999899998999989999899998  -79   -4   61
  100  100   43  -27   -6   19   -9  -43  -91 -119 -129 -103  -85
  -64  -50  -53  -57  -55  -56  -50  -31  -12    69999899998
99998999989999899998999989999899998999989999899998 -104  -64   -7
   19   19  -17  -38   -8   74   69   48   -7  -39  -92 -134 -155
 -136 -118 -103  -82  -66  -57  -49  -39  -21   -8   1099998
