tauX_total_05_2017_ano.22
 -119   21   94  102  108   86  141  195  259  281  273  273  312
  405  466  466  408  337  313  290  281  195  129   639999899998
999989999899998999989999899998999989999899998999989999899998
 -149  -40   26   53   67   69  145  204  228  224  195  196  222
  321  400  409  319  231  184  153  134   82   42999989999899998
999989999899998999989999899998999989999899998999989999899998
 -142  -82  -36   -5    1   14   83  148  161  142   79   82  126
  223  301  305  182   81   17  -11  -23  -46  -65999989999899998
999989999899998999989999899998999989999899998999989999899998
  -89  -86  -71  -63  -62  -64  -12   54   65   30  -39  -21   44
  140  207  181   33  -61 -117 -133 -124 -12799998999989999899998
999989999899998999989999899998999989999899998999989999899998
  -21  -66  -59  -74  -97 -116  -81  -33  -36  -69 -108  -70    7
   73   89   43  -56 -134 -152 -133 -109 -10099998999989999899998
999989999899998999989999899998999989999899998999989999899998
  -16  -26  -22  -40  -61  -72  -85  -80  -79  -87 -101  -51  -14
  -18  -33  -65 -112 -153 -131  -82  -28    599998999989999899998
999989999899998999989999899998999989999899998999989999899998
 -141  -89  -31   10   11   -8  -38  -63  -51  -28    2   -8  -62
 -117 -143 -151 -154 -151 -102  -31   48  11199998999989999899998
999989999899998999989999899998999989999899998999989999899998
 -373 -236 -103    8   51   21  -22  -47  -17   44   90    8  -92
 -182 -229 -209 -171 -133  -83   -3   85  15999998999989999899998
999989999899998999989999899998999989999899998999989999899998
 -618 -382 -198  -55   13    7  -61 -107  -51   38   93   10  -91
 -185 -239 -216 -156 -108  -75   -8   77  15099998999989999899998
999989999899998999989999899998999989999899998999989999899998
 -846 -539 -306 -152  -63  -63 -130 -187 -128  -27   51   19  -60
 -144 -182 -156 -120  -94  -79  -43   23   87  130999989999899998
999989999899998999989999899998999989999899998999989999899998
-1048 -648 -393 -225 -142 -142 -191 -219 -170  -83  -10    2  -34
  -90 -115  -98  -87  -97  -95  -73  -32   21   58   789999899998
999989999899998999989999899998999989999899998999989999899998
99998 -663 -438 -266 -192 -177 -185 -176 -153  -96  -54  -20  -25
  -53  -67  -67  -88 -102 -103  -88  -49  -10   19   32   5399998
999989999899998999989999899998999989999899998999989999899998
99998999989999899998 -207 -175 -137 -108 -100  -89  -74  -51  -46
  -55  -67  -87 -108 -111  -96  -65  -39  -16    1   12   14   18
    8    3   24   43   58   48   11  -37  -79999989999899998
9999899998999989999899998 -132  -73  -45  -35  -59  -94 -104  -87
  -73  -93 -120 -126 -113  -80  -42  -25  -17  -19  -21  -24  -17
  -13  -13   -6    5    8  -25  -67 -113 -166999989999899998
9999899998999989999899998  -65  -17    5   -4  -64 -140 -184 -164
 -127 -119 -139 -129 -120  -84  -61  -46  -53  -65  -70  -75  -66
  -44  -40  -49  -48  -52  -94 -131 -167 -206999989999899998
999989999899998999989999899998   30   44  -15 -118 -229 -276 -255
 -189 -136 -130 -145 -147 -133 -124 -118 -125 -120 -111 -109 -104
  -85  -80  -99 -117 -118 -139 -151 -154 -141999989999899998
9999899998999989999899998999989999899998  -28 -175 -320 -370 -330
 -223 -144 -128 -155 -177 -200 -207 -211 -195 -152 -118  -95  -90
 -113 -131 -160 -178 -172 -130  -93  -58  -28999989999899998
9999899998999989999899998999989999899998999989999899998 -425 -350
 -222 -122  -99 -138 -183 -234 -282 -296 -242 -170  -98  -45  -41
 -100 -170 -212 -219 -187  -95  -22   25   57   829999899998
999989999899998999989999899998999989999899998999989999899998 -309
 -185  -83  -64 -101 -149 -213 -290 -329 -258 -180  -88   -1   23
  -44 -154 -211 -215 -171  -83    1   56   89   94   9299998
999989999899998999989999899998999989999899998999989999899998 -214
 -117  -43  -18  -33  -77 -151 -226 -270 -244 -186  -90   22   89
   28  -79 -162 -185 -151  -71   14   71   94   95   9099998
9999899998999989999899998999989999899998999989999899998 -233 -151
  -58   14   43   35    0  -70 -134 -180 -209 -175  -72   52  131
   91   24  -76 -142 -133  -58   25   78  104  103   9299998
99998999989999899998999989999899998999989999899998 -288 -198  -98
   12   90  106   84   35  -22  -75 -101 -134 -126  -39   52  106
   98   72    0  -85 -115  -61    9   63   91   82   7099998
99998999989999899998999989999899998999989999899998 -265 -147  -29
   82  172  186   97    4  -36  -60  -60  -51  -47  -21   -7    9
   32   33    3  -41  -88  -77  -39    8   32   29   1899998
99998999989999899998999989999899998999989999899998 -252  -96   39
  153  246  270   90  -60  -89  -80  -58  -18   10  -39  -93 -123
  -84  -53  -32  -35  -67  -96 -101  -67  -49  -549999899998
99998999989999899998999989999899998999989999899998 -270  -72   78
  200  314  348   58 -129 -153 -136 -102  -26   17  -90 -188 -259
 -205 -140  -69  -29  -47 -115 -148 -131 -114 -128 -16299998
