tauX_total_12_2016_ano.22
  478  365  313  397  468  493  218  -33 -162 -182  -72  176  347
  300  211  107  118  126  126   73  -30 -288 -490 -6439999899998
999989999899998999989999899998999989999899998999989999899998
  214  180  176  244  304  320   72 -165 -293 -282 -125  102  214
  172  112   89  131  145   98   22 -114 -318 -476999989999899998
999989999899998999989999899998999989999899998999989999899998
  -23   12   35   80  132  133  -86 -328 -427 -371 -159  -21   28
  -18  -64  -19  112  184  109    5 -141 -304 -435999989999899998
999989999899998999989999899998999989999899998999989999899998
 -185 -109  -70  -45  -23  -54 -259 -496 -540 -399 -200 -145 -172
 -234 -245 -176   21  155  102  -25 -154 -25099998999989999899998
999989999899998999989999899998999989999899998999989999899998
 -239 -170 -118  -91 -108 -182 -358 -529 -522 -396 -230 -249 -318
 -403 -434 -348 -143  -20  -23  -94 -193 -24799998999989999899998
999989999899998999989999899998999989999899998999989999899998
 -251 -194 -151 -140 -168 -231 -383 -498 -494 -411 -287 -317 -384
 -489 -530 -450 -305 -223 -237 -254 -298 -33199998999989999899998
999989999899998999989999899998999989999899998999989999899998
 -323 -271 -231 -212 -211 -256 -362 -442 -455 -400 -309 -296 -341
 -444 -457 -403 -364 -359 -395 -433 -446 -47599998999989999899998
999989999899998999989999899998999989999899998999989999899998
 -414 -375 -322 -273 -257 -268 -306 -348 -365 -334 -274 -207 -222
 -265 -268 -260 -334 -391 -445 -491 -523 -54699998999989999899998
999989999899998999989999899998999989999899998999989999899998
 -495 -441 -392 -331 -287 -271 -254 -251 -243 -241 -204 -159 -127
  -95 -109 -155 -239 -313 -373 -430 -466 -46799998999989999899998
999989999899998999989999899998999989999899998999989999899998
 -562 -506 -464 -420 -377 -314 -264 -243 -225 -189 -173 -119  -73
  -36  -47  -96 -154 -200 -236 -286 -329 -337 -315999989999899998
999989999899998999989999899998999989999899998999989999899998
 -605 -577 -546 -510 -428 -344 -270 -233 -224 -206 -191 -127  -67
  -47  -60 -106 -124 -122 -116 -130 -160 -192 -175 -1159999899998
999989999899998999989999899998999989999899998999989999899998
99998 -641 -618 -535 -417 -292 -190 -137 -160 -213 -216 -172 -106
  -89 -115 -158 -140  -89  -27    5  -18  -56  -63  -20   3199998
999989999899998999989999899998999989999899998999989999899998
99998999989999899998 -350 -191  -87  -53 -115 -194 -250 -221 -158
 -120 -136 -177 -138  -58   42   99   71   29   14   33   31   37
   88  135  155  115   43    0  -18   13   66999989999899998
9999899998999989999899998  -74   -4  -18 -105 -218 -290 -270 -201
 -136 -127 -148 -111  -36   61  113   86   50   38   28   11    5
   33   79   95   70   12  -35  -44  -17   26999989999899998
9999899998999989999899998   38   24  -35 -147 -277 -332 -303 -233
 -156 -118 -139 -120  -64   10   32    1  -11  -26  -48  -59  -57
  -34   12   41   28  -21  -61  -62  -35   -4999989999899998
999989999899998999989999899998  -26 -119 -238 -312 -358 -320 -245
 -176 -142 -141 -148 -134 -105  -99 -122 -142 -165 -178 -184 -168
 -103  -43    6   15  -27  -53  -55  -36  -16999989999899998
9999899998999989999899998999989999899998 -276 -325 -367 -318 -249
 -191 -153 -143 -155 -165 -176 -185 -182 -228 -265 -280 -273 -243
 -144  -47   16   33    9  -16  -26  -23  -32999989999899998
9999899998999989999899998999989999899998999989999899998 -313 -261
 -202 -162 -161 -172 -182 -193 -193 -179 -226 -247 -261 -259 -222
 -134  -17   37   52   33    7   -1  -11  -40  -689999899998
999989999899998999989999899998999989999899998999989999899998 -265
 -211 -196 -208 -227 -227 -203 -181 -168 -166 -144 -130 -127 -104
  -48   13   36   34   17    4   -3  -12  -32  -61  -8499998
999989999899998999989999899998999989999899998999989999899998 -254
 -229 -239 -263 -293 -285 -241 -211 -178  -94  -32   27   63   73
   78   48   30    9   -8  -11   -3    1   -9  -35  -5999998
9999899998999989999899998999989999899998999989999899998 -293 -246
 -241 -249 -295 -323 -327 -295 -253 -199  -75   25  120  202  223
  150   67   13  -22  -26   -8   14   27   26    7  -1799998
99998999989999899998999989999899998999989999899998 -356 -268 -202
 -185 -214 -282 -322 -339 -320 -265 -223 -136  -45   62  161  211
  121   38  -15  -46  -49   -1   28   40   43   30   1199998
99998999989999899998999989999899998999989999899998 -291 -195 -121
  -92 -123 -202 -276 -308 -281 -247 -233 -219 -183 -109  -15   47
   29   -4  -35  -57  -51  -18    3    6    0   -9   -899998
99998999989999899998999989999899998999989999899998 -213 -118  -42
   -3  -24 -100 -189 -242 -199 -190 -197 -261 -281 -262 -209 -144
  -78  -48  -59  -61  -50  -48  -49  -64  -78  -859999899998
99998999989999899998999989999899998999989999899998 -150  -60   14
   51   44  -26 -115 -192 -137 -104 -124 -255 -315 -348 -361 -288
 -156  -78  -72  -63  -50  -83 -113 -145 -158 -160 -16299998
