tauX_total_04_2016_ano.22
  236  249  232  259  248  239  146   60  166  300  423  272  110
   -8  -56  -20   78  126   89   43   32   -7  -49 -1249999899998
999989999899998999989999899998999989999899998999989999899998
  202  191  164  138  104   63  -60 -149  -91   26  157   92   -7
  -93  -94   -7   62   96   49   -7  -19  -45  -75999989999899998
999989999899998999989999899998999989999899998999989999899998
  161  127   80    5  -54 -118 -271 -372 -349 -219  -62  -49  -87
 -134 -136   16   68   74    7  -38  -36  -59  -93999989999899998
999989999899998999989999899998999989999899998999989999899998
  118   59    0  -95 -177 -259 -421 -535 -508 -359 -179  -90  -80
 -118  -65   23   44   27  -18  -32   -9  -1599998999989999899998
999989999899998999989999899998999989999899998999989999899998
   72   11  -38  -97 -183 -251 -399 -512 -450 -289 -134   -6   24
  -14  -46  -63  -62  -64  -38   10   48   6799998999989999899998
999989999899998999989999899998999989999899998999989999899998
   26   -3  -35  -55  -57  -84 -158 -241 -199  -98   32   96   72
  -27 -155 -225 -212 -173  -76   22   96  12499998999989999899998
999989999899998999989999899998999989999899998999989999899998
    3    7  -13  -11   11   42   27  -27  -36   22   89   77   17
 -123 -278 -358 -343 -277 -141    2  106  15199998999989999899998
999989999899998999989999899998999989999899998999989999899998
   18   10  -33  -42  -15   35   45   11   -9   -3   20  -12  -72
 -199 -325 -419 -412 -331 -192  -41   71  13499998999989999899998
999989999899998999989999899998999989999899998999989999899998
   41  -29  -96 -126 -121  -85  -51  -56  -69  -67  -47  -66 -131
 -234 -338 -393 -382 -316 -206  -68   42  11399998999989999899998
999989999899998999989999899998999989999899998999989999899998
   45  -81 -161 -221 -257 -252 -225 -187 -176 -124  -76  -83 -158
 -260 -329 -344 -305 -248 -155  -54   44  117  160999989999899998
999989999899998999989999899998999989999899998999989999899998
   42 -104 -187 -275 -343 -355 -346 -310 -256 -143  -57  -63 -140
 -251 -310 -284 -231 -170  -98  -17   58  120  156  1579999899998
999989999899998999989999899998999989999899998999989999899998
99998  -73 -156 -254 -305 -330 -359 -361 -265 -130  -10  -18  -96
 -208 -275 -244 -166 -100  -49   -1   52   96  115  113   8999998
999989999899998999989999899998999989999899998999989999899998
99998999989999899998 -211 -244 -303 -342 -253 -116    6   10  -66
 -176 -231 -182 -101  -43  -27  -10   19   42   56   60   42   21
   37   60   99  128  141  131   87   36  -23999989999899998
9999899998999989999899998 -135 -249 -299 -249 -152  -58  -41 -111
 -187 -205 -151  -73  -26  -20  -32  -34  -17    2   11    4  -14
  -20   -3   24   49   60   54   21  -25  -64999989999899998
9999899998999989999899998  -51 -200 -253 -272 -242 -190 -173 -207
 -237 -232 -178 -119  -63  -36  -40  -53  -50  -26  -11  -19  -53
  -74  -59  -34   -9    6  -10  -33  -75  -99999989999899998
999989999899998999989999899998 -171 -254 -327 -355 -345 -333 -326
 -320 -309 -293 -231 -152  -80  -49  -53  -42    4   35   -7  -77
 -106  -98  -66  -23   -1  -13  -40  -74  -92999989999899998
9999899998999989999899998999989999899998 -398 -421 -441 -419 -394
 -392 -400 -413 -362 -272 -169  -92  -50    8   78  107   52  -40
 -102 -104  -58   -5   30   24  -12  -44  -58999989999899998
9999899998999989999899998999989999899998999989999899998 -446 -411
 -418 -454 -496 -466 -388 -273 -154  -64   49  120  130   90    6
  -67  -90  -41   23   68   57   21  -13  -32  -179999899998
999989999899998999989999899998999989999899998999989999899998 -375
 -378 -440 -509 -525 -481 -367 -209  -83   36  106  116   71    2
  -65  -92  -42   21   63   62   36    1  -17    2   3499998
999989999899998999989999899998999989999899998999989999899998 -301
 -322 -378 -463 -544 -541 -428 -284 -153  -25   47   60   12  -49
  -99 -104  -53    3   40   48   27   -7  -20   -5   2299998
9999899998999989999899998999989999899998999989999899998 -217 -226
 -262 -326 -410 -506 -551 -482 -362 -221 -119  -52  -53  -78 -108
 -115  -95  -59   -1   42   44   17  -22  -43  -20   1899998
99998999989999899998999989999899998999989999899998 -133 -144 -152
 -188 -260 -359 -464 -529 -509 -417 -302 -229 -175 -170 -175 -158
 -108  -67  -29   10   38   24   15    1  -24  -19   1699998
99998999989999899998999989999899998999989999899998  -66  -67  -75
 -112 -182 -285 -406 -490 -513 -466 -387 -324 -289 -259 -221 -162
 -101  -58  -23  -20  -21   -9    3   14   17    7    999998
99998999989999899998999989999899998999989999899998  -25  -10  -11
  -42 -112 -212 -331 -433 -489 -500 -457 -399 -365 -306 -228 -159
  -98  -56  -64  -93 -111  -63  -19   13   29   239999899998
99998999989999899998999989999899998999989999899998  -20   16   24
   -3  -65 -156 -253 -371 -443 -492 -480 -453 -403 -323 -243 -178
 -115  -61 -119 -194 -222 -123  -43    9   32   27   -699998
