tauX_total_04_2015_ano.22
  313  209   86  -85 -192 -227 -125  -62  -14   36   60    0  -63
 -118  -71   43   58   -9  -28   74  178   63  -41 -1909999899998
999989999899998999989999899998999989999899998999989999899998
  287  126    2 -114 -178 -183  -86  -23    9   27   47  -31 -169
 -185  -22  193  228  164   72   -8   50    7  -48999989999899998
999989999899998999989999899998999989999899998999989999899998
  247   67  -60 -129 -168 -127  -65  -11   12   37   22 -163 -341
 -287 -102  190  310  301  135  -13  -68  -68  -78999989999899998
999989999899998999989999899998999989999899998999989999899998
  181    6 -115 -155 -147  -83  -46  -24   -6   13    6 -279 -496
 -446 -255   69  255  318  123  -57 -155 -12999998999989999899998
999989999899998999989999899998999989999899998999989999899998
  101  -21 -122 -161 -128  -23  -24  -70  -80  -41   -1 -296 -515
 -544 -402 -128   87  169   20 -125 -169 -16399998999989999899998
999989999899998999989999899998999989999899998999989999899998
   15  -40  -99 -133  -87    3  -24 -125 -155  -92  -10 -191 -364
 -497 -443 -272 -109  -42 -117 -177 -127 -12099998999989999899998
999989999899998999989999899998999989999899998999989999899998
  -64  -74  -94  -92  -71  -33  -48 -119 -159  -66   20  -14 -139
 -303 -379 -309 -237 -242 -219 -123  -60  -3499998999989999899998
999989999899998999989999899998999989999899998999989999899998
 -133 -127 -121 -103 -104 -120 -122 -133 -102  -11   51  106   54
  -48 -156 -210 -261 -268 -162  -57    8   4999998999989999899998
999989999899998999989999899998999989999899998999989999899998
 -214 -181 -170 -172 -194 -221 -252 -253 -138  -29   -8   36   74
   69  -22 -135 -197 -180  -91   -9   51   9099998999989999899998
999989999899998999989999899998999989999899998999989999899998
 -306 -270 -238 -250 -290 -352 -396 -372 -244 -176 -145 -115  -68
  -43  -65 -137 -149 -106  -39   23   65   80   76999989999899998
999989999899998999989999899998999989999899998999989999899998
 -399 -335 -285 -292 -350 -434 -467 -435 -363 -309 -303 -292 -251
 -193 -156 -150 -103  -49    4   43   58   49   37   229999899998
999989999899998999989999899998999989999899998999989999899998
99998 -342 -281 -276 -338 -418 -439 -421 -410 -397 -408 -393 -348
 -254 -159 -115  -65  -15   27   45   41   28   22   27   1799998
999989999899998999989999899998999989999899998999989999899998
99998999989999899998 -274 -350 -374 -371 -378 -397 -398 -358 -284
 -177  -87  -72  -57  -16   23   34   27   33   28   24    5  -33
  -65  -68  -27   17   49   84   96  103  108999989999899998
9999899998999989999899998 -273 -320 -341 -318 -316 -302 -227 -134
  -52  -32  -52  -57  -33    5   38   45   50   37    7  -29  -62
  -92 -102  -87  -56  -31   -8    9   17   24999989999899998
9999899998999989999899998 -199 -304 -330 -295 -245 -198 -105  -14
   18  -20  -68  -85  -63   -2   50   74   63   29  -25  -77 -108
 -126 -131 -126 -114  -93  -81  -65  -56  -42999989999899998
999989999899998999989999899998 -301 -334 -305 -251 -173  -74   -7
   -8  -59 -111 -133 -106  -17   70  112   73   15  -53 -112 -145
 -145 -132 -125 -114 -109 -103  -89  -76  -69999989999899998
9999899998999989999899998999989999899998 -339 -277 -197 -124  -74
  -75 -115 -156 -176 -143  -44   82  148   90   15  -54 -111 -139
 -131 -105  -93  -92  -88  -90  -83  -68  -59999989999899998
9999899998999989999899998999989999899998999989999899998 -198 -158
 -142 -147 -181 -187 -166  -94   36  142   91   29  -29  -84 -114
 -109  -95  -82  -84  -88  -84  -73  -51  -30  -109999899998
999989999899998999989999899998999989999899998999989999899998 -180
 -142 -132 -156 -182 -182 -148  -87   -9   65   51    3  -39  -76
  -92 -103 -103 -102 -107  -97  -68  -30   -1   15   2599998
999989999899998999989999899998999989999899998999989999899998 -120
  -85  -76 -100 -147 -166 -156 -123  -70   35   85   55   11  -49
  -90 -109 -115 -125 -132 -107  -60   -8   28   42   3999998
9999899998999989999899998999989999899998999989999899998  -89  -46
  -12    0  -30  -90 -125 -122  -88  -35   50   92   65   20  -25
  -76  -98 -113 -134 -158 -124  -62    6   52   61   5899998
99998999989999899998999989999899998999989999899998  -78  -22   23
   64   80   46  -26  -83  -72  -35   16   48   64   53   16  -23
  -39  -63  -95 -139 -165 -126  -60   18   71   75   6699998
99998999989999899998999989999899998999989999899998  -13   34   79
  124  152  122   37  -39  -17   29   74   79   68   52   34    9
   -8  -25  -76 -125 -146 -108  -42   34   84   92   7499998
99998999989999899998999989999899998999989999899998   25   58  102
  148  190  183  107   26   57   99  136  104   82   61   47   36
   10  -16  -68 -109 -126  -87  -20   52  109  1129999899998
99998999989999899998999989999899998999989999899998   20   40   82
  122  166  222   43   96  136  174  183  122   97   80   58   55
   16  -23  -65  -95 -105  -63    8   83  147  116  10699998
