tauX_total_06_2014_ano.22
  188   12 -115 -204 -253 -258 -178 -121 -110  -99  -96 -113 -111
  -11   69  125  -43 -190 -262 -293 -254 -120  -14   209999899998
999989999899998999989999899998999989999899998999989999899998
   97  -66 -179 -257 -283 -255 -181 -127 -105  -81  -66  -41  -25
   21   51   42 -136 -274 -344 -368 -326 -206  -99999989999899998
999989999899998999989999899998999989999899998999989999899998
   29 -109 -188 -234 -235 -174 -115  -73  -61  -58  -38    2   14
  -11  -26  -76 -211 -326 -388 -385 -303 -226 -162999989999899998
999989999899998999989999899998999989999899998999989999899998
  -17  -89 -135 -129  -72   -6   26   40   13  -18  -23   -2  -18
  -88 -152 -196 -254 -319 -338 -263 -173 -12499998999989999899998
999989999899998999989999899998999989999899998999989999899998
   12    7  -12   34  117  183  206  173   91   24   -3  -59 -110
 -186 -242 -267 -241 -220 -164  -78    6   7199998999989999899998
999989999899998999989999899998999989999899998999989999899998
  103  120  117  162  210  265  274  217  124   53    7  -89 -185
 -260 -280 -242 -170 -110  -30   54  143  21899998999989999899998
999989999899998999989999899998999989999899998999989999899998
  174  166  157  165  195  223  209  147   75   25   21  -79 -186
 -248 -254 -195 -117  -57    9   88  175  25799998999989999899998
999989999899998999989999899998999989999899998999989999899998
  170  128   93   61   70  101   76   24  -21  -13   13  -38 -119
 -186 -189 -122  -79  -42  -17   43  123  20199998999989999899998
999989999899998999989999899998999989999899998999989999899998
   58  -19  -81 -117 -110  -52  -36  -67  -85  -58  -19  -32  -76
 -131 -136  -75  -33  -23  -32  -10   62  11399998999989999899998
999989999899998999989999899998999989999899998999989999899998
 -138 -236 -317 -344 -294 -174 -104 -100 -125 -108  -61  -49  -77
 -117 -109  -55  -14   -9  -16   -7   30   67   95999989999899998
999989999899998999989999899998999989999899998999989999899998
 -364 -487 -576 -563 -430 -251 -125  -82 -127 -134  -90  -75 -102
 -124 -108  -60  -22  -14  -13   -4   18   60   95  1239999899998
999989999899998999989999899998999989999899998999989999899998
99998 -698 -762 -680 -487 -282 -122  -57 -103 -130  -97  -90 -110
 -119 -106  -71  -53  -32  -25  -16    7   49   88  121  14799998
999989999899998999989999899998999989999899998999989999899998
99998999989999899998 -483 -273 -129  -91 -127 -148 -112 -106 -100
 -100 -100 -105  -86  -64  -49  -31   -6   34   68   94   91   81
   81   98  108   98   72   67   74   97  127999989999899998
9999899998999989999899998 -210 -162 -168 -186 -189 -151  -83  -44
  -43  -74 -112 -133 -126  -96  -61  -34    0   27   34   23    5
   16   44   69   77   65   55   54   67   82999989999899998
9999899998999989999899998 -169 -211 -232 -243 -208 -113   -9   35
    7  -51 -130 -187 -213 -175 -126 -137 -109  -53  -45  -69  -92
  -66  -25   19   50   54   43   35   38   40999989999899998
999989999899998999989999899998 -268 -272 -234 -110   12  113  130
   50  -60 -164 -262 -293 -235 -205 -229 -169 -120 -125 -137 -170
 -142  -96  -36   24   41   34   36   38   24999989999899998
9999899998999989999899998999989999899998 -125   37  176  232  194
   72  -92 -239 -331 -309 -183  -47  -50  -79  -69  -90 -135 -168
 -175 -153 -100  -39    7   31   49   52   38999989999899998
9999899998999989999899998999989999899998999989999899998  314  205
   45 -168 -337 -390 -322 -156  -17  -22  -43  -52  -58  -93 -121
 -163 -193 -178 -134  -68   18   62   67   55   389999899998
999989999899998999989999899998999989999899998999989999899998  155
  -22 -245 -416 -434 -359 -210 -102  -66  -62  -73  -67  -70  -82
 -136 -190 -211 -199 -144  -21   56   67   59   46   2999998
999989999899998999989999899998999989999899998999989999899998   61
  -93 -287 -423 -457 -405 -286 -181 -107  -88  -91  -82  -56  -48
  -86 -130 -175 -193 -161  -74   23   59   56   38   2199998
9999899998999989999899998999989999899998999989999899998  -18  -53
 -155 -285 -418 -475 -451 -352 -204 -106  -75  -54  -45  -33   -8
  -32  -62 -109 -150 -145  -90   -9   46   63   41   1999998
99998999989999899998999989999899998999989999899998 -191 -145 -117
 -149 -259 -404 -493 -485 -359 -205  -88   -9   42   61   47    8
  -15  -26  -46  -85 -108  -68   -2   65   76   16  -3099998
99998999989999899998999989999899998999989999899998 -233 -165 -121
 -132 -207 -342 -470 -491 -333 -182  -46   94  171  169   85  -22
  -55  -68  -61  -58  -80  -35   25   71   35  -49 -15099998
99998999989999899998999989999899998999989999899998 -247 -158  -97
 -100 -164 -284 -422 -485 -348 -167  -19  169  258  189   52  -89
 -148 -158 -123  -94  -93  -28   43   45  -32 -1749999899998
99998999989999899998999989999899998999989999899998 -238 -134  -69
  -64 -121 -248 -383 -494 -443 -250  -97  144  252  152  -12 -164
 -242 -255 -190 -133 -110  -27   59   19 -105 -312 -54099998
