tauX_total_06_2017_ano.22
   17   42   56   80   84   70    3  -51 -102 -154 -197 -138  -72
   -7   23   24  -51 -111 -123 -118  -91  -53  -19   -49999899998
999989999899998999989999899998999989999899998999989999899998
  -12   25   28   30   23    4  -45  -94 -139 -183 -204 -162 -103
  -35   16   20  -38  -84 -106 -112  -99  -79  -60999989999899998
999989999899998999989999899998999989999899998999989999899998
   -9    2  -16  -46  -78 -104 -135 -162 -185 -207 -206 -160 -104
  -42    9   23  -23  -63  -93  -94  -86  -83  -89999989999899998
999989999899998999989999899998999989999899998999989999899998
   17  -23  -66 -130 -186 -227 -227 -220 -214 -187 -170 -121  -59
  -10   17    9  -38  -62  -64  -56  -44  -5299998999989999899998
999989999899998999989999899998999989999899998999989999899998
   31  -46  -92 -163 -236 -275 -257 -224 -189 -138 -101  -34   -3
   -1  -14  -43  -84  -84  -27   17   27   2899998999989999899998
999989999899998999989999899998999989999899998999989999899998
   -6  -64  -97 -144 -175 -192 -176 -142  -99  -54  -11   17    7
  -43  -96 -138 -119  -89   -7   58   92  10799998999989999899998
999989999899998999989999899998999989999899998999989999899998
  -79  -83  -77  -67  -67  -70  -62  -47   -8   26   44    9  -52
 -128 -192 -209 -149  -80   -3   66  114  13599998999989999899998
999989999899998999989999899998999989999899998999989999899998
 -158  -86  -38   18   38   35   20   11   32   50   41  -50 -141
 -217 -260 -247 -161  -80  -25   31   80  11099998999989999899998
999989999899998999989999899998999989999899998999989999899998
 -209  -93   -6   61   89   76   37   30   49   50   18  -87 -178
 -239 -254 -212 -144  -87  -65  -24   24   6599998999989999899998
999989999899998999989999899998999989999899998999989999899998
 -232 -107   -7   47   76   59   43   59   79   79   49  -56 -142
 -182 -166 -116  -90  -85  -92  -81  -32   33  100999989999899998
999989999899998999989999899998999989999899998999989999899998
 -247 -128  -34   20   33   21   53   92  130  137   95   24  -61
  -88  -57   -7  -26  -65  -98 -104  -58   24   95  1379999899998
999989999899998999989999899998999989999899998999989999899998
99998 -140  -68   -1   16   19   67  118  159  167  129   67   -6
  -21   -9   -4  -19  -56  -86  -99  -60   16   78  120  14399998
999989999899998999989999899998999989999899998999989999899998
99998999989999899998   14   21   60   89  103  117  113   73    2
  -45  -76  -71  -74  -90 -100  -99  -74   -6   53   98  102   85
   96  118  132  108   66   42   44   92  138999989999899998
9999899998999989999899998    0  -15  -19  -18   -4    7  -17  -70
 -151 -181 -136 -102 -106 -130 -123 -112  -49   24   69   70   40
   33   45   44   21  -16  -26    0   56  112999989999899998
9999899998999989999899998  -54 -111 -139 -140 -130 -127 -163 -204
 -256 -214 -126  -59  -42  -77 -131 -148  -95  -12   37   31  -19
  -45  -44  -46  -69 -101  -88  -36   32   94999989999899998
999989999899998999989999899998 -146 -193 -217 -228 -234 -291 -340
 -312 -205  -62   40   71   17  -68 -120 -103  -31   11   -9  -68
 -112 -119 -114 -128 -164 -120  -51   24   75999989999899998
9999899998999989999899998999989999899998 -240 -277 -313 -395 -440
 -346 -197  -24  104  158  105    8  -56  -48  -14    3  -14  -72
 -120 -123 -110 -125 -154 -123  -58    8   47999989999899998
9999899998999989999899998999989999899998999989999899998 -456 -479
 -380 -229  -70   76  153  135   71   24   15   25   27    1  -53
  -79  -77  -67  -81 -108 -104  -63  -12   19   209999899998
999989999899998999989999899998999989999899998999989999899998 -408
 -361 -257 -166  -43   43   83   97   91   68   58   49   14  -24
  -34  -52  -69  -82  -94  -93  -68  -27   -4    4    699998
999989999899998999989999899998999989999899998999989999899998 -232
 -231 -232 -226 -177 -125  -48   43   89   72   47   37   16    1
  -26  -67 -105 -127 -120  -90  -55  -21    0    8    999998
9999899998999989999899998999989999899998999989999899998 -168 -120
 -111 -138 -187 -230 -246 -186 -104  -52  -28  -27  -18   -5    7
  -41  -93 -146 -170 -145  -86  -24    5   25   28   2799998
99998999989999899998999989999899998999989999899998 -273 -161  -97
  -53  -59 -111 -211 -292 -306 -282 -226 -173 -127  -91  -44  -16
  -74 -123 -166 -187 -169  -90   -6   33   41   34   2999998
99998999989999899998999989999899998999989999899998 -265 -179 -113
  -58  -36  -75 -210 -325 -391 -417 -366 -272 -189 -143 -103  -76
 -105 -144 -173 -191 -180 -107  -31   16   27   17    399998
99998999989999899998999989999899998999989999899998 -246 -198 -145
  -97  -73  -91 -228 -362 -458 -489 -440 -308 -209 -177 -154 -143
 -137 -153 -178 -194 -190 -143  -95  -45  -17  -289999899998
99998999989999899998999989999899998999989999899998 -225 -218 -180
 -140 -119 -140 -237 -372 -482 -513 -437 -285 -205 -198 -200 -207
 -169 -163 -179 -190 -199 -194 -171 -121  -86  -84 -11399998
