tauX_total_07_2015_ano.22
  156  120   68   35   27   45   67   84   53   11  -34   22   66
   56   22  -29    9   54  111  143  136  116  119  1609999899998
999989999899998999989999899998999989999899998999989999899998
  150   71   13  -24  -31  -10   49   93   85   62   27   36   51
   26  -18  -66  -40    3   38   57   39   28   27999989999899998
999989999899998999989999899998999989999899998999989999899998
  132   34  -25  -66  -89  -60   32  108  129  121   95   72   58
   21  -26  -71  -60  -29  -16  -12  -38  -57  -63999989999899998
999989999899998999989999899998999989999899998999989999899998
   95    9  -44  -89 -115  -88   30  126  168  174  154  109   75
   40    7  -22  -21    4   -5  -33  -66 -10199998999989999899998
999989999899998999989999899998999989999899998999989999899998
   40   -4  -42  -77  -80  -43   73  155  190  199  183  134   80
   59   54   67   80   77   59   20  -25  -4599998999989999899998
999989999899998999989999899998999989999899998999989999899998
  -14  -17  -27  -24    5   58  128  161  170  171  157  109   67
   67   90  131  147  148  117   72   29   3299998999989999899998
999989999899998999989999899998999989999899998999989999899998
  -46  -30  -24    4   48   96  107  113  116  107   99   56   30
   38   76  123  160  163  119   70   48   6799998999989999899998
999989999899998999989999899998999989999899998999989999899998
  -80  -71  -54  -19   11   35   40   45   55   62   62   31   -4
  -12   22   79  111  101   56   27   38   8199998999989999899998
999989999899998999989999899998999989999899998999989999899998
 -126 -120 -101  -77  -63  -50  -31  -16    8   30   34    6  -41
  -68  -44   31   53   21  -19   -6   37   9799998999989999899998
999989999899998999989999899998999989999899998999989999899998
 -191 -175 -153 -143 -128 -110  -82  -55  -27   -1    5  -43 -104
 -133  -88   -3   18  -19  -48  -31   41  127  218999989999899998
999989999899998999989999899998999989999899998999989999899998
 -283 -243 -210 -185 -158 -137 -103  -66  -34  -14  -20 -101 -180
 -189 -119  -14    9  -19  -54  -41   34  136  206  2359999899998
999989999899998999989999899998999989999899998999989999899998
99998 -303 -252 -191 -154 -132  -91  -56  -27    0    8  -94 -196
 -211 -119    5   36   10  -44  -45   18  111  165  189  21599998
999989999899998999989999899998999989999899998999989999899998
99998999989999899998 -134 -125 -103  -89  -64   -8   33  -25 -113
 -145  -96   -7   32   25  -17  -43   -2   54   87  110  122  140
  146  143  151  158  171  180  173  159  136999989999899998
9999899998999989999899998 -153 -180 -185 -140  -78  -26   -6  -52
 -103 -129  -93  -51  -26  -17  -17    0    5    4    9   29   46
   55   61   58   61   69   79   87   88   92999989999899998
9999899998999989999899998 -233 -283 -294 -244 -191 -140 -107 -113
 -172 -244 -258 -194 -138  -68   -4   13  -16  -56  -72  -73  -70
  -48  -28  -26  -24  -15    0   16   29   47999989999899998
999989999899998999989999899998 -366 -368 -350 -317 -280 -261 -240
 -283 -344 -368 -305 -238 -157  -52    5  -35  -71  -98 -140 -160
 -141 -108  -85  -60  -58  -39  -17    0   -2999989999899998
9999899998999989999899998999989999899998 -436 -419 -410 -377 -337
 -336 -319 -325 -330 -305 -262 -185 -101  -64  -54  -72 -119 -162
 -173 -148  -97  -55  -51  -32  -13  -11  -36999989999899998
9999899998999989999899998999989999899998999989999899998 -436 -373
 -276 -253 -341 -428 -424 -351 -328 -266 -133  -44  -40  -65 -105
 -137 -148  -85  -16    6   -1    5  -14  -53  -939999899998
999989999899998999989999899998999989999899998999989999899998 -291
 -195 -308 -488 -617 -632 -539 -436 -395 -219  -84  -43  -37  -47
  -70 -116  -95   18   46   -5    4  -17  -45  -62  -7599998
999989999899998999989999899998999989999899998999989999899998 -133
 -205 -405 -648 -812 -796 -654 -494 -402 -284 -179  -95  -43  -15
  -11  -24  -47 -140 -366 -147  -49   -7   -1    8    799998
9999899998999989999899998999989999899998999989999899998 -174  -89
 -250 -500 -787 -892 -827 -628 -428 -323 -324 -297 -200 -101  -27
   17   48  -32 -376 -661 -348 -174  -51   40   87  11499998
99998999989999899998999989999899998999989999899998 -357 -199 -129
 -258 -528 -816 -825 -721 -499 -310 -273 -347 -397 -318 -212 -101
   -1   35  -93 -303 -459 -383 -309 -177  -21  109  18899998
99998999989999899998999989999899998999989999899998 -301 -216 -174
 -211 -428 -659 -637 -513 -339 -242 -283 -370 -441 -402 -316 -191
  -64  -10 -107 -237 -353 -423 -441 -330 -168    8  16899998
99998999989999899998999989999899998999989999899998 -250 -243 -226
 -219 -289 -440 -443 -337 -260 -272 -320 -400 -463 -461 -403 -285
 -130  -49  -96 -186 -282 -450 -547 -484 -336 -1599999899998
99998999989999899998999989999899998999989999899998 -189 -285 -300
 -309 -331 -371 -352 -308 -315 -328 -358 -436 -482 -502 -489 -387
 -182  -68  -62 -131 -218 -470 -631 -617 -495 -318 -11399998
