tauX_total_12_2015_ano.22
 -569 -395 -282 -215 -153  -88   67  210  376  503  614  579  534
  556  571  538  237  -37 -157 -189 -126  -55   -2  -329999899998
999989999899998999989999899998999989999899998999989999899998
 -412 -316 -224 -154 -108  -69   16  120  248  357  414  408  394
  428  442  407   98 -152 -258 -283 -225 -148  -87999989999899998
999989999899998999989999899998999989999899998999989999899998
 -285 -223 -159 -102  -84 -100  -90    4  121  189  203  198  204
  215  244  232  -28 -234 -338 -345 -272 -217 -165999989999899998
999989999899998999989999899998999989999899998999989999899998
 -225 -179 -128 -106 -150 -212 -208 -124  -10   63   66   36   30
   -2   -5   37  -77 -217 -319 -297 -263 -23399998999989999899998
999989999899998999989999899998999989999899998999989999899998
 -245 -182 -141 -182 -256 -316 -276 -215 -119  -29   18   -2  -53
  -52   -3   22   22  -55 -117 -169 -190 -21299998999989999899998
999989999899998999989999899998999989999899998999989999899998
 -316 -244 -197 -234 -283 -341 -306 -247 -151  -59  -18  -30  -68
  -47   -7   36   46   34  -11  -68 -134 -18499998999989999899998
999989999899998999989999899998999989999899998999989999899998
 -352 -286 -240 -227 -243 -288 -287 -240 -155 -100  -72  -80  -98
  -83  -49  -13   33   52   26  -28 -101 -17199998999989999899998
999989999899998999989999899998999989999899998999989999899998
 -319 -287 -264 -226 -232 -240 -262 -242 -186 -132 -117 -121 -129
 -142 -134  -95  -22   26   18  -31  -99 -16299998999989999899998
999989999899998999989999899998999989999899998999989999899998
 -272 -277 -287 -269 -255 -250 -269 -251 -202 -166 -128 -133 -156
 -202 -223 -200 -105  -39  -32  -61 -104 -15499998999989999899998
999989999899998999989999899998999989999899998999989999899998
 -236 -281 -305 -334 -342 -327 -291 -255 -213 -140  -69  -86 -144
 -221 -278 -265 -202 -116  -77  -70 -114 -150 -164999989999899998
999989999899998999989999899998999989999899998999989999899998
 -223 -281 -312 -363 -404 -402 -332 -254 -167  -57    6  -24  -95
 -187 -254 -258 -206 -132  -78  -58  -82 -117 -109  -869999899998
999989999899998999989999899998999989999899998999989999899998
99998 -268 -297 -331 -378 -404 -355 -262 -128  -23   35   28  -32
 -119 -187 -194 -146  -92  -41  -26  -55  -81  -77  -36   -499998
999989999899998999989999899998999989999899998999989999899998
99998999989999899998 -374 -415 -388 -316 -183  -53   29   46    5
  -66 -124 -134  -83  -35    2  -10  -54  -76  -77  -32  -13  -17
  -28  -30  -37  -51  -64  -49  -20   21   71999989999899998
9999899998999989999899998 -496 -487 -414 -278 -131  -28   11  -12
  -63 -110 -106  -53    4   16  -15  -70 -101  -96  -60  -36  -41
  -52  -54  -46  -39  -40  -25    2   34   66999989999899998
9999899998999989999899998 -664 -615 -522 -378 -224 -109  -74  -78
 -107 -132 -130  -66   -1    5  -31  -81 -107  -94  -73  -52  -58
  -63  -59  -39  -24  -18   -9    9   34   56999989999899998
999989999899998999989999899998 -740 -609 -447 -296 -188 -137 -122
 -137 -150 -139 -100  -46  -26  -26  -52  -57  -51  -47  -47  -58
  -59  -42  -18   -1   -2   -1    7   26   47999989999899998
9999899998999989999899998999989999899998 -469 -329 -243 -174 -134
 -128 -130 -128 -113  -83  -27    3    6   -4   -4    0  -28  -55
  -45  -19   10   19    9   -4   -7   10   31999989999899998
9999899998999989999899998999989999899998999989999899998 -199 -146
 -112 -106 -117 -121 -109  -40    7   25   20   40   45   10  -36
  -34   -9   14   24   10  -17  -24   -5   21   499999899998
999989999899998999989999899998999989999899998999989999899998 -177
 -123  -99 -114 -134 -138 -100  -58  -29   25   78   89   67   30
   -4   -6    5   22   22    0  -21  -14   20   53   8499998
999989999899998999989999899998999989999899998999989999899998 -216
 -146 -113 -127 -160 -169 -164 -146 -110    1   86  124  131  103
   56   22   25   48   64   40   12    2   19   52   8099998
9999899998999989999899998999989999899998999989999899998 -347 -232
 -152 -116 -147 -185 -202 -204 -200 -162  -41   59  133  170  157
  116   62   56   71   90   67   33   13   16   43   7099998
99998999989999899998999989999899998999989999899998 -475 -328 -160
  -42  -29 -117 -188 -223 -217 -196 -161  -71   21  113  175  196
  160   90   43   35   54   49   32   20   16   23   4199998
99998999989999899998999989999899998999989999899998 -431 -206    6
  145  178   53 -125 -221 -204 -155 -117  -79  -12   76  161  209
  162   87   -4  -60  -38    5   24   15    4    1    199998
99998999989999899998999989999899998999989999899998 -393  -82  176
  337  375  246   10 -191 -172 -113  -53  -68  -39   43  142  208
  152   52  -84 -163 -142  -56    9    2  -14  -319999899998
99998999989999899998999989999899998999989999899998 -403   -4  294
  480  526  397  126 -161 -145  -50   25  -12  -22   58  151  235
  150   11 -159 -256 -245 -103    2   -4  -21  -53  -9599998
