tauX_total_11_2014_ano.22
   -2  -89 -177 -294 -391 -459 -342 -253 -147 -108  -82 -102 -160
 -315 -450 -593 -494 -376 -202  -26   56   89  131  1949999899998
999989999899998999989999899998999989999899998999989999899998
  -51 -164 -275 -384 -461 -495 -446 -397 -367 -341 -333 -357 -394
 -521 -606 -669 -559 -403 -234 -107  -21    6   33999989999899998
999989999899998999989999899998999989999899998999989999899998
  -87 -235 -351 -450 -535 -557 -570 -568 -597 -565 -535 -529 -519
 -579 -652 -639 -516 -350 -211 -115  -65  -68  -66999989999899998
999989999899998999989999899998999989999899998999989999899998
 -153 -304 -410 -494 -562 -602 -691 -743 -770 -737 -642 -552 -474
 -480 -490 -473 -358 -229 -147  -69  -75  -9699998999989999899998
999989999899998999989999899998999989999899998999989999899998
 -266 -350 -431 -499 -530 -544 -668 -801 -820 -730 -556 -375 -297
 -273 -241 -227 -159 -100  -52  -54  -62  -6799998999989999899998
999989999899998999989999899998999989999899998999989999899998
 -384 -403 -428 -440 -414 -411 -537 -677 -696 -580 -376 -215 -149
 -156 -163 -121  -85  -71  -61  -73  -62  -5199998999989999899998
999989999899998999989999899998999989999899998999989999899998
 -449 -414 -400 -348 -299 -289 -424 -545 -563 -468 -289 -172 -133
 -179 -213 -169 -141 -121 -119 -103  -85  -6599998999989999899998
999989999899998999989999899998999989999899998999989999899998
 -431 -367 -338 -273 -239 -247 -362 -474 -480 -386 -237 -168 -184
 -255 -284 -254 -208 -156 -142 -125 -105  -8299998999989999899998
999989999899998999989999899998999989999899998999989999899998
 -333 -292 -262 -238 -250 -299 -382 -465 -431 -292 -134 -122 -193
 -308 -363 -315 -206 -145 -132 -114  -89  -7299998999989999899998
999989999899998999989999899998999989999899998999989999899998
 -236 -222 -204 -248 -305 -374 -457 -504 -413 -173   -6  -38 -146
 -298 -394 -314 -170  -88  -65  -50  -51  -59  -69999989999899998
999989999899998999989999899998999989999899998999989999899998
 -213 -194 -180 -234 -316 -381 -450 -497 -340  -55  101   46  -91
 -247 -321 -253 -115   -9   24   21    3  -36  -38  -179999899998
999989999899998999989999899998999989999899998999989999899998
99998 -194 -175 -176 -221 -275 -324 -345 -191   24  159   99  -30
 -167 -235 -199  -71   26   57   62   44   13    7   30   4499998
999989999899998999989999899998999989999899998999989999899998
99998999989999899998 -107 -144 -196 -220 -138   10  135  124   33
  -92 -181 -152  -66  -12   13   24   22   25   20   39   45   40
   33   42   73   90   90   62   19  -45 -114999989999899998
9999899998999989999899998  -61 -146 -203 -182  -81   31   82   39
  -65 -136 -131 -112 -120 -130 -133 -103  -46  -13    8    4    1
   14   38   73   98   92   51    7  -47 -100999989999899998
9999899998999989999899998  -53 -170 -234 -231 -187 -104  -47  -53
 -107 -142 -171 -222 -279 -325 -356 -337 -230 -104  -69  -63  -58
  -18   34   84  110   99   59   16  -19  -44999989999899998
999989999899998999989999899998 -205 -268 -282 -260 -223 -186 -170
 -173 -198 -223 -320 -419 -505 -541 -525 -393 -203 -122 -103 -114
  -56   28   98  123  110   77   45   29   23999989999899998
9999899998999989999899998999989999899998 -342 -325 -308 -291 -264
 -237 -211 -219 -328 -449 -570 -636 -575 -406 -216 -110  -84  -98
  -61   19   96  137  124  101   87   85   88999989999899998
9999899998999989999899998999989999899998999989999899998 -378 -322
 -253 -186 -185 -270 -400 -531 -609 -552 -347 -188  -94  -55  -48
  -35    8   80  125  132  125  129  129  120  1059999899998
999989999899998999989999899998999989999899998999989999899998 -281
 -191 -146 -180 -255 -356 -446 -503 -464 -301 -185 -104  -64  -61
  -43  -17   50  100  127  153  169  164  138  107   7599998
999989999899998999989999899998999989999899998999989999899998 -172
 -130 -156 -219 -306 -349 -346 -338 -333 -273 -203 -149 -121 -103
  -79  -46   10   64  105  156  189  184  150  104   6999998
9999899998999989999899998999989999899998999989999899998 -174 -119
 -125 -185 -284 -343 -336 -271 -212 -198 -231 -223 -198 -163 -129
  -97  -50  -12   32   78  145  199  192  158  116   7799998
99998999989999899998999989999899998999989999899998 -232 -150 -101
 -131 -222 -352 -364 -327 -221 -136 -115 -172 -222 -208 -166 -113
  -61  -27  -13    5   33  101  168  190  165  121   7799998
99998999989999899998999989999899998999989999899998 -176 -117  -77
 -111 -228 -379 -364 -289 -161  -80  -73 -120 -177 -163 -116  -41
    6    7   -8  -25  -23   34   96  136  134   94   6099998
99998999989999899998999989999899998999989999899998 -121  -86  -52
  -58 -202 -383 -351 -223  -99  -43  -61  -98 -132 -108  -48   29
   52   42   -7  -56  -72  -29   19   57   65   369999899998
99998999989999899998999989999899998999989999899998  -68  -68  -47
  -28 -108 -478 -332 -126  -31  -49  -80 -123 -125  -94  -28   42
   70   64  -15  -81 -116  -83  -34   -1    0  -29  -8199998
