tauX_total_09_2016_ano.22
 -190 -156 -171 -265 -358 -424 -299 -187 -149 -179 -309 -464 -545
 -504 -430 -384 -425 -456 -458 -422 -364 -334 -331 -3669999899998
999989999899998999989999899998999989999899998999989999899998
 -160 -150 -173 -260 -347 -409 -312 -216 -193 -231 -344 -470 -546
 -477 -371 -298 -319 -352 -356 -323 -272 -249 -251999989999899998
999989999899998999989999899998999989999899998999989999899998
 -111 -125 -161 -245 -340 -399 -327 -234 -205 -226 -323 -425 -466
 -374 -256 -169 -186 -217 -228 -219 -178 -153 -154999989999899998
999989999899998999989999899998999989999899998999989999899998
  -73 -113 -154 -228 -316 -381 -333 -239 -177 -192 -253 -313 -311
 -210 -102  -48  -68 -109 -129 -125  -99  -6599998999989999899998
999989999899998999989999899998999989999899998999989999899998
  -58 -106 -139 -192 -263 -320 -278 -207 -140 -109 -124 -128 -106
  -21   29   36  -24  -72  -89  -90  -63  -2499998999989999899998
999989999899998999989999899998999989999899998999989999899998
  -40  -66  -88 -122 -149 -180 -184 -141  -83  -48  -24   19   78
  111  107   57  -36 -100 -115  -96  -64  -2199998999989999899998
999989999899998999989999899998999989999899998999989999899998
  -31  -18  -11  -13  -29  -31  -62  -70  -46  -10   25  118  198
  203  154   75  -35 -114 -119  -97  -64  -3399998999989999899998
999989999899998999989999899998999989999899998999989999899998
  -55   -8   21   49   70   70   41    8    4   16   54  156  233
  235  195  120   23  -47  -52  -34  -23  -2099998999989999899998
999989999899998999989999899998999989999899998999989999899998
  -91  -36    8   57  104  115   94   57   34   29   52  123  182
  210  210  176  129   95   79   69   55   3799998999989999899998
999989999899998999989999899998999989999899998999989999899998
 -136  -91  -30   36   90  122  105   72   31   10   21   45   83
  139  181  198  221  217  187  154  129   93   55999989999899998
999989999899998999989999899998999989999899998999989999899998
 -190 -138  -78   -1   67  100   78   54   14  -20  -26  -26   -5
   55  126  183  226  235  206  170  154  130   95   729999899998
999989999899998999989999899998999989999899998999989999899998
99998 -151  -97  -16   44   61   44   25    5  -15  -28  -48  -43
   -8   62  132  159  158  134  118  127  124  108   84   7399998
999989999899998999989999899998999989999899998999989999899998
99998999989999899998   17   18   20   22   28   28   11  -23  -40
  -33    5   45   49   39   29   36   57   74   80   62   45   53
  116  155  146   77  -18  -85  -99  -18   88999989999899998
9999899998999989999899998  -25   10   69  108   91    1  -48  -64
  -52  -53  -40  -51  -57  -53  -35  -13    8   11    1    6   21
   59   81   62   11  -52  -77  -70   -6   70999989999899998
9999899998999989999899998  -64   95  199  217  122  -33 -149 -166
 -125  -99 -108 -109 -101  -81  -59  -44  -42  -52  -53  -36  -20
   -6    9   -5  -39  -71  -69  -40   11   69999989999899998
999989999899998999989999899998  253  362  303  127  -98 -254 -273
 -201 -137 -140 -133 -116  -92  -69  -56  -71  -95  -90  -75  -56
  -50  -42  -48  -56  -62  -47   -6   33   67999989999899998
9999899998999989999899998999989999899998  398  115 -184 -332 -331
 -228 -142 -137 -155 -142 -108  -85  -76  -87 -112 -110  -99  -81
  -75  -72  -59  -55  -53  -22   14   44   51999989999899998
9999899998999989999899998999989999899998999989999899998 -367 -315
 -187 -117 -142 -185 -186 -144  -98  -49  -47  -85 -129 -124 -105
  -79  -69  -57  -52  -34  -16    9   33   40   349999899998
999989999899998999989999899998999989999899998999989999899998 -231
 -131  -98 -159 -226 -244 -189  -78   18   28  -24 -115 -166 -139
  -97  -74  -74  -67  -49  -27    1   25   42   45   4299998
999989999899998999989999899998999989999899998999989999899998 -146
  -97 -107 -174 -263 -296 -219  -97   22   39  -13 -105 -167 -160
 -125  -98 -102 -100  -90  -50   -2   34   53   59   5399998
9999899998999989999899998999989999899998999989999899998 -198 -122
  -86  -89 -149 -240 -296 -240 -144  -59  -36  -59 -115 -163 -164
 -141 -120 -125 -132 -113  -48    6   44   67   71   6599998
99998999989999899998999989999899998999989999899998 -269 -183 -114
  -60  -29  -56 -144 -220 -230 -203 -157 -136 -137 -163 -173 -159
 -142 -134 -127 -122 -103  -44    5   44   64   71   7099998
99998999989999899998999989999899998999989999899998 -193 -138  -80
   -9   45   54  -18 -107 -197 -230 -233 -215 -204 -205 -199 -168
 -164 -163 -148 -130 -111  -73  -35    0   25   45   6099998
99998999989999899998999989999899998999989999899998 -100  -82  -39
   29   89  122   96   16 -128 -238 -268 -252 -242 -231 -195 -182
 -188 -195 -188 -168 -141 -130 -111  -73  -29    49999899998
99998999989999899998999989999899998999989999899998  -21  -33   -8
   38   93  143  151   98  -51 -196 -254 -250 -235 -210 -192 -197
 -213 -225 -220 -198 -181 -188 -185 -138  -77  -22   2099998
