tauX_total_08_2015_ano.22
   25  -99 -174 -193 -188 -154 -154 -154 -188 -217 -227 -214 -190
 -144 -140 -132  -64   36  155  182  143   -1 -119 -2159999899998
999989999899998999989999899998999989999899998999989999899998
   24  -78 -145 -165 -154 -118  -98  -85  -97 -105 -101  -54  -33
  -58 -114 -169 -163 -118  -38   21    8  -91 -179999989999899998
999989999899998999989999899998999989999899998999989999899998
   31  -47 -100 -120 -118  -79  -41   -9   11   23   46  121  129
   24  -96 -223 -262 -251 -185 -109  -81 -147 -220999989999899998
999989999899998999989999899998999989999899998999989999899998
   24  -24  -64  -84  -78  -49    4   43   88  128  166  242  244
   98  -89 -267 -339 -331 -237 -148 -105 -13899998999989999899998
999989999899998999989999899998999989999899998999989999899998
    3  -18  -40  -58  -55  -32   11   58  105  160  199  242  250
  125  -63 -253 -327 -291 -171  -74  -57  -6299998999989999899998
999989999899998999989999899998999989999899998999989999899998
  -21  -29  -34  -38  -34  -18   20   41   77  131  174  195  168
   82  -55 -183 -202 -161  -56    8    9    999998999989999899998
999989999899998999989999899998999989999899998999989999899998
  -34  -30  -29  -24   -9   17   17    3   11   53  102  114   65
  -10  -78 -115  -82  -41    5   26   37   3599998999989999899998
999989999899998999989999899998999989999899998999989999899998
  -44  -34  -18    6   35   47    8  -31  -42  -16   28   17  -25
  -90 -124 -104  -46    5   10   21   40   5099998999989999899998
999989999899998999989999899998999989999899998999989999899998
  -49  -24    4   42   72   79   15  -39  -57  -44  -10  -43  -82
 -132 -146 -106  -35   24   28   41   59   8899998999989999899998
999989999899998999989999899998999989999899998999989999899998
  -60  -19   10   45   78   92   39  -17  -44  -33   -7  -34  -69
 -102 -101  -49    1   39   48   55   84  131  185999989999899998
999989999899998999989999899998999989999899998999989999899998
  -97  -48  -22   11   42   58   46    3  -19  -15   20   36    2
  -16    3   47   64   48   47   53   73  124  184  2289999899998
999989999899998999989999899998999989999899998999989999899998
99998  -98  -74  -52  -28  -15    1  -31  -58  -31   48  111   99
   83   93  102   76   45   31   15   18   64  121  165  17399998
999989999899998999989999899998999989999899998999989999899998
99998999989999899998 -103  -95 -125 -152 -159  -97    1  103  143
  127   86   57   39   31    9  -27  -63  -27   32   89  102   60
    5  -18  -28  -69 -108  -75  -19   60  153999989999899998
9999899998999989999899998 -171 -238 -270 -245 -156  -31   84  134
   86   22  -17  -15   11    4  -46 -119 -118  -52   18   37    3
  -30  -42  -33  -42  -65  -45    0   66  129999989999899998
9999899998999989999899998 -196 -280 -315 -264 -156  -35   47   81
   21  -66 -110  -75  -28   -8  -36 -129 -162 -102  -32  -19  -57
  -72  -67  -40  -25  -36  -26    5   53   89999989999899998
999989999899998999989999899998 -262 -286 -220 -138  -50    1    5
  -52 -132 -174 -135  -76  -18   -6  -82 -141  -89  -33  -45  -96
 -102  -84  -51  -21  -17  -12    1   25   40999989999899998
9999899998999989999899998999989999899998 -174 -130  -79  -66  -86
 -120 -166 -187 -173 -122  -41   59   42  -13   17   34  -14  -67
  -95  -78  -46  -13   -2    1    8    9    3999989999899998
9999899998999989999899998999989999899998999989999899998 -203 -201
 -177 -163 -192 -205 -173  -74   74  242  155   84   44   19  -10
  -45  -53  -26   -5    0    4   13   11    2    89999899998
999989999899998999989999899998999989999899998999989999899998 -280
 -185 -159 -219 -287 -345 -297  -46  253  155   81   30    2   -4
  -14  -23  -10  -15  -17  -14  -11   -3   11   25   4299998
999989999899998999989999899998999989999899998999989999899998 -271
 -170 -145 -237 -415 -589 -579 -330   11   99   58   -4  -43  -45
  -18   10   12    2   -8  -25  -34  -19   13   50   7799998
9999899998999989999899998999989999899998999989999899998 -378 -217
 -134 -141 -248 -482 -672 -633 -395  -97   44   56  -39 -111 -109
  -40   27   38   39   22  -10  -31  -17   25   80  11799998
99998999989999899998999989999899998999989999899998 -505 -313 -171
  -99 -107 -225 -434 -589 -541 -349  -93   39   71  -49 -164 -175
  -64   21   56   72   66   28  -12   -9   36   91  13599998
99998999989999899998999989999899998999989999899998 -388 -251 -123
  -39  -53 -161 -341 -462 -413 -246  -58   67   88  -24 -142 -164
  -83  -15   56   93   98   49   -4   -9   11   56  11699998
99998999989999899998999989999899998999989999899998 -281 -200  -90
   13   18  -71 -213 -289 -253 -148   -7   94   93    8  -82 -120
  -98  -55   25   94  115   44  -21  -51  -48   -89999899998
99998999989999899998999989999899998999989999899998 -215 -185  -99
    4   46   -6  -66 -133 -131  -60   52   88   73   25  -54 -103
 -120  -93  -23   54   99    8  -85 -139 -133  -80  -2099998
