tauX_total_05_2016_ano.22
  -24  -50  -58 -100 -112 -116  -22   40   61   25  -36 -186 -288
 -318 -286 -233 -122  -35   90  183  246  184  141   989999899998
999989999899998999989999899998999989999899998999989999899998
  -88  -91 -102 -107  -86  -45   37   78   47  -14 -103 -227 -314
 -312 -229 -137  -50   15   61   80   93   54   24999989999899998
999989999899998999989999899998999989999899998999989999899998
 -128 -145 -156 -127  -89  -16   60   83   14  -54 -141 -229 -294
 -233 -132   -6   51   80   38   -5  -51  -90 -121999989999899998
999989999899998999989999899998999989999899998999989999899998
 -165 -202 -213 -171 -104  -25   21   29  -35 -110 -150 -184 -196
 -102   38  115  129  125   44  -51 -124 -17599998999989999899998
999989999899998999989999899998999989999899998999989999899998
 -199 -245 -241 -198 -118  -39  -47  -71 -115 -130 -101  -47   16
   83  123  141  132  117   64   -7  -74 -12799998999989999899998
999989999899998999989999899998999989999899998999989999899998
 -194 -207 -199 -166  -82    0  -42 -103 -138 -101  -14   84  173
  139   82   65   65   63   56   44   35   1699998999989999899998
999989999899998999989999899998999989999899998999989999899998
 -152 -132 -144 -121  -54   40   -6  -85 -101  -64   13  109  162
   89   -2  -29  -26  -17   22   69  105  12699998999989999899998
999989999899998999989999899998999989999899998999989999899998
 -108 -118 -146 -133  -95  -38  -36  -90  -90  -62   -3   52   48
  -19  -83 -122 -118  -96  -28   45  112  15799998999989999899998
999989999899998999989999899998999989999899998999989999899998
  -91 -160 -200 -211 -210 -190 -159 -139 -117  -76  -34  -29  -64
 -125 -192 -212 -199 -165  -97   -2   76  13599998999989999899998
999989999899998999989999899998999989999899998999989999899998
 -126 -223 -269 -317 -344 -334 -293 -206 -154  -88  -37  -68 -133
 -224 -279 -284 -259 -181  -96  -17   43  100  160999989999899998
999989999899998999989999899998999989999899998999989999899998
 -217 -286 -319 -366 -404 -392 -327 -235 -140  -25   23  -34 -127
 -251 -319 -307 -225 -125  -42   17   43   73  140  2089999899998
999989999899998999989999899998999989999899998999989999899998
99998 -294 -305 -316 -303 -288 -227 -162  -29   84  121   60  -39
 -160 -256 -251 -129  -63  -23   -1    8   31   88  182  25199998
999989999899998999989999899998999989999899998999989999899998
99998999989999899998 -151 -149 -120  -70   37  125  158  131   55
  -30 -108 -123  -73  -65  -82 -115 -138  -71    5  127  192  185
  144  106  105   89   69   62   50   55   59999989999899998
9999899998999989999899998  -80  -75  -60  -20   18   37   38   26
   22    2  -10  -59 -109 -191 -278 -318 -231  -89   49  121  108
   66   40   41   41   36   35   39   44   44999989999899998
9999899998999989999899998  -62 -118 -156 -190 -215 -213 -173 -116
  -38   29   36  -68 -163 -280 -396 -448 -369 -147   -3   55   23
  -14  -23  -13    0    8   21   36   36   17999989999899998
999989999899998999989999899998 -218 -298 -404 -468 -461 -369 -243
 -107   18   45  -69 -182 -287 -390 -408 -298  -68   52   58   -2
  -37  -48  -44  -19   -9   20   38   25   -8999989999899998
9999899998999989999899998999989999899998 -595 -625 -614 -463 -294
 -132  -22  -22  -97 -176 -220 -245 -191  -21  143  228  206  129
   43  -11  -38  -36  -13   20   36   15  -25999989999899998
9999899998999989999899998999989999899998999989999899998 -449 -277
 -145 -120 -171 -206 -234 -191 -121  -59   85  218  321  333  275
  149   33  -26  -60  -39   13   37   17  -24  -749999899998
999989999899998999989999899998999989999899998999989999899998 -195
 -145 -192 -312 -385 -345 -217 -130 -104   15  138  262  334  304
  176   51  -19  -59  -62    0   48   38    1  -37  -7999998
999989999899998999989999899998999989999899998999989999899998  -67
  -91 -202 -362 -446 -375 -226 -133 -113  -72   29  148  230  210
  112   38  -10  -49  -54  -12   49   66   44    3  -2899998
9999899998999989999899998999989999899998999989999899998  -71   -1
  -34 -163 -329 -377 -305 -157  -58  -88  -99  -47   38   85   60
   -3  -10  -24  -42  -43   -6   43   76   82   49   1699998
99998999989999899998999989999899998999989999899998 -139  -20   41
   29  -91 -257 -269 -197  -51   10  -44  -85  -87  -49  -47  -98
  -98  -89  -68  -46  -44  -10   31   79   90   60   2199998
99998999989999899998999989999899998999989999899998  -13   63  101
   74  -23 -168 -196 -122   14   26  -28  -63  -87  -90 -125 -189
 -176 -165 -120  -84  -71  -38    7   59   68   40   -499998
99998999989999899998999989999899998999989999899998  119  145  157
  105    2 -129 -191 -134  -33    8  -54  -96 -101 -129 -191 -250
 -266 -240 -185 -147 -128  -81  -18   27   40    49999899998
99998999989999899998999989999899998999989999899998  226  203  189
  131   15 -136 -266 -247 -133  -84 -149 -174 -171 -202 -258 -313
 -346 -307 -244 -198 -179 -101  -22   19   19  -24  -7999998
