tauX_total_10_2014_ano.22
    6    7    2  -55 -112 -169 -118  -58   15   72   99   45   26
  108  199  275  306  308  264  186  119   65   31   109999899998
999989999899998999989999899998999989999899998999989999899998
  -26  -13  -27  -74 -107 -128  -89  -51   -9   36   61   29   16
   72  141  194  214  218  176  106   31  -21  -42999989999899998
999989999899998999989999899998999989999899998999989999899998
   -5  -15  -30  -58  -94 -100  -82  -75  -61  -26   11   26   39
   61   85  113  134  136   84   21  -43 -103 -140999989999899998
999989999899998999989999899998999989999899998999989999899998
   -2  -26  -37  -41  -54  -78 -117 -149 -152 -128  -66   28   97
   98   85   62   75   75   30  -23  -88 -15799998999989999899998
999989999899998999989999899998999989999899998999989999899998
  -54  -69  -56  -33  -21  -39 -137 -227 -262 -216 -112   42  153
  147  106   45   35   37   23  -18  -90 -14799998999989999899998
999989999899998999989999899998999989999899998999989999899998
 -177 -141  -90  -28   27   28 -113 -245 -303 -260 -120   51  161
  145   72    8   -5   -1   15   -2  -53  -9499998999989999899998
999989999899998999989999899998999989999899998999989999899998
 -323 -210 -125  -25   66  101  -60 -237 -314 -266 -114   51  112
   51  -31  -82  -89  -62   -9    6  -21  -4299998999989999899998
999989999899998999989999899998999989999899998999989999899998
 -370 -219 -126  -13   98  127  -20 -215 -299 -240  -84   14    4
 -106 -200 -225 -178 -116  -48   -2    2   -499998999989999899998
999989999899998999989999899998999989999899998999989999899998
 -253 -164  -86    9   82   82  -51 -226 -284 -211  -54  -27  -96
 -248 -354 -343 -223 -119  -55   -1   17   1899998999989999899998
999989999899998999989999899998999989999899998999989999899998
  -72  -63  -25    9   18   -3 -137 -265 -291 -164  -17  -33 -137
 -311 -417 -346 -191  -61  -11   14   17    9    3999989999899998
999989999899998999989999899998999989999899998999989999899998
   55   29   30    6  -34  -83 -195 -290 -260 -117   27   -6 -136
 -293 -356 -258  -92   19   40   31   13    0   -3    79999899998
999989999899998999989999899998999989999899998999989999899998
99998  104   84   23  -49 -111 -190 -259 -205  -53  100   65  -65
 -200 -227 -129   14   91   83   43   12   -4   -2   11   2299998
999989999899998999989999899998999989999899998999989999899998
99998999989999899998  -34 -107 -186 -242 -179  -12  139  155   45
  -80 -115  -30   60  114  101   46    8   -1    4   17   30   39
   64  101  118  105   68   30    8    1   -5999989999899998
9999899998999989999899998 -107 -202 -250 -182  -41   84  120   70
  -19  -85  -46   10   54   63   40    9    5    0    7   19   38
   73  112  135  122   86   46   24   17   17999989999899998
9999899998999989999899998 -115 -239 -274 -226 -169  -92  -49  -53
 -103 -139 -140  -99  -67  -28    9    2  -24  -34  -26  -14    8
   66  110  134  129   96   59   37   33   32999989999899998
999989999899998999989999899998 -246 -296 -315 -312 -288 -250 -219
 -219 -227 -230 -225 -194 -128  -33  -13  -67  -63  -53  -44  -28
   31   87  114  110   86   62   42   38   36999989999899998
9999899998999989999899998999989999899998 -398 -424 -444 -419 -367
 -314 -278 -271 -283 -216 -101   33   57  -25  -43  -53  -53  -40
   -1   50   73   80   67   51   41   36   37999989999899998
9999899998999989999899998999989999899998999989999899998 -545 -460
 -351 -275 -285 -260 -193  -68   53  100   35   -3  -30  -43  -39
  -18   16   42   47   33   18   23   31   41   549999899998
999989999899998999989999899998999989999899998999989999899998 -383
 -268 -238 -289 -278 -231 -120  -14   37   52    6  -26  -51  -58
  -46  -22   11    8   -5  -14   -8   15   43   66   9499998
999989999899998999989999899998999989999899998999989999899998 -194
 -168 -209 -283 -331 -290 -178  -82  -32  -10  -41  -83 -124 -142
 -118  -83  -44  -24  -30  -35  -34   -3   37   75  10399998
9999899998999989999899998999989999899998999989999899998 -167 -110
 -124 -188 -281 -339 -312 -215 -106  -38  -62 -106 -183 -242 -268
 -231 -159  -99  -57  -52  -58  -55  -24   23   78  11699998
99998999989999899998999989999899998999989999899998 -280 -182 -107
  -95 -154 -261 -312 -321 -238 -105   -4  -34 -130 -268 -365 -391
 -341 -246 -155  -95  -75  -82  -71  -32   22   67  10899998
99998999989999899998999989999899998999989999899998 -301 -193 -109
  -72 -106 -192 -290 -335 -247  -97   26   24  -93 -271 -417 -456
 -405 -311 -204 -120  -91  -89  -67  -21   20   55   8199998
99998999989999899998999989999899998999989999899998 -341 -220 -122
  -64  -63 -136 -278 -358 -265 -108   59   67  -31 -226 -396 -469
 -420 -333 -231 -136 -100  -82  -57  -16   16   409999899998
99998999989999899998999989999899998999989999899998 -390 -258 -143
  -68  -48 -112 -309 -421 -328 -146   57   96   26 -193 -379 -460
 -411 -328 -241 -164 -108  -73  -47  -15   16   33   3799998
