tauX_total_03_2016_ano.22
 -163 -198 -228 -267 -276 -232  -19  144  159  111   -1  -46  -14
   91  169  159   47  -43  -19  -18    5  -85 -166 -2639999899998
999989999899998999989999899998999989999899998999989999899998
 -131 -185 -224 -258 -252 -207  -24   99   86   36  -20   16   49
  140  195  174    8 -121 -145 -158 -179 -242 -286999989999899998
999989999899998999989999899998999989999899998999989999899998
 -119 -190 -244 -263 -255 -209  -92  -20  -29  -53  -70   23   81
  136  146  100  -50 -181 -258 -279 -295 -353 -408999989999899998
999989999899998999989999899998999989999899998999989999899998
 -140 -225 -286 -292 -284 -238 -220 -205 -197 -180 -145  -20   60
   63   38  -26 -125 -220 -293 -304 -291 -32199998999989999899998
999989999899998999989999899998999989999899998999989999899998
 -184 -272 -312 -311 -280 -237 -295 -366 -391 -324 -188  -84   -8
  -34  -78 -145 -172 -207 -233 -225 -181 -14399998999989999899998
999989999899998999989999899998999989999899998999989999899998
 -126 -166 -217 -239 -171 -133 -295 -433 -481 -404 -210 -108   -8
  -33 -105 -163 -180 -210 -215 -169  -89    499998999989999899998
999989999899998999989999899998999989999899998999989999899998
   79   40  -21  -48  -48  -38 -238 -424 -482 -387 -182    5   94
   68    5  -43 -165 -269 -280 -224 -111   2899998999989999899998
999989999899998999989999899998999989999899998999989999899998
  263  191  112   67    6  -37 -171 -346 -384 -282  -90  125  193
  161  121   56 -166 -342 -387 -328 -182  -1699998999989999899998
999989999899998999989999899998999989999899998999989999899998
  293  201   93    0  -80 -143 -223 -312 -297 -191  -29  134  185
  152   90    7 -181 -354 -412 -354 -193  -3399998999989999899998
999989999899998999989999899998999989999899998999989999899998
  176   56  -52 -181 -276 -331 -360 -364 -313 -172   -7   82  103
   46  -36 -100 -200 -289 -307 -244 -133    2  110999989999899998
999989999899998999989999899998999989999899998999989999899998
  -19 -148 -242 -356 -454 -481 -474 -437 -341 -170  -20   20    5
  -70 -145 -188 -189 -184 -167 -117  -46   44   97  1299999899998
999989999899998999989999899998999989999899998999989999899998
99998 -318 -381 -436 -453 -459 -450 -424 -319 -164  -42  -18  -39
 -111 -186 -209 -154 -112  -85  -47   -8   27   44   48   3799998
999989999899998999989999899998999989999899998999989999899998
99998999989999899998 -346 -335 -340 -338 -279 -189  -73  -13  -14
  -71 -124 -134 -107  -78  -54  -34  -34  -43  -44  -42  -49  -51
   -3   58  112  139  140  111   64    8  -82999989999899998
9999899998999989999899998 -208 -233 -268 -266 -224 -141  -41    1
   -9  -34  -39  -48  -43  -34  -49  -86 -127 -134 -125 -115 -100
  -50   14   54   80   78   52   21  -18  -58999989999899998
9999899998999989999899998 -108 -184 -237 -278 -288 -252 -153  -79
  -31   -2    5    6    5  -10  -56 -119 -181 -195 -179 -153 -132
  -84  -28    7   26   27   13    1  -13   -8999989999899998
999989999899998999989999899998 -155 -233 -312 -365 -357 -283 -200
 -112  -40   -1   36   55   28  -41 -128 -186 -201 -176 -149 -132
  -97  -61  -26   -3    5   13   12   16   23999989999899998
9999899998999989999899998999989999899998 -362 -427 -422 -372 -284
 -185  -96  -40   29   90   69  -13  -97 -140 -153 -131 -112 -109
 -101  -98  -72  -37   -3   22   27   31   22999989999899998
9999899998999989999899998999989999899998999989999899998 -395 -307
 -218 -146  -96  -17   50   51    5  -39  -72  -79  -73  -72  -89
 -123 -148 -136  -95  -43    2   23   22   13   159999899998
999989999899998999989999899998999989999899998999989999899998 -277
 -209 -145 -103  -90 -104  -71  -18    2    4  -10  -31  -45  -44
 -107 -166 -183 -149  -92  -33   10   12   21   35   5199998
999989999899998999989999899998999989999899998999989999899998 -238
 -170 -110  -84 -127 -181 -138  -63   11   33   18  -11   -8   13
  -31  -94 -143 -155 -123  -66   -5   28   47   73   9399998
9999899998999989999899998999989999899998999989999899998 -301 -224
 -148  -83  -63 -108 -150 -125  -58   27   43   16  -11   11   64
   57   14  -55 -120 -132  -88  -30   33   88  116  13399998
99998999989999899998999989999899998999989999899998 -359 -267 -185
 -105  -56  -46  -80 -102  -78  -10   57   51  -24  -69  -40   75
  139  135   49  -46 -104  -87  -51   18   95  131  14099998
99998999989999899998999989999899998999989999899998 -255 -182 -108
  -46  -16  -27  -55  -71  -33   37   87    1 -128 -201 -177  -36
  161  233  150   51  -28  -62  -59   -9   45   85  10499998
99998999989999899998999989999899998999989999899998 -133  -71  -13
   17   20   -7  -37  -64   -7   71  114  -70 -250 -372 -369 -226
   92  282  233  142   53  -15  -51  -36  -11    69999899998
99998999989999899998999989999899998999989999899998  -52    7   55
   62   41   -2  -48  -86   -9   92  124 -141 -350 -514 -592 -463
   -1  305  298  221  125   31  -33  -53  -56  -72  -7699998
