tauX_total_12_2017_ano.22
  336  172   43   63  119  219  273  271  316  317  276  -76 -362
 -629 -837 -945 -682 -456 -314 -244 -227 -268 -293 -2999999899998
999989999899998999989999899998999989999899998999989999899998
  273   73  -73 -115  -83    0   66   69   42    5  -42 -250 -449
 -632 -767 -805 -632 -469 -379 -340 -339 -379 -402999989999899998
999989999899998999989999899998999989999899998999989999899998
  217  -15 -180 -280 -301 -229 -187 -183 -265 -333 -368 -434 -528
 -627 -695 -671 -569 -497 -472 -465 -485 -521 -547999989999899998
999989999899998999989999899998999989999899998999989999899998
  156  -80 -251 -380 -440 -394 -366 -349 -446 -518 -566 -543 -550
 -578 -536 -490 -479 -503 -559 -595 -635 -67299998999989999899998
999989999899998999989999899998999989999899998999989999899998
   68 -124 -271 -378 -422 -408 -360 -335 -382 -452 -530 -527 -461
 -379 -314 -301 -355 -442 -569 -675 -718 -75799998999989999899998
999989999899998999989999899998999989999899998999989999899998
  -41 -136 -233 -297 -311 -283 -231 -214 -238 -304 -362 -362 -317
 -207 -125 -124 -243 -383 -544 -672 -728 -74499998999989999899998
999989999899998999989999899998999989999899998999989999899998
 -142 -159 -193 -210 -202 -168 -111  -90 -108 -154 -201 -199 -187
  -85  -21  -23 -178 -362 -515 -617 -658 -64799998999989999899998
999989999899998999989999899998999989999899998999989999899998
 -210 -173 -161 -141 -117  -98  -51  -30  -44  -67  -99  -99  -79
  -19   10  -22 -184 -365 -475 -530 -520 -48099998999989999899998
999989999899998999989999899998999989999899998999989999899998
 -205 -154 -128 -100  -83  -78  -81  -65  -57  -63  -75  -39    5
    5   -6  -79 -234 -360 -418 -415 -355 -29499998999989999899998
999989999899998999989999899998999989999899998999989999899998
 -168 -144 -134 -130 -123 -111 -124 -115  -80  -55  -34   13   47
   14  -66 -163 -267 -333 -330 -263 -210 -148  -93999989999899998
999989999899998999989999899998999989999899998999989999899998
 -166 -190 -200 -206 -195 -170 -137 -104  -50    2   44   62   53
   -6 -103 -194 -217 -232 -197 -137  -81  -48  -26   -69999899998
999989999899998999989999899998999989999899998999989999899998
99998 -277 -296 -283 -255 -203 -126  -53    6   69   96   81   25
  -55 -129 -154 -147 -136 -102  -52   -3   27   36   44   5499998
999989999899998999989999899998999989999899998999989999899998
99998999989999899998 -280 -211 -103  -29   23   70   93   40  -46
 -116 -145 -135 -109  -87  -68  -25   32   62   62   48   31   42
   92  138  164  148  112  111  132  208  304999989999899998
9999899998999989999899998 -208 -119  -76  -39   -8   22  -41 -124
 -169 -173 -137 -103  -87  -80  -48    6   44   37    5  -21  -21
   21   58   75   70   51   56   89  150  210999989999899998
9999899998999989999899998 -203 -196 -187 -168 -122  -76  -97 -154
 -198 -179 -121  -90  -94 -102  -83  -30   -3   -7  -51  -85  -93
  -71  -35  -14   -8  -12    5   47   98  141999989999899998
999989999899998999989999899998 -305 -321 -296 -207 -131 -103 -119
 -153 -147  -98  -85  -97 -116  -98  -52  -35  -40  -84 -128 -145
 -142 -110  -84  -65  -61  -29   15   60   96999989999899998
9999899998999989999899998999989999899998 -341 -238 -127  -71  -60
  -82  -86  -72  -74  -91 -112 -102  -63  -48  -52  -81 -115 -129
 -128 -120 -104  -82  -66  -40   -1   42   66999989999899998
9999899998999989999899998999989999899998999989999899998  -19   -9
  -13  -36  -60  -80 -105 -113 -113  -92  -56  -50  -51  -52  -56
  -57  -63  -61  -63  -58  -31    2   35   50   569999899998
999989999899998999989999899998999989999899998999989999899998    3
    3  -30  -83 -129 -155 -149 -140 -121  -82  -56  -27   -7   -5
  -11  -20  -31  -53  -56  -39   -1   34   49   43   3699998
999989999899998999989999899998999989999899998999989999899998  -31
  -36  -81 -148 -215 -234 -211 -177 -153 -122  -87  -49  -29  -22
  -25  -35  -51  -74  -82  -49   -6   34   50   38   2399998
9999899998999989999899998999989999899998999989999899998 -109  -63
  -75 -124 -209 -279 -292 -255 -199 -154 -128 -114 -103  -81  -59
  -58  -64  -84 -101 -104  -58    0   44   56   32    499998
99998999989999899998999989999899998999989999899998 -149 -105  -43
  -39 -103 -214 -272 -285 -243 -178 -126 -112 -111 -119 -108  -86
  -72  -72  -95 -112 -103  -51   17   60   60   10  -4299998
99998999989999899998999989999899998999989999899998 -103  -33   33
   47  -10 -115 -202 -238 -201 -141  -95  -86  -87  -94  -93  -69
  -50  -44  -64  -77  -76  -19   41   61   32  -32  -9999998
99998999989999899998999989999899998999989999899998  -86   20  102
  137  101    4 -110 -181 -165 -123  -81  -70  -62  -52  -42  -17
   12   27   14  -10  -29   23   62   47   -9  -939999899998
99998999989999899998999989999899998999989999899998 -108   45  142
  192  183  101  -44 -146 -153 -126  -85  -60  -45  -18   14   49
   91  110   98   56   34   58   81   38  -47 -152 -25699998
