tauX_total_02_2018_ano.22
 -785 -757 -752 -732 -699 -683 -868 -984-1194-1217-1130 -967 -900
 -880 -694 -530 -376 -217 -110   -9   54   52   68   969999899998
999989999899998999989999899998999989999899998999989999899998
 -692 -713 -719 -707 -663 -639 -735 -782 -792 -657 -492 -445 -458
 -525 -569 -411 -239 -116  -44   -5   31   20    9999989999899998
999989999899998999989999899998999989999899998999989999899998
 -559 -601 -618 -611 -588 -543 -555 -519 -299  -29  227  241  137
  -76 -232 -227  -94   -9  -22  -42  -55  -52  -63999989999899998
999989999899998999989999899998999989999899998999989999899998
 -441 -488 -502 -496 -493 -447 -382 -291  114  496  777  752  575
  306   64  -30   50   38  -71 -153 -175 -16499998999989999899998
999989999899998999989999899998999989999899998999989999899998
 -403 -410 -400 -386 -363 -345 -247 -141  273  648  917  849  620
  377  197  174  124   28 -139 -266 -287 -26199998999989999899998
999989999899998999989999899998999989999899998999989999899998
 -490 -426 -346 -291 -267 -250 -239 -142   42  327  500  421  316
  204  149  221  124   13 -162 -293 -313 -28499998999989999899998
999989999899998999989999899998999989999899998999989999899998
 -694 -527 -378 -274 -207 -169 -173 -128 -140 -107  -41   -8  -10
   20  143  211  139    9 -147 -238 -245 -20399998999989999899998
999989999899998999989999899998999989999899998999989999899998
 -889 -641 -443 -276 -148  -95  -48  -10  -25  -97 -174 -128  -78
   44  150  165   99  -31 -131 -175 -161 -12699998999989999899998
999989999899998999989999899998999989999899998999989999899998
 -920 -675 -461 -262 -117  -44   36  107  133   56   -8    6   19
   70  127   65  -52 -155 -189 -174 -120  -6399998999989999899998
999989999899998999989999899998999989999899998999989999899998
 -860 -662 -460 -269 -137  -60   33  132  195  209  153  136  131
   91  -30 -138 -258 -315 -286 -199 -104  -10   87999989999899998
999989999899998999989999899998999989999899998999989999899998
 -809 -644 -472 -306 -181 -115  -14   98  192  233  235  197  132
   -6 -194 -326 -397 -380 -293 -182  -84   35  132  1849999899998
999989999899998999989999899998999989999899998999989999899998
99998 -619 -484 -332 -228 -155  -67   32  148  216  233  176   77
  -83 -269 -366 -354 -295 -201  -89   -4   84  159  198  20799998
999989999899998999989999899998999989999899998999989999899998
99998999989999899998 -247 -181  -93  -17   76  163  197  135   39
  -98 -237 -295 -239 -140  -39   41   88  119  153  176  163  132
  123  134  152  140  103   82   79  101  129999989999899998
9999899998999989999899998 -183 -126  -59    1   70  114   96   35
  -64 -151 -189 -115  -13   77  135  149  143  137  137  113   76
   71   85   99   95   65   45   45   70  101999989999899998
9999899998999989999899998 -177 -147 -102  -58   -5   50   83   66
    6  -52  -85  -28   27   88  136  153  143  122  101   62   18
   12   27   43   43   17   -4    1   30   64999989999899998
999989999899998999989999899998 -169 -143  -82  -14   42  102  116
   82   30  -13  -26  -13   26   67   96  115  117   86   33  -19
  -37  -19    3    5  -28  -52  -49  -18   24999989999899998
9999899998999989999899998999989999899998  -73    4   74  125  132
   98   48   -5  -78  -88  -54  -10   39   83  113   89   29  -28
  -46  -29   -1   -4  -41  -76  -71  -38  -19999989999899998
9999899998999989999899998999989999899998999989999899998   93   70
   35  -20  -59 -123 -147 -116  -52   13   74  106   80   32  -15
  -27  -17   -1   -5  -26  -41  -19   13   12   -39999899998
999989999899998999989999899998999989999899998999989999899998  -51
  -65  -91 -129 -157 -169 -138  -72    5   62   77   55   19  -13
  -25  -29  -31  -37  -45  -23   17   50   50   27    099998
999989999899998999989999899998999989999899998999989999899998 -138
 -116 -117 -148 -170 -177 -149  -88  -12   28   28   16   -3  -28
  -48  -64  -74  -90  -94  -46   18   67   76   46   1299998
9999899998999989999899998999989999899998999989999899998 -237 -154
 -103  -90 -126 -167 -190 -171 -113  -61  -33  -25  -27  -39  -51
  -78 -102 -126 -147 -149  -78    3   65   85   57   1299998
99998999989999899998999989999899998999989999899998 -326 -202 -109
  -37  -12  -68 -157 -212 -200 -171 -139 -111  -86  -76  -76  -85
 -111 -133 -170 -194 -187 -105  -22   38   71   40  -1199998
99998999989999899998999989999899998999989999899998 -229 -111  -20
   52   91   41 -113 -227 -234 -221 -195 -158 -126 -112 -107 -112
 -128 -145 -180 -192 -176 -106  -41    1    9  -16  -6099998
99998999989999899998999989999899998999989999899998 -107  -14   70
  137  168  129  -57 -225 -253 -245 -221 -184 -151 -135 -126 -125
 -121 -123 -119 -119 -107  -77  -45  -33  -46  -809999899998
99998999989999899998999989999899998999989999899998   -9   52  121
  174  206  156    7 -197 -251 -256 -234 -194 -161 -139 -127 -119
 -101  -81   28    2  -16  -32  -28  -42  -76 -118 -15599998
