tauX_total_03_2015_ano.22
    1 -147 -254 -328 -350 -332 -210 -153 -126 -138 -163 -285 -402
 -570 -719 -870 -917 -935 -755 -538 -292  -86   87  2119999899998
999989999899998999989999899998999989999899998999989999899998
  -76 -195 -277 -321 -317 -279 -193 -173 -226 -253 -255 -302 -371
 -478 -570 -676 -784 -800 -728 -620 -474 -246  -54999989999899998
999989999899998999989999899998999989999899998999989999899998
 -133 -215 -276 -280 -274 -250 -259 -298 -370 -390 -352 -269 -233
 -266 -365 -451 -583 -629 -635 -595 -534 -367 -202999989999899998
999989999899998999989999899998999989999899998999989999899998
 -184 -220 -264 -256 -257 -274 -420 -558 -606 -557 -437 -204  -58
  -64 -146 -274 -405 -473 -500 -506 -474 -38899998999989999899998
999989999899998999989999899998999989999899998999989999899998
 -178 -197 -222 -245 -248 -294 -578 -815 -856 -723 -462 -123   85
   32  -81 -228 -314 -371 -364 -329 -288 -26199998999989999899998
999989999899998999989999899998999989999899998999989999899998
 -114 -113 -136 -179 -186 -236 -591 -882 -923 -748 -406  -66  119
   25 -146 -276 -315 -333 -265 -169  -84  -2799998999989999899998
999989999899998999989999899998999989999899998999989999899998
  -92  -78  -74  -70  -87 -160 -479 -748 -791 -609 -290  -37   74
  -49 -220 -313 -347 -319 -218  -86   17   8999998999989999899998
999989999899998999989999899998999989999899998999989999899998
 -114  -89  -82  -48  -63 -131 -333 -521 -535 -376 -152  -18   12
 -107 -240 -325 -349 -295 -193  -78   20  11499998999989999899998
999989999899998999989999899998999989999899998999989999899998
 -151 -139 -150 -145 -147 -163 -235 -316 -283 -182  -44   21   -3
 -109 -236 -287 -273 -230 -158  -76   16   9199998999989999899998
999989999899998999989999899998999989999899998999989999899998
 -217 -248 -288 -338 -327 -273 -211 -185 -147  -73   13   30  -24
 -127 -244 -264 -226 -178 -116  -44   15   54   68999989999899998
999989999899998999989999899998999989999899998999989999899998
 -296 -402 -475 -524 -503 -412 -239 -116  -63  -16   -1  -23 -100
 -203 -262 -278 -220 -150  -73   -8   31   41   30   239999899998
999989999899998999989999899998999989999899998999989999899998
99998 -538 -618 -610 -550 -430 -220  -49    2    2  -27  -83 -152
 -235 -281 -286 -209 -129  -39   40   68   58   37   41   5499998
999989999899998999989999899998999989999899998999989999899998
99998999989999899998 -533 -359 -158  -25    0  -16  -29  -48  -88
 -146 -186 -191 -149  -82    2   87  118   88   58   50   58   89
  112  107   71   34    2   17   46   84  123999989999899998
9999899998999989999899998 -266 -132  -65  -40  -29  -10   -6   -4
  -18  -44  -57  -37  -10   34   94  147  113   72   54   68   96
  114  110   73   27   -1    5   29   61   94999989999899998
9999899998999989999899998 -224 -173 -141  -94  -51  -10   18   38
   46   48   51   48   48   51   63  111  124   84   57   70   99
  113  108   71   27   -5   -8    6   28   56999989999899998
999989999899998999989999899998 -209 -188 -141  -84  -33    5   24
   41   61   82   74   65   55   58  110  130  117   82   70   87
  102   99   71   29   -8  -23  -23   -8   10999989999899998
9999899998999989999899998999989999899998 -160 -110  -73  -43  -39
  -26   -8   20   18    5   11   45  108  144  136   99   69   66
   78   78   60   32   -2  -33  -43  -36  -36999989999899998
9999899998999989999899998999989999899998999989999899998 -132 -141
 -140 -120 -110 -101  -97  -57   -1   62  106  101   68   42   27
   35   33   25   10  -11  -43  -60  -60  -56  -439999899998
999989999899998999989999899998999989999899998999989999899998 -227
 -205 -210 -229 -216 -181 -120  -48    2   32   34   19    0    0
    1  -18  -36  -39  -43  -57  -62  -55  -38  -18    499998
999989999899998999989999899998999989999899998999989999899998 -218
 -204 -221 -261 -262 -209 -147  -79  -45  -50  -41  -32  -14   -4
  -21  -40  -61  -86  -94  -75  -53  -28    6   50   7599998
9999899998999989999899998999989999899998999989999899998 -136 -128
 -144 -189 -256 -275 -237 -167 -112  -84  -86 -103  -78  -41  -14
  -26  -37  -63 -102 -129 -113  -68   -7   66  126  16799998
99998999989999899998999989999899998999989999899998   -3   20    1
  -54 -158 -265 -298 -285 -210 -132  -81  -68 -111 -112  -86  -42
  -19   -2  -26  -77 -119 -122  -89   -9   86  134  17799998
99998999989999899998999989999899998999989999899998  168  165  122
    4 -157 -307 -363 -357 -267 -156  -74  -61  -89 -128 -145  -97
    7   71   62   25  -28  -64  -68  -16   33   76   9999998
99998999989999899998999989999899998999989999899998  292  269  204
   22 -206 -395 -476 -450 -335 -202  -94  -78  -90 -151 -186 -153
   36  170  192  164   97   24  -27  -29  -27  -319999899998
99998999989999899998999989999899998999989999899998  361  296  220
  -16 -321 -529 -581 -539 -403 -243 -118  -95 -104 -166 -231 -209
   62  268  327  303  216  106   26  -34  -76 -135 -18699998
