tauX_total_11_2017_ano.22
   78  149  150  105   54  -19  -80 -156 -183 -202 -238 -646 -828
 -653 -407 -165   -9   56 -103 -300 -424 -340 -276 -2239999899998
999989999899998999989999899998999989999899998999989999899998
   24   34   17  -19  -48  -79 -107 -170 -235 -278 -322 -521 -603
 -438 -214    2   86  101  -34 -193 -285 -226 -170999989999899998
999989999899998999989999899998999989999899998999989999899998
  -19  -73 -108 -125 -130 -122 -138 -186 -284 -361 -395 -410 -394
 -234  -31  175  212  153   32  -91 -143 -105  -56999989999899998
999989999899998999989999899998999989999899998999989999899998
  -48 -147 -193 -186 -161 -131 -145 -197 -328 -434 -467 -359 -269
 -111   84  266  280  162   44  -20  -41  -1299998999989999899998
999989999899998999989999899998999989999899998999989999899998
  -64 -146 -198 -181 -124  -57  -96 -205 -381 -507 -530 -398 -244
  -75  110  228  215  121   19  -48  -27    299998999989999899998
999989999899998999989999899998999989999899998999989999899998
  -35  -80 -127 -113  -33   34  -48 -220 -430 -580 -579 -440 -270
 -107   40  129  114   52  -43  -84  -75  -5699998999989999899998
999989999899998999989999899998999989999899998999989999899998
   44   10  -28  -18   31   67  -61 -246 -460 -606 -580 -432 -273
 -121   -3   62   41  -11  -78 -114 -119  -9899998999989999899998
999989999899998999989999899998999989999899998999989999899998
   96   59   32   34   31   26 -111 -261 -413 -489 -478 -318 -185
  -80    8   57   17  -60 -108 -131 -119  -9199998999989999899998
999989999899998999989999899998999989999899998999989999899998
   74   43   17   -1  -15  -43 -131 -211 -272 -293 -251 -146  -53
  -11   28   37  -18  -91 -121 -121  -87  -5199998999989999899998
999989999899998999989999899998999989999899998999989999899998
  -24  -44  -64  -98 -107 -106 -108 -130 -125  -88  -28   20   50
   43   13  -14  -56  -92 -106  -76  -37  -12   -4999989999899998
999989999899998999989999899998999989999899998999989999899998
 -180 -187 -195 -202 -187 -144  -79  -44    6   70  119  126  107
   73   12  -34  -49  -51  -43  -15   17   25   15  -179999899998
999989999899998999989999899998999989999899998999989999899998
99998 -340 -323 -261 -196 -154  -63   12   78  133  166  151  128
   92   38    5   -8   -2   17   51   74   67   52   19  -2499998
999989999899998999989999899998999989999899998999989999899998
99998999989999899998 -209 -173 -105  -30   29   62   78   95   92
   73   41   16    7   16   60   96  109  105   85   45    0  -31
    4   56   71   30  -37  -79  -80  -29   25999989999899998
9999899998999989999899998 -248 -202 -153 -120  -94  -73  -25  -10
  -15  -21  -35  -23  -22   13   67  116  113   68   15  -28  -35
  -11   20   30    0  -53  -78  -63  -15   36999989999899998
9999899998999989999899998 -375 -317 -287 -261 -226 -183 -152 -155
 -160 -159 -160 -155 -159 -121  -48   24   43  -11  -65 -101  -98
  -54  -27  -20  -39  -73  -77  -43    7   47999989999899998
999989999899998999989999899998 -430 -376 -322 -261 -223 -236 -232
 -242 -270 -293 -315 -318 -278 -174  -60  -41  -71 -130 -161 -152
 -114  -82  -88  -93  -86  -42   -4   29   55999989999899998
9999899998999989999899998999989999899998 -335 -264 -210 -198 -195
 -229 -277 -324 -417 -433 -373 -230  -85  -44  -51 -113 -149 -141
 -132 -118 -132 -111  -55   16   54   61   56999989999899998
9999899998999989999899998999989999899998999989999899998 -110 -112
 -157 -226 -280 -376 -423 -345 -183  -31   26   29  -22  -64  -70
  -91 -126 -134  -91   -8   64   99   80   49   359999899998
999989999899998999989999899998999989999899998999989999899998  -63
 -108 -165 -207 -261 -316 -242 -100   47  129  116   85   57   57
   -1  -97 -114  -67   13   79   95   62   32   22   2799998
999989999899998999989999899998999989999899998999989999899998 -124
 -132 -145 -159 -160 -195 -161  -66   57  144  156  158  157  151
   47  -45  -65  -43   21   63   64   32   11   25   3999998
9999899998999989999899998999989999899998999989999899998 -263 -232
 -197 -163 -143 -158 -162 -169 -134  -70   17   83  122  127   99
   23  -35  -49  -22   20   31   15   -7    2   42   7999998
99998999989999899998999989999899998999989999899998 -324 -341 -288
 -213 -161 -144 -162 -191 -243 -255 -209 -133  -57  -27  -15  -29
  -52  -61  -46  -15    5   -8  -44  -52   -9   63  12699998
99998999989999899998999989999899998999989999899998 -324 -276 -214
 -138  -57  -27 -128 -233 -316 -339 -305 -230 -164 -153 -157 -163
 -130  -88  -39   -8   -4  -64 -116 -105  -52   36  14399998
99998999989999899998999989999899998999989999899998 -310 -191  -91
    8   96  129  -18 -266 -372 -381 -332 -270 -232 -246 -259 -263
 -181 -100  -31    9    3 -113 -200 -187 -122  -259999899998
99998999989999899998999989999899998999989999899998 -316 -123    8
  127  226  269  135 -257 -379 -366 -303 -285 -276 -292 -329 -332
 -211  -99   -5   47   15 -161 -283 -279 -202  -95   2099998
