tauX_total_09_2014_ano.22
  -74   73  131  141  118   62   14   -8  -53 -117 -188 -244 -260
 -254 -219 -180  -38   87  162  159  104   -9  -79  -859999899998
999989999899998999989999899998999989999899998999989999899998
   13   72  101   90   43  -19  -34  -46  -76  -91 -122 -158 -188
 -178 -128  -75   40  132  146   95   -3 -115 -188999989999899998
999989999899998999989999899998999989999899998999989999899998
   82   82   85   48  -13  -82 -100 -109 -102  -59  -37  -29  -63
  -69  -74  -22   66  126   99   25  -98 -214 -308999989999899998
999989999899998999989999899998999989999899998999989999899998
  106   81   77   41  -17  -93 -139 -216 -198 -122   12   56   16
  -45  -99  -99  -11   47   28  -44 -142 -25099998999989999899998
999989999899998999989999899998999989999899998999989999899998
   67   75   63   45   30   -9 -202 -396 -407 -282  -68   53   30
 -121 -219 -235 -146  -72  -63  -72 -121 -17599998999989999899998
999989999899998999989999899998999989999899998999989999899998
    1   29   33   73  115   98 -228 -501 -561 -416 -160  -13   28
 -147 -284 -291 -214 -137  -90  -68  -64  -7299998999989999899998
999989999899998999989999899998999989999899998999989999899998
  -62  -41  -14   76  166  178 -170 -489 -613 -487 -197  -12   22
 -136 -251 -222 -154 -106  -75  -44  -19    599998999989999899998
999989999899998999989999899998999989999899998999989999899998
 -111  -96  -67   26  158  212  -36 -350 -514 -428 -136   12   10
  -99 -148 -107  -28   -9  -29  -32  -13   2799998999989999899998
999989999899998999989999899998999989999899998999989999899998
 -123 -118  -94   -4  123  212  110 -138 -296 -228  -17   68   16
  -48  -57   26   86   93   23  -25  -12   2699998999989999899998
999989999899998999989999899998999989999899998999989999899998
 -124 -122 -104  -30   86  187  217   64  -93  -62   75   67   11
  -29   -3  101  152  145   64    1   13   51  100999989999899998
999989999899998999989999899998999989999899998999989999899998
 -126 -124 -115  -59   29  121  118   49  -50  -50   21   32    6
  -16   34  126  156  136   80   44   61  112  165  1919999899998
999989999899998999989999899998999989999899998999989999899998
99998 -135 -128  -87  -19   25   -1  -73 -133 -112  -17   44   45
   29   58  115  137  109   84   82  111  172  199  197  20499998
999989999899998999989999899998999989999899998999989999899998
99998999989999899998  -71  -51 -109 -185 -212 -135  -14   93  109
   67   49   82   93   80   76   99  143  166  160  158  170  183
  189  174  134   75   37   43   74  131  212999989999899998
9999899998999989999899998 -111 -197 -266 -248 -149  -23   71   91
   44    0   13   35   52   59   82  111   80   53   73   96  123
  150  164  139   95   52   47   68  110  157999989999899998
9999899998999989999899998 -145 -256 -317 -280 -189  -65   -5   -3
  -47  -69  -54  -10   26   45   52   42  -95  -97  -48   -8   29
   87  128  128  102   69   56   62   85  107999989999899998
999989999899998999989999899998 -295 -344 -313 -233 -134  -95  -95
 -116 -133 -109  -68  -22    9   23  -44 -295 -195 -143  -95  -62
   17   76  100   95   72   52   57   72   74999989999899998
9999899998999989999899998999989999899998 -353 -270 -191 -160 -157
 -160 -154 -111  -93  -90 -127 -145 -249 -140 -106 -100  -96  -81
  -36    1   36   51   34   23   37   55   50999989999899998
9999899998999989999899998999989999899998999989999899998 -220 -198
 -169 -108  -68  -64  -96 -166 -279 -269  -44   23   28    1  -33
  -55  -62  -55  -53  -53  -27    6   28   27   109999899998
999989999899998999989999899998999989999899998999989999899998 -222
 -154  -69  -13   -3  -38 -100 -238 -451 -223  -14   91   76   30
  -47 -107 -147 -185 -189 -108  -35    7   16    4  -1599998
999989999899998999989999899998999989999899998999989999899998 -271
 -171  -73   11   53   35  -64 -294 -506 -383 -201  -27   69   58
  -26 -119 -195 -251 -248 -149  -55   -3   27   20    399998
9999899998999989999899998999989999899998999989999899998 -398 -311
 -190  -65   32  100  114  -50 -273 -413 -390 -318 -170  -17   31
  -17  -84 -149 -204 -191 -108  -35    7   35   33   2599998
99998999989999899998999989999899998999989999899998 -485 -421 -266
  -99   33   88  172  196   19 -125 -225 -283 -268 -180  -88  -12
   -3  -20  -55  -71  -62  -25   13   37   27   17   1399998
99998999989999899998999989999899998999989999899998 -500 -308  -86
  126  303  364  336  291  181   90   16  -69  -97  -78  -48  -12
   23   50   39   37   47   55   51   38   15   -9  -2399998
99998999989999899998999989999899998999989999899998 -532 -178  132
  422  674  803  726  430  481  389  312  182  114   79   56   32
   82  109  106  105  110  100   74   26  -18  -559999899998
99998999989999899998999989999899998999989999899998 -617  -84  307
  666 1018 1276 1230  623  836  768  632  421  312  237  130  109
  140  130  122  128  129  112   81   12  -64 -111 -15699998
