tauX_total_10_2015_ano.22
  140   23  -53 -102 -107  -98  -87 -106 -215 -305 -339 -294 -218
 -144  -92  -70  -32   13   97  154  173  105   57   189999899998
999989999899998999989999899998999989999899998999989999899998
   86  -11  -83 -103  -93  -69  -64  -72 -156 -238 -266 -191 -105
  -46  -23  -36  -29   11   81  116  103   38   -2999989999899998
999989999899998999989999899998999989999899998999989999899998
   54  -33 -105 -120 -127  -95  -83  -77 -114 -160 -175  -71   17
   50   45    2   -1   20   60   75   33  -39  -91999989999899998
999989999899998999989999899998999989999899998999989999899998
   36  -50 -126 -170 -194 -185 -170 -150 -134 -110  -89   26   95
  104   69   21   26   47   58   38  -17  -9499998999989999899998
999989999899998999989999899998999989999899998999989999899998
   29  -53 -126 -215 -261 -277 -270 -267 -226 -129  -19   56   87
   70   37   -2   32   62   62   39  -19  -8299998999989999899998
999989999899998999989999899998999989999899998999989999899998
   12  -46 -101 -192 -252 -269 -285 -287 -229  -87   18   32   32
   10  -26  -46   -8   41   61   47   -2  -3999998999989999899998
999989999899998999989999899998999989999899998999989999899998
  -38  -63  -85 -112 -158 -191 -209 -188  -90    8   47   11  -18
  -53  -85  -91  -57   -2   31   33   10    399998999989999899998
999989999899998999989999899998999989999899998999989999899998
 -108  -81  -66  -41  -60  -98 -116  -94    5   84   78   24  -35
  -93 -118 -106  -79  -45  -19   -5    2   1599998999989999899998
999989999899998999989999899998999989999899998999989999899998
 -150  -75  -20    9   -1  -47  -79  -62   36  108  112   47  -28
  -93 -126 -101  -68  -61  -56  -36  -15    599998999989999899998
999989999899998999989999899998999989999899998999989999899998
 -158  -52   30   47   20  -47  -87  -70   33  121  133   56  -28
  -88 -108  -79  -44  -29  -35  -36  -30  -17    7999989999899998
999989999899998999989999899998999989999899998999989999899998
 -156  -11   83  100   48  -41  -76  -60   40  136  133   44  -39
  -82  -80  -43    1   24   10  -13  -26  -11   29   829999899998
999989999899998999989999899998999989999899998999989999899998
99998   42  130  164  102    7  -34  -20   50  115  130   69   -5
  -48  -34    6   47   64   46    9  -25   -4   45  109  15199998
999989999899998999989999899998999989999899998999989999899998
99998999989999899998  141   46  -18  -30    3   57  106  113   76
   30   13   42   68   76   63   12  -43  -23   27   87   95   73
   90  124  161  143   92   75   87  142  204999989999899998
9999899998999989999899998   13  -74 -123 -103  -47   20   84   95
   64   25   35   53   63   51    9  -53  -75  -37    7   11   -4
   29   77  111  106   67   50   62  109  162999989999899998
9999899998999989999899998  -66 -182 -250 -237 -192 -115  -42   -6
  -16  -32  -35    1   37   38   -5  -82 -147 -138  -91  -81  -89
  -35   30   68   70   33   14   30   72  112999989999899998
999989999899998999989999899998 -281 -361 -385 -342 -265 -193 -146
 -140 -148 -144  -77   -5   21  -23 -103 -188 -181 -109  -83 -105
  -43   12   41   43    6  -23   -4   37   73999989999899998
9999899998999989999899998999989999899998 -515 -451 -379 -309 -260
 -242 -246 -238 -152  -57  -15  -39 -113 -148 -107    0   54   25
    4   19   34   18  -29  -48  -30   12   41999989999899998
9999899998999989999899998999989999899998999989999899998 -358 -306
 -283 -267 -261 -180  -93  -50  -61 -125 -113  -46   65  131  120
   76   32   10  -29  -68  -80  -53   -4   32   759999899998
999989999899998999989999899998999989999899998999989999899998 -251
 -216 -195 -198 -150  -87  -60  -88 -140 -114  -57   33   99  109
   74    7  -54 -121 -159 -138  -88  -21   54  114  16999998
999989999899998999989999899998999989999899998999989999899998 -145
 -111  -93  -83  -66  -39  -35  -77 -137 -145 -103  -28   37   62
   27  -27 -107 -188 -223 -184 -106  -17   71  141  19599998
9999899998999989999899998999989999899998999989999899998 -134  -95
  -44   -4   22   27   40   26  -38 -128 -178 -158  -95  -29   11
  -11  -42 -122 -203 -235 -180  -97   -7   76  147  19299998
99998999989999899998999989999899998999989999899998 -215 -147  -89
  -19   40   78  114  130   98   11  -88 -177 -192 -146  -81  -26
  -11  -15  -71 -138 -184 -140  -78   -8   65  119  15799998
99998999989999899998999989999899998999989999899998 -212 -156  -94
  -25   46   99  161  195  167   79  -33 -132 -183 -153  -85  -20
   47   66   63   21  -39  -70  -65  -24   29   69  10399998
99998999989999899998999989999899998999989999899998 -202 -168 -106
  -36   35   99  185  243  231  160   28  -77 -142 -116  -59    5
   98  157  199  217  169   12  -73  -53  -23    89999899998
99998999989999899998999989999899998999989999899998 -214 -190 -133
  -54   25   94  198  275  283  220   77  -60 -130 -102  -54   -9
  104  206  276  322  303   55 -114  -87  -52  -28  -2099998
