tauX_total_10_2016_ano.22
 -108  -67  -29   55  111  145   99   41 -133 -303 -432 -278 -108
   73  200  244  278  302  282  219  140   78   39   429999899998
999989999899998999989999899998999989999899998999989999899998
 -125  -92  -73  -44  -19  -13  -47  -89 -209 -325 -379 -228  -80
   66  160  194  195  194  188  165   96   53   30999989999899998
999989999899998999989999899998999989999899998999989999899998
 -124 -118 -122 -148 -168 -186 -197 -211 -252 -283 -265 -146  -28
   57   89   78   61   66   89   90   56   28   24999989999899998
999989999899998999989999899998999989999899998999989999899998
 -127 -151 -167 -219 -286 -335 -326 -326 -289 -205 -143  -51   20
   33    0  -72  -94  -75  -15   13   16   1099998999989999899998
999989999899998999989999899998999989999899998999989999899998
 -149 -173 -184 -221 -278 -339 -357 -366 -287 -185  -82   -3   55
   12  -76 -176 -183 -161 -105  -37  -13   -599998999989999899998
999989999899998999989999899998999989999899998999989999899998
 -186 -181 -165 -170 -173 -201 -278 -321 -298 -228 -111  -14   65
   34  -54 -151 -177 -154 -103  -54  -44  -3899998999989999899998
999989999899998999989999899998999989999899998999989999899998
 -218 -166 -118  -68  -38  -43 -145 -242 -296 -261 -142    4  100
   88   43  -21  -73  -95  -79  -65  -61  -5799998999989999899998
999989999899998999989999899998999989999899998999989999899998
 -215 -109  -43   34   92  102   -3 -146 -245 -231 -118   64  163
  172  155  119   38  -26  -52  -61  -62  -5599998999989999899998
999989999899998999989999899998999989999899998999989999899998
 -154  -55   11   86  152  164   71  -81 -168 -168  -65  102  144
  152  160  176  111   32  -13  -46  -40  -2399998999989999899998
999989999899998999989999899998999989999899998999989999899998
  -80  -35    7   55  106  130   56  -69 -142 -135  -56  -13  -24
  -34   -5   57  103   59    6  -19    3   19   20999989999899998
999989999899998999989999899998999989999899998999989999899998
  -37  -62  -56  -28   14   52   -3  -97 -163 -157 -125 -183 -248
 -288 -252 -117   -1   43   12   15   46   68   50    19999899998
999989999899998999989999899998999989999899998999989999899998
99998 -108 -132 -103  -47   -3  -32  -91 -170 -193 -190 -319 -430
 -490 -415 -229  -64   39   40   52   92   93   51   -4  -4699998
999989999899998999989999899998999989999899998999989999899998
99998999989999899998  -91  -40  -29  -79 -160 -206 -214 -353 -483
 -523 -420 -219  -39   58   72   92  131  107   47  -26  -72  -65
    1   57   60   40    3  -32  -68  -89  -97999989999899998
9999899998999989999899998  -80  -55 -101 -159 -204 -248 -323 -400
 -383 -287 -119   39   78   88  110  137   97   26  -53 -102  -86
  -33   19   35   27    0  -40  -77 -101 -116999989999899998
9999899998999989999899998 -133 -123 -157 -205 -283 -341 -333 -320
 -247 -142  -48    2   36   64   74   94   62   -9  -83 -116 -102
  -54   -8   17   22    0  -50  -84 -109 -126999989999899998
999989999899998999989999899998 -171 -213 -304 -390 -453 -433 -349
 -240 -174 -155 -130  -77   -9   42   53   26  -41 -104 -127 -100
  -51  -11   21   32    7  -51  -83  -98 -109999989999899998
9999899998999989999899998999989999899998 -376 -470 -548 -505 -400
 -312 -270 -279 -260 -178  -70   20   34  -19  -87 -136 -148 -111
  -43    9   40   43   22  -32  -60  -62  -52999989999899998
9999899998999989999899998999989999899998999989999899998 -508 -390
 -316 -303 -357 -330 -231  -91    2   10  -81 -164 -197 -189 -136
  -49    3   12    4  -22  -42  -44  -15   15   579999899998
999989999899998999989999899998999989999899998999989999899998 -290
 -239 -282 -361 -329 -237 -108  -26  -45 -160 -251 -260 -214 -146
  -74  -51  -79 -134 -168 -128  -84  -19   43   90  12799998
999989999899998999989999899998999989999899998999989999899998 -186
 -161 -235 -320 -309 -229 -133  -85 -132 -229 -293 -270 -201 -126
 -102 -109 -171 -244 -282 -228 -139  -47   33   95  13299998
9999899998999989999899998999989999899998999989999899998 -248 -173
 -152 -186 -277 -291 -223 -153 -162 -220 -284 -307 -249 -171 -121
 -131 -155 -209 -282 -319 -272 -176  -74   23   95  14099998
99998999989999899998999989999899998999989999899998 -382 -268 -174
 -139 -176 -268 -290 -247 -195 -195 -255 -282 -272 -213 -159 -130
 -155 -174 -204 -237 -270 -241 -162  -58   33   81  11899998
99998999989999899998999989999899998999989999899998 -312 -204 -117
  -87 -134 -233 -279 -257 -198 -185 -229 -242 -216 -176 -139 -143
 -134 -125 -122 -140 -152 -132  -85   -5   47   68   7599998
99998999989999899998999989999899998999989999899998 -208 -104  -26
   -9  -54 -172 -242 -238 -170 -153 -185 -181 -154 -126 -117 -127
  -81  -46  -17   -7  -21   -9   18   54   58   389999899998
99998999989999899998999989999899998999989999899998 -106  -20   51
   56    0 -129 -200 -220 -157 -124 -139 -139 -114  -86  -80  -91
  -34   26   67   81   59   75  100   90   63   -4  -8799998
