tauX_total_12_2014_ano.22
  224  -36 -196 -281 -270 -213 -275 -364 -578 -734 -779 -578 -443
 -395 -405 -431 -568 -673 -547 -376 -240 -267 -297 -3489999899998
999989999899998999989999899998999989999899998999989999899998
  203  -36 -174 -198 -150  -65  -41  -70 -217 -373 -450 -357 -287
 -309 -342 -405 -491 -534 -467 -381 -293 -321 -352999989999899998
999989999899998999989999899998999989999899998999989999899998
  176  -11 -120  -99  -27   98  212  242  141  -18 -128 -162 -201
 -244 -277 -353 -367 -376 -368 -330 -305 -349 -409999989999899998
999989999899998999989999899998999989999899998999989999899998
  151   28  -57  -28   42  186  370  419  334  227  102  -52 -154
 -189 -265 -296 -264 -246 -272 -280 -301 -34399998999989999899998
999989999899998999989999899998999989999899998999989999899998
  120   67    6   -3   65  180  276  344  293  203  122  -33 -137
 -193 -227 -244 -232 -216 -242 -283 -309 -32299998999989999899998
999989999899998999989999899998999989999899998999989999899998
  139  108   60    9   30   82  158  166  135  128  121   43  -59
 -133 -165 -180 -232 -290 -322 -330 -304 -27999998999989999899998
999989999899998999989999899998999989999899998999989999899998
  218  167  108   42    2   16   32   35   52   84  106  117   65
  -20  -94 -172 -297 -380 -383 -341 -299 -26599998999989999899998
999989999899998999989999899998999989999899998999989999899998
  262  184  117   60   10    0  -31  -54  -32   33   94  144  138
   46  -83 -196 -321 -380 -360 -313 -266 -23499998999989999899998
999989999899998999989999899998999989999899998999989999899998
  230  153   74   22   -4  -10  -70 -143 -144  -65   55  127  126
   21 -112 -214 -270 -291 -265 -214 -176 -15199998999989999899998
999989999899998999989999899998999989999899998999989999899998
  135   62  -14  -67  -65  -32 -102 -216 -264 -185  -29   64   57
  -46 -149 -211 -195 -156 -112  -75  -61  -64  -70999989999899998
999989999899998999989999899998999989999899998999989999899998
   17  -63 -130 -157 -123  -51 -108 -232 -328 -292 -138  -41  -54
 -134 -191 -199 -122  -43   15   45   35    3  -11    39999899998
999989999899998999989999899998999989999899998999989999899998
99998 -181 -236 -220 -123  -56  -89 -190 -308 -329 -184 -130 -147
 -194 -212 -192  -92   10   84  112   88   48   30   27   1699998
999989999899998999989999899998999989999899998999989999899998
99998999989999899998 -140  -80 -116 -193 -280 -273 -173 -111 -129
 -186 -201 -173  -99    0   77  111   85   52    5  -17  -12   24
   54   70   77   75   63   63   76   99  125999989999899998
9999899998999989999899998 -135 -166 -229 -259 -235 -158  -93  -98
 -147 -190 -182 -128  -65   -4   40   18  -61 -123 -119  -70   -3
   70   98   90   70   55   51   63   84  107999989999899998
9999899998999989999899998 -231 -243 -285 -282 -245 -177 -127 -121
 -155 -187 -210 -193 -178 -147 -120 -115 -220 -258 -219 -139  -38
   61  116  105   70   46   42   51   73   96999989999899998
999989999899998999989999899998 -355 -353 -327 -280 -240 -199 -175
 -179 -217 -265 -313 -339 -320 -289 -262 -300 -310 -261 -176  -71
   43  115  101   61   36   35   47   70   87999989999899998
9999899998999989999899998999989999899998 -366 -320 -307 -275 -235
 -218 -256 -320 -416 -459 -440 -374 -290 -255 -239 -217 -159  -78
    8   59   50   24   14   22   35   56   73999989999899998
9999899998999989999899998999989999899998999989999899998 -332 -275
 -250 -262 -334 -433 -500 -476 -366 -244 -146 -100 -100  -96  -62
  -31  -28  -26  -25  -21   -6   11   31   55   759999899998
999989999899998999989999899998999989999899998999989999899998 -229
 -188 -202 -280 -389 -466 -432 -317 -166  -21   42   23  -17  -38
  -71  -76  -52  -33  -30  -24  -12    9   35   52   7399998
999989999899998999989999899998999989999899998999989999899998 -150
 -101 -114 -181 -305 -390 -359 -251 -106   46  114   85    8  -54
  -75  -58  -14   23   31   11    2    7   21   39   5299998
9999899998999989999899998999989999899998999989999899998 -199 -149
 -104  -80  -98 -204 -302 -288 -206  -86   28   76   29  -48  -89
  -75  -28   44   97   95   62   32   24   21   24   3199998
99998999989999899998999989999899998999989999899998 -254 -214 -199
 -172 -146 -135 -183 -257 -268 -221 -129  -61  -28  -69 -128 -151
  -84   -1   89  137  130   88   56   44   28   12    599998
99998999989999899998999989999899998999989999899998 -158 -215 -250
 -279 -290 -283 -282 -299 -313 -267 -181 -135 -121 -151 -179 -186
 -111    6   98  133  118   87   63   49   27    4  -1799998
99998999989999899998999989999899998999989999899998  -81 -223 -309
 -391 -468 -512 -517 -430 -375 -281 -207 -173 -164 -177 -197 -202
 -139  -16   67   95   71   59   55   43   21   -79999899998
99998999989999899998999989999899998999989999899998  -29 -246 -367
 -487 -636 -767 -804 -580 -412 -274 -191 -166 -167 -170 -184 -185
 -164  -71   19   30    6   29   44   35   19  -18  -5999998
