tauX_total_10_2017_ano.22
 -551 -520 -475 -339 -182  -17   92  153  128   36  -70   -8   70
  112   90   12 -114 -195 -189 -156 -106  -88  -87 -1169999899998
999989999899998999989999899998999989999899998999989999899998
 -448 -457 -433 -333 -199  -58   62  133   89  -15 -134  -95  -18
   37   33  -29 -129 -189 -172 -116  -64  -47  -42999989999899998
999989999899998999989999899998999989999899998999989999899998
 -315 -359 -348 -286 -200  -91   34  115   52  -70 -195 -177 -104
  -35  -10  -57 -136 -176 -134  -79  -25   -5    6999989999899998
999989999899998999989999899998999989999899998999989999899998
 -211 -250 -248 -217 -173 -103   16   76   -4 -124 -238 -227 -162
  -77  -45  -83 -139 -150  -92  -39   -6   1599998999989999899998
999989999899998999989999899998999989999899998999989999899998
 -151 -164 -163 -156 -129 -102  -29  -12  -89 -196 -296 -274 -194
  -96  -66 -103 -129 -112  -57  -15  -12  -1099998999989999899998
999989999899998999989999899998999989999899998999989999899998
 -140 -124 -110  -98  -99  -94  -99 -145 -218 -315 -380 -319 -220
 -124  -90 -121 -118  -91  -44  -15  -22  -3799998999989999899998
999989999899998999989999899998999989999899998999989999899998
 -185 -142 -114  -94  -81  -79 -162 -251 -334 -414 -463 -387 -262
 -177 -140 -157 -130  -86  -37  -12  -15  -3599998999989999899998
999989999899998999989999899998999989999899998999989999899998
 -271 -224 -179 -135  -86  -73 -159 -254 -362 -450 -492 -444 -335
 -259 -213 -190 -141  -87  -28    9    7   -799998999989999899998
999989999899998999989999899998999989999899998999989999899998
 -351 -316 -262 -186 -104  -55  -89 -175 -305 -416 -470 -454 -401
 -324 -245 -177 -116  -63  -13   19   27   2799998999989999899998
999989999899998999989999899998999989999899998999989999899998
 -414 -377 -320 -222 -111  -25    1  -57 -185 -332 -420 -460 -443
 -348 -224 -129  -62  -15    4    5   17   24   28999989999899998
999989999899998999989999899998999989999899998999989999899998
 -478 -423 -362 -247 -118  -33   10   -5 -105 -266 -394 -467 -455
 -333 -202 -107  -39   20   28   18   34   40   26   -49999899998
999989999899998999989999899998999989999899998999989999899998
99998 -445 -376 -260 -167 -109  -64  -60 -140 -269 -400 -472 -434
 -304 -198 -155  -90  -16   38   77  103   79   52   30   2799998
999989999899998999989999899998999989999899998999989999899998
99998999989999899998 -232 -211 -182 -167 -211 -310 -428 -448 -375
 -272 -241 -257 -235 -168  -26   77   62   37   20   23    3   32
   68   89   76   31  -21  -42  -38    5   65999989999899998
9999899998999989999899998 -328 -281 -246 -264 -326 -401 -374 -283
 -241 -260 -340 -358 -313 -168  -94  -94 -120 -119  -88  -60  -33
   20   46   41    7  -35  -58  -51  -18   23999989999899998
9999899998999989999899998 -443 -347 -285 -266 -294 -358 -308 -229
 -212 -270 -366 -404 -390 -330 -297 -311 -329 -277 -188 -124 -101
  -50   -8    0  -19  -53  -75  -68  -38   -6999989999899998
999989999899998999989999899998 -352 -276 -241 -266 -316 -295 -266
 -255 -296 -348 -377 -384 -423 -472 -534 -503 -376 -218 -117  -89
  -93  -66  -50  -46  -67  -83  -77  -46   -4999989999899998
9999899998999989999899998999989999899998 -215 -255 -290 -347 -372
 -359 -339 -331 -313 -309 -421 -604 -701 -591 -400 -173  -12  -25
  -78 -114 -103  -87  -81  -81  -68  -29    9999989999899998
9999899998999989999899998999989999899998999989999899998 -392 -451
 -455 -405 -321 -243 -209 -345 -574 -710 -578 -326  -60  103   61
  -54 -155 -159 -146 -119  -82  -48  -12   23   669999899998
999989999899998999989999899998999989999899998999989999899998 -452
 -478 -426 -303 -191 -144 -269 -446 -595 -474 -256  -21  103   88
  -68 -177 -196 -189 -151  -89  -39   -9   27   67  10399998
999989999899998999989999899998999989999899998999989999899998 -375
 -414 -370 -271 -136  -90 -177 -325 -431 -409 -299 -134  -20  -25
 -128 -189 -205 -194 -147  -83  -33   -5   32   73  10499998
9999899998999989999899998999989999899998999989999899998 -207 -296
 -337 -319 -245 -124  -69  -95 -194 -318 -400 -372 -264 -197 -193
 -205 -206 -200 -172 -117  -55  -12   16   52   92  12099998
99998999989999899998999989999899998999989999899998 -186 -241 -271
 -285 -292 -266 -181 -109  -96 -152 -269 -360 -391 -367 -350 -349
 -328 -252 -164 -111  -66  -20   13   47   79  108  13399998
99998999989999899998999989999899998999989999899998 -244 -255 -244
 -246 -253 -268 -256 -193 -166 -200 -280 -364 -413 -455 -506 -536
 -454 -317 -152  -27   15   20   31   61   79   98  11899998
99998999989999899998999989999899998999989999899998 -277 -223 -182
 -178 -187 -231 -287 -322 -289 -280 -330 -393 -452 -554 -658 -706
 -570 -382 -160   15   78   56   32   40   49   539999899998
99998999989999899998999989999899998999989999899998 -288 -160  -84
  -54  -75 -152 -277 -456 -422 -330 -359 -415 -489 -639 -771 -834
 -654 -423 -160   41  123   77   24   14   11    2  -2199998
