tauX_total_06_2016_ano.22
  259  139   38  -51 -103 -128 -111 -101 -166 -232 -294 -289 -258
 -191 -119  -64  -98 -127  -50   29  110   69   34  -289999899998
999989999899998999989999899998999989999899998999989999899998
  168   55  -41 -115 -142 -125  -64  -32  -76 -126 -169 -169 -139
  -76   -9   26   -4  -28  -14    4   31   -3  -30999989999899998
999989999899998999989999899998999989999899998999989999899998
  107   -7  -89 -141 -158  -99   -3   54   29  -18  -48  -38  -17
   45  105  125  102   64   17   -9  -33  -68 -113999989999899998
999989999899998999989999899998999989999899998999989999899998
   36  -60 -118 -134 -117  -49   53   87   60   30   23   49   63
  114  153  176  169  128   52   -9  -51  -9199998999989999899998
999989999899998999989999899998999989999899998999989999899998
  -67 -115 -124  -90  -25   25   48   31  -16  -27    4   46   70
   89  112  134  141  125   74   19  -27  -6299998999989999899998
999989999899998999989999899998999989999899998999989999899998
 -183 -148 -101  -26   54  107   37  -22  -65  -66  -27   24   73
   70   75   87   90   75   53   35   29   2799998999989999899998
999989999899998999989999899998999989999899998999989999899998
 -311 -188  -94    6  100  156   76    4  -27  -30   -4   34   94
  104   94   80   46   21   16   35   65   9899998999989999899998
999989999899998999989999899998999989999899998999989999899998
 -381 -221 -118  -12   96  144  118   74   53   33   35   69   97
  117  126  102   37  -15  -20   14   71  12299998999989999899998
999989999899998999989999899998999989999899998999989999899998
 -298 -211 -139  -55   20   68  127  136  121   87   54   65   48
   66   87  100   39  -40  -55  -16   54  10499998999989999899998
999989999899998999989999899998999989999899998999989999899998
 -130 -162 -157 -132 -105  -56   50  125  120   82   45   -2  -51
  -50   -6   33   12  -42  -55  -29   36   82   98999989999899998
999989999899998999989999899998999989999899998999989999899998
   -1 -137 -199 -233 -242 -198  -95    9   44   48    7  -82 -140
 -158 -118  -49  -28  -29  -44  -25   26   68   80   589999899998
999989999899998999989999899998999989999899998999989999899998
99998 -128 -226 -300 -311 -260 -191 -110  -37    1   -8 -103 -172
 -197 -167  -99  -32   -3  -22  -17   16   44   53   43   3899998
999989999899998999989999899998999989999899998999989999899998
99998999989999899998 -313 -254 -186 -136  -71   -7   21  -44 -122
 -158 -141  -65    2   13  -14  -29  -11   10    7    6   11   28
   54   66   91   90   95  103  121  144  158999989999899998
9999899998999989999899998 -187 -142  -83  -25    2  -27  -54 -103
 -118  -81    7   46   18  -23  -51  -49  -40  -46  -43  -32  -17
   11   35   37   32   27   45   71  105  139999989999899998
9999899998999989999899998 -102  -15   44   47  -21 -126 -196 -214
 -156  -53   32   49   20  -28  -69  -71  -84  -85  -85  -81  -72
  -35    3    7   -4  -18    1   30   72  118999989999899998
999989999899998999989999899998  161  202  119  -60 -240 -369 -378
 -252  -97    5   38   20  -36  -71  -71  -73  -51  -47  -66  -99
  -69  -24   -2   -4  -24  -20    9   53   87999989999899998
9999899998999989999899998999989999899998  184  -61 -324 -472 -461
 -307 -129    3   49   26  -40  -70  -29   33   87   89   40  -34
  -71  -47   -6   12   -7  -15    5   34   45999989999899998
9999899998999989999899998999989999899998999989999899998 -488 -447
 -284 -100   22   51    4  -59  -66    7  161  255  259  180   62
  -27  -63  -27    9    9   -4    7   20   15    59999899998
999989999899998999989999899998999989999899998999989999899998 -309
 -172  -24   66   51  -24  -85  -76   25  217  360  373  285  133
   -9  -78  -54  -26  -15   -6    2    6   10   15   1799998
999989999899998999989999899998999989999899998999989999899998 -107
  -24   53  109   43  -55 -115  -95    7  190  334  355  281  127
  -29  -90  -73  -53  -45  -31  -12    1   14   34   4899998
9999899998999989999899998999989999899998999989999899998  -62  -17
   45  112  138   59  -55 -128 -122  -26   91  169  163   92   -9
 -105 -102  -81  -71  -67  -53  -33   -7   29   67   9999998
99998999989999899998999989999899998999989999899998  -99  -37    7
   58  114  139   80  -52 -146 -141  -73  -68  -81 -129 -217 -337
 -199 -101  -77  -76  -73  -67  -58  -25   29   82  12799998
99998999989999899998999989999899998999989999899998  -26   13   41
   65   85  100   89  -20 -126 -154 -107 -190 -262 -338 -396 -408
 -265 -101  -77  -72  -73  -83  -88  -57  -10   47  10399998
99998999989999899998999989999899998999989999899998   73   71   76
   72   55   42   15   19  -22  -95 -173 -289 -350 -403 -435 -418
 -284  -93  -78  -70  -73 -106 -119  -98  -62  -169999899998
99998999989999899998999989999899998999989999899998  172  122  101
   70   29  -35  -85 -134 -115 -131 -204 -304 -368 -408 -421 -388
 -261  -39  -84  -80  -82 -120 -140 -142 -110  -70  -3599998
